008      01 AA 00 00 00 00 00 00                       1
01F      00 AB 01 00 00 00 00 00                       1
00A      00 7E 00 00 00 00 00 00                       1
009      42 87 00 00 00 00 00 00                       1
008      0C 0A 00 00 00 00 00 00                       1
008      0D 0A 00 00 00 00 00 00                       1
008      02 AA 00 00 00 00 00 00                       1
020      00 AB 02 00 00 00 00 00                       1
008      0E 0A 00 00 00 00 00 00                       1
008      0F 0A 00 00 00 00 00 00                       1
008      03 AA 00 00 00 00 00 00                       1
021      00 AB 03 00 00 00 00 00                       1
008      10 0A 00 00 00 00 00 00                       1
008      20 82 00 01 00 00 00 00                       1
008      04 AA 00 00 00 00 00 00                       1
022      00 AB 04 00 00 00 00 00                       1
008      00 83 00 00 00 00 00 00                       1
008      00 84 00 00 00 00 00 00                       1
008      00 85 00 00 00 20 20 34                       1
008      00 86 00 00 00 04 01 05                       1
008      14 0A 10 04 01 19 56 04                       1
008      01 BC 04 00 00 00 00 00                       1
008      00 01 04 00 00 04 0C 00                       1
008      01 0A 00 00 00 00 00 00                       1
008      02 0A 00 00 00 00 00 00                       1
008      03 0A 00 00 00 00 00 00                       1
008      04 0A 00 00 00 00 04 13                       1
008      05 0A 00 00 00 00 00 00                       1
008      14 0A 10 04 01 19 56 05                       1
008      06 0A 00 00 00 00 00 00                       1
008      07 0A 00 00 00 00 00 00                       1
008      08 0A 00 00 00 00 00 00                       1
008      09 0A 00 00 00 00 00 00                       1
008      0A 0A 00 00 06 19 56 05                       1
008      0B 0A 00 00 00 00 00 00                       1
00A      01 6E 01 00 00 00 00 00                       1
008      00 01 04 04 00 04 0C 00                       1
008      03 0A 01 00 00 00 00 00                       1
008      04 0A 00 00 00 01 04 13                       1
008      07 0A 01 00 00 00 00 00                       1
00A      00 6E 01 00 00 00 00 00                       1
008      09 0A 01 00 00 00 00 00                       1
008      00 01 04 03 00 04 0E 00                       1
008      14 0A 10 04 01 19 56 06                       1
008      00 BC 04 00 00 00 00 00                       1
008      00 82 00 01 00 00 00 00                       1
008      04 0A 04 00 00 01 04 13                       1
008      14 0A 10 04 01 19 56 07                       1
008      00 86 00 00 00 03 01 05                       1
008      0A 0A 00 00 06 19 56 07                       1
008      14 0A 10 04 01 19 56 08                       1
008      14 0A 10 04 01 19 56 09                       1
008      00 01 04 03 00 04 0A 00                       1
008      00 82 00 00 00 00 00 00                       1
008      00 86 00 00 00 02 01 05                       1
008      0A 0A FE 07 05 19 56 09                       1
008      00 01 04 03 00 04 02 00                       1
008      14 0A 10 04 01 19 56 10                       1
008      00 01 03 03 00 03 02 00                       1
008      04 0A 04 00 00 01 03 13                       1
008      00 85 00 00 00 20 20 33                       1
008      14 0A 10 04 01 19 56 11                       1
008      00 01 03 03 00 03 06 00                       1
008      00 BC 03 00 00 00 00 00                       1
008      0A 0A FD 42 04 19 56 11                       1
008      00 01 03 03 00 03 0E 00                       1
008      00 01 03 03 00 03 0A 00                       1
008      14 0A 10 04 01 19 56 12                       1
008      14 0A 10 04 01 19 56 13                       1
008      00 85 00 00 00 20 20 32                       1
008      00 86 00 00 00 01 01 05                       1
008      00 01 02 03 00 02 02 00                       1
008      04 0A 04 00 00 01 02 13                       1
008      00 BC 02 00 00 00 00 00                       1
008      0A 0A FD 40 03 19 56 13                       1
008      00 01 02 03 00 02 06 00                       1
008      00 01 02 03 00 02 0E 00                       1
008      14 0A 10 04 01 19 56 14                       1
008      00 01 02 03 00 02 0A 00                       1
008      14 0A 10 04 01 19 56 15                       1
008      0A 0A FD 44 01 19 56 15                       1
008      00 01 01 03 00 01 02 00                       1
008      04 0A 04 00 00 01 01 13                       1
008      00 85 00 00 00 20 20 31                       1
008      00 01 01 03 00 01 06 00                       1
008      02 82 00 00 00 00 00 00                       1
008      00 01 01 03 00 01 56 00                       1
008      04 0A 05 00 00 01 01 13                       1
008      14 0A 10 04 01 19 56 17                       1
008      00 BC 01 00 00 00 00 00                       1
008      00 01 01 03 00 01 46 00                       1
008      02 82 00 01 00 00 00 00                       1
008      00 01 01 03 00 01 4E 00                       1
008      00 01 01 03 00 01 5E 00                       1
008      0A 0A FF BF 00 19 56 18                       1
008      04 0A 05 00 00 00 01 13                       1
008      00 01 01 04 00 01 0E 00                       1
008      04 0A 04 00 00 00 01 13                       1
008      00 01 01 04 00 01 1E 00                       1
008      00 01 01 01 00 01 1C 00                       1
008      00 01 01 01 00 01 0C 00                       1
008      14 0A 10 04 01 19 56 19                       1
008      10 82 00 01 00 00 00 00                       1
008      00 01 01 09 00 01 0C 00                       1
008      04 0A 04 20 00 00 01 13                       1
008      00 01 01 09 00 01 1C 00                       1
009      43 87 00 00 00 00 00 00                       1
008      00 86 00 00 00 01 01 01                       1
008      00 86 00 00 00 01 01 00                       1
008      14 0A 10 04 01 19 56 20                       1
009      41 87 00 00 00 00 00 00                       1
008      00 86 00 00 00 01 01 02                       1
008      01 BC 01 00 00 00 00 00                       1
008      0A 0A 00 00 00 19 56 20                       1
008      14 0A 10 04 01 19 56 21                       1
008      14 0A 10 04 01 19 56 22                       1
008      0A 0A 00 00 00 19 56 22                       1
008      08 82 00 01 00 00 00 00                       1
008      00 01 01 11 00 01 1C 00                       1
008      00 01 01 11 00 01 0C 00                       1
008      04 0A 04 40 00 00 01 13                       1
008      00 01 01 10 00 01 0C 00                       1
008      00 01 01 00 00 01 0C 00                       1
008      14 0A 10 04 01 19 56 24                       1
