00 00 00            30
03 0C 00            5
03 00 00            5
04 00 00            4
04 03 17            4
01 00 00            3
00 01 05            3
03 1C 00            3
02 00 00            2
01 0C 00            2
04 01 17            2
00 48 19            1
10 48 18            1
03 1D 00            1
03 0D 00            1
00 48 17            1
03 5D 00            1
03 4D 00            1
03 49 00            1
05 03 17            1
03 59 00            1
10 48 16            1
03 09 00            1
10 48 19            1
00 01 01            1
00 01 00            1
10 48 14            1
00 01 02            1
10 48 21            1
00 48 22            1
10 48 23            1
10 48 24            1
00 48 24            1
10 48 25            1
00 48 26            1
10 48 27            1
00 48 27            1
10 48 28            1
00 48 09            1
00 48 00            1
00 20 31            1
10 48 01            1
00 48 02            1
10 48 02            1
10 48 03            1
00 48 03            1
10 48 04            1
10 48 05            1
00 48 05            1
10 48 06            1
00 48 07            1
10 48 08            1
01 0D 00            1
03 01 00            1
10 48 10            1
00 48 11            1
01 05 00            1
10 48 12            1
01 01 00            1
00 20 32            1
02 01 00            1
04 02 17            1
02 48 13            1
02 09 00            1
02 0D 00            1
02 05 00            1
02 48 15            1
00 20 33            1
