740      1D 00 48 FF 00 FF 00 
740      1D 00 47 00 07 6A 00 00 
600      1D 00 40 6A 00 00 00 
500      1D 00 40 6A 00 00 00 
749      0D 00 AE 03 35 00 
748      0D 00 AE 03 35 00 
749      0D 00 AE 04 00 00 
748      0D 00 AE 04 00 00 
749      0D 00 AE 05 00 00 
748      0D 00 AE 05 00 00 
100      1D 00 73 FF 08 DF 
742      1D 00 50 FF 08 
781      11 00 50 0D 0C F1 
180      15 00 20 20 20 B3 
180      15 00 36 01 01 B4 
249      0D 00 AE 10 
200      15 00 01 08 08 
200      19 00 01 08 08 
749      05 00 AE 40 02 00 00 
180      15 00 20 20 00 B5 
749      09 00 AE 40 02 00 00 
180      15 00 36 01 00 B6 
740      1D 00 48 FF 00 FF 01 
749      0D 00 AE 05 00 01 
748      0D 00 AE 05 00 01 
100      1D 00 71 FF 02 E0 
740      1D 00 47 20 07 6A 00 00 
600      1D 00 40 6A 00 00 20 
500      1D 00 40 6A 00 00 20 
749      0D 00 AE 04 02 00 
748      0D 00 AE 04 02 00 
741      1D 00 42 
100      1D 00 E9 01 00 E1 
180      15 00 20 10 10 B7 
180      15 00 36 01 01 B8 
180      15 00 20 10 00 B9 
180      15 00 36 01 00 BA 
180      15 00 20 08 08 BB 
180      15 00 36 01 01 BC 
180      15 00 20 08 00 BD 
180      15 00 36 01 00 BE 
180      15 00 20 04 04 BF 
180      15 00 36 01 01 C0 
180      15 00 20 04 00 C1 
180      15 00 36 01 00 C2 
100      15 00 60 20 00 E2 
200      15 06 01 08 08 
749      05 06 AE 40 02 00 00 
24A      0D 00 AE 0B 06 00 
748      0D 00 AE 0B 06 00 
749      0D 00 AE 0B 06 00 
100      1D 00 71 FF 42 E3 
740      1D 00 47 21 06 68 00 00 
600      1D 00 40 68 00 00 20 
500      1D 00 40 68 00 00 20 
749      0D 00 AE 03 34 00 
748      0D 00 AE 03 34 00 
249      0D 00 AE 0D 42 15 00 00 
249      0D 00 AE 31 F6 08 00 00 
100      1D 00 73 FF 08 E4 
100      1D 00 E9 01 01 E5 
180      14 00 34 08 E0 C3 
180      14 00 34 08 E8 C4 
180      14 00 34 08 E0 C5 
180      14 00 34 08 E8 C6 
180      14 00 34 08 E0 C7 
100      1D 00 73 FF 04 E6 
742      1D 00 20 FF 04 
180      14 00 34 08 E8 C8 
180      14 00 34 08 E0 C9 
180      14 00 34 08 E8 CA 
741      1D 00 40 0A FC 
741      1D 00 41 
781      11 00 50 0C 0C 76 
781      11 00 50 0B 0B 7F 
781      11 00 FA 04 
180      15 00 32 01 31 CB 
781      11 00 50 0A 0A 0A 
740      1D 00 47 20 06 68 00 00 
100      1D 00 73 FF 04 E7 
742      1D 00 50 FF 04 
781      11 00 50 0C 0B FA 
100      1D 00 73 FF 08 E8 
742      1D 00 20 FF 08 
180      15 00 32 01 30 CC 
100      1D 00 73 FF 08 E9 
200      15 06 01 08 00 
749      05 06 AE 40 00 00 00 
100      1D 00 71 FF 02 EA 
100      1D 00 E9 01 00 EB 
100      1D 00 73 FF 08 EC 
740      1D 00 47 21 05 66 00 00 
600      1D 00 40 66 00 00 20 
500      1D 00 40 66 00 00 20 
749      0D 00 AE 03 33 00 
748      0D 00 AE 03 33 00 
100      15 00 60 10 00 ED 
200      15 05 01 08 08 
749      05 05 AE 40 02 00 00 
24A      0D 00 AE 0B 05 00 
748      0D 00 AE 0B 05 00 
749      0D 00 AE 0B 05 00 
100      1D 00 71 FF 42 EE 
100      1D 00 E9 01 01 EF 
180      14 00 34 08 E0 CD 
180      14 00 34 08 E8 CE 
180      14 00 34 08 E0 CF 
180      14 00 34 08 E8 D0 
180      14 00 34 08 E0 D1 
100      1D 00 73 FF 04 F0 
741      1D 00 40 09 9E 
180      14 00 34 08 E8 D2 
100      1D 00 73 FF 04 F1 
781      11 00 50 0B 0B 03 
180      15 00 32 01 31 D3 
100      1D 00 73 FF 08 F2 
740      1D 00 47 20 05 66 00 00 
100      1D 00 73 FF 08 F3 
180      15 00 32 01 30 D4 
283      15 03 00 01 01 03 
283      15 03 00 01 00 03 
781      11 00 50 0D 0D 6B 
781      11 00 50 0E 0D E6 
249      0D 00 AE 0D FF FF 00 00 
100      1D 00 71 FF 02 F4 
200      15 05 01 08 00 
749      05 05 AE 40 00 00 00 
100      1D 00 E9 01 00 F5 
100      1D 00 73 FF 08 F6 
740      1D 00 47 21 04 64 00 00 
600      1D 00 40 64 00 00 20 
500      1D 00 40 64 00 00 20 
749      0D 00 AE 03 32 00 
748      0D 00 AE 03 32 00 
100      15 00 60 08 00 F7 
200      15 04 01 08 08 
749      05 04 AE 40 02 00 00 
24A      0D 00 AE 0B 04 00 
748      0D 00 AE 0B 04 00 
749      0D 00 AE 0B 04 00 
100      1D 00 71 FF 42 F8 
100      1D 00 E9 01 01 F9 
180      14 00 34 08 E0 D5 
180      14 00 34 08 E8 D6 
180      14 00 34 08 E0 D7 
180      14 00 34 08 E8 D8 
100      1D 00 73 FF 04 FA 
100      1D 00 73 FF 04 FB 
180      14 00 34 08 E0 D9 
741      1D 00 40 08 40 
180      14 00 34 08 E8 DA 
781      11 00 50 0B 0B 57 
781      11 00 50 0B 0B D3 
180      15 00 32 01 31 DB 
740      1D 00 47 20 04 64 00 00 
100      1D 00 73 FF 04 FC 
100      1D 00 73 FF 08 FD 
180      15 00 32 01 30 DC 
100      1D 00 73 FF 08 FE 
200      15 04 01 08 00 
749      05 04 AE 40 00 00 00 
100      1D 00 71 FF 02 FF 
100      1D 00 E9 01 00 00 
740      1D 00 47 21 03 D8 00 00 
600      1D 00 40 D8 00 00 20 
500      1D 00 40 D8 00 00 20 
749      0D 00 AE 03 6C 00 
748      0D 00 AE 03 6C 00 
100      15 00 60 04 00 01 
200      15 03 01 01 00 
200      15 03 01 04 04 
749      05 03 AE 40 01 00 00 
24A      0D 00 AE 0B 03 00 
748      0D 00 AE 0B 03 00 
749      0D 00 AE 0B 03 00 
200      15 00 01 08 00 
749      05 00 AE 40 00 00 00 
749      09 00 AE 40 00 00 00 
749      05 00 AE 40 01 00 00 
200      19 00 01 08 00 
200      15 00 01 04 04 
200      19 00 01 04 04 
740      1D 00 48 FF 00 FF 02 
749      0D 00 AE 05 00 02 
748      0D 00 AE 05 00 02 
100      1D 00 71 FF 50 02 
740      1D 00 47 11 03 D8 00 00 
600      1D 00 40 D8 00 00 10 
500      1D 00 40 D8 00 00 10 
749      0D 00 AE 04 01 00 
748      0D 00 AE 04 01 00 
749      09 00 AE 40 01 00 00 
100      1D 00 73 FF 08 03 
100      1D 00 E9 01 01 04 
180      14 00 34 08 E0 DD 
180      14 00 34 08 E8 DE 
180      14 00 34 08 E0 DF 
180      14 00 34 08 E8 E0 
100      1D 00 73 FF 04 05 
180      14 00 34 08 E0 E1 
741      1D 00 40 05 88 
180      14 00 34 08 E8 E2 
100      1D 00 73 FF 04 06 
781      11 00 50 0B 0D 7A 
180      15 00 32 01 31 E3 
781      11 00 50 0B 0C FE 
249      0D 00 AE 0D 43 15 00 00 
180      15 00 32 10 21 E4 
180      15 00 32 10 31 E5 
740      1D 00 47 10 03 D8 00 00 
100      1D 00 73 FF 04 07 
781      11 00 50 13 15 0F 
180      15 00 32 10 21 E6 
781      11 00 50 14 16 73 
180      15 00 32 10 31 E7 
781      11 00 50 12 13 A9 
100      1D 00 73 FF 08 08 
781      11 00 50 12 14 21 
180      15 00 32 10 21 E8 
180      15 00 32 01 20 E9 
100      1D 00 73 FF 04 09 
781      11 00 50 0D 0E EC 
100      1D 00 73 FF 04 0A 
180      15 00 32 01 21 EA 
781      11 00 50 0D 0F 67 
180      15 00 32 10 31 EB 
781      11 00 50 0E 0F E1 
100      1D 00 73 FF 08 0B 
180      15 00 32 01 30 EC 
100      1D 00 73 FF 08 0C 
100      1D 00 71 FF 10 0D 
200      15 03 01 04 00 
749      05 03 AE 40 00 00 00 
200      15 00 01 04 00 
200      19 00 01 04 00 
100      1D 00 71 FF 00 0E 
740      1D 00 47 00 03 D8 00 00 
600      1D 00 40 D8 00 00 00 
500      1D 00 40 D8 00 00 00 
100      1D 00 73 FF 08 0F 
100      1D 00 73 FF 08 10 
781      11 00 50 0C 0E 71 
100      1D 00 73 FF 08 11 
