781      11 00 50 0B 0B 03 
249      0D 00 AE 10 
740      1D 00 48 FF 00 FF 00 
740      1D 00 47 00 05 66 00 00 
600      1D 00 40 66 00 00 00 
500      1D 00 40 66 00 00 00 
749      0D 00 AE 03 33 00 
748      0D 00 AE 03 33 00 
749      0D 00 AE 04 00 00 
748      0D 00 AE 04 00 00 
749      0D 00 AE 05 00 00 
748      0D 00 AE 05 00 00 
100      1D 00 73 FF 08 D1 
742      1D 00 50 FF 08 
781      11 00 50 0C 0B FA 
781      11 00 FA 04 
781      11 00 50 0D 0D 6B 
100      1D 00 73 FF 08 D2 
249      0D 00 AE 0D FF FF 00 00 
100      1D 00 73 FF 08 D3 
200      15 00 01 08 08 
200      19 00 01 08 08 
749      05 00 AE 40 02 00 00 
749      09 00 AE 40 02 00 00 
740      1D 00 48 FF 00 FF 01 
749      0D 00 AE 05 00 01 
748      0D 00 AE 05 00 01 
100      1D 00 71 FF 02 D4 
740      1D 00 47 20 05 66 00 00 
600      1D 00 40 66 00 00 20 
500      1D 00 40 66 00 00 20 
749      0D 00 AE 04 02 00 
748      0D 00 AE 04 02 00 
741      1D 00 42 
100      1D 00 E9 01 00 D5 
