249      0D 00 AE 10 
740      1D 00 48 FF 00 FF 00 
740      1D 00 47 00 03 D8 00 00 
600      1D 00 40 D8 00 00 00 
500      1D 00 40 D8 00 00 00 
749      0D 00 AE 03 6C 00 
748      0D 00 AE 03 6C 00 
749      0D 00 AE 04 00 00 
748      0D 00 AE 04 00 00 
749      0D 00 AE 05 00 00 
748      0D 00 AE 05 00 00 
100      1D 00 73 FF 08 81 
742      1D 00 50 FF 08 
781      11 00 50 0A 0B 88 
180      15 00 20 08 08 D3 
180      15 00 36 01 01 D4 
200      15 00 01 04 04 
180      15 00 20 08 00 D5 
180      15 00 36 01 00 D6 
200      19 00 01 04 04 
749      05 00 AE 40 01 00 00 
749      09 00 AE 40 01 00 00 
740      1D 00 48 FF 00 FF 02 
749      0D 00 AE 05 00 02 
748      0D 00 AE 05 00 02 
100      1D 00 71 FF 10 82 
740      1D 00 47 10 03 D8 00 00 
600      1D 00 40 D8 00 00 10 
500      1D 00 40 D8 00 00 10 
749      0D 00 AE 04 01 00 
748      0D 00 AE 04 01 00 
741      1D 00 42 
100      1D 00 E9 01 00 83 
1C0      15 00 22 20 20 
1C0      15 00 22 20 00 
740      1D 00 47 11 03 D8 00 00 
100      1D 00 73 FF 08 84 
740      1D 00 47 11 04 64 00 00 
600      1D 00 40 64 00 00 10 
500      1D 00 40 64 00 00 10 
749      0D 00 AE 03 32 00 
748      0D 00 AE 03 32 00 
100      15 00 60 08 00 85 
200      15 04 01 04 04 
749      05 04 AE 40 01 00 00 
24A      0D 00 AE 0B 04 00 
748      0D 00 AE 0B 04 00 
749      0D 00 AE 0B 04 00 
100      1D 00 71 FF 90 86 
100      1D 00 E9 01 01 87 
180      14 00 34 08 E0 D7 
180      14 00 34 08 E8 D8 
100      1D 00 73 FF 04 88 
742      1D 00 20 FF 04 
180      14 00 34 08 E0 D9 
180      14 00 34 08 E8 DA 
100      1D 00 73 FF 04 89 
742      1D 00 50 FF 04 
741      1D 00 40 08 38 
741      1D 00 41 
781      11 00 50 08 08 6C 
781      11 00 50 0A 09 E5 
180      15 00 32 01 31 DB 
249      0D 00 AE 0D FF FF 00 00 
740      1D 00 47 10 04 64 00 00 
100      1D 00 73 FF 04 8A 
100      1D 00 73 FF 08 8B 
742      1D 00 20 FF 08 
180      15 00 32 01 30 DC 
781      11 00 50 08 07 EE 
100      1D 00 73 FF 08 8C 
200      15 04 01 04 00 
749      05 04 AE 40 00 00 00 
100      1D 00 71 FF 10 8D 
100      1D 00 E9 01 00 8E 
740      1D 00 47 11 05 66 00 00 
600      1D 00 40 66 00 00 10 
500      1D 00 40 66 00 00 10 
749      0D 00 AE 03 33 00 
748      0D 00 AE 03 33 00 
740      1D 00 47 11 06 68 00 00 
600      1D 00 40 68 00 00 10 
500      1D 00 40 68 00 00 10 
749      0D 00 AE 03 34 00 
748      0D 00 AE 03 34 00 
100      1D 00 73 FF 08 8F 
740      1D 00 47 11 07 6A 00 00 
600      1D 00 40 6A 00 00 10 
500      1D 00 40 6A 00 00 10 
749      0D 00 AE 03 35 00 
748      0D 00 AE 03 35 00 
740      1D 00 47 11 08 6C 00 00 
600      1D 00 40 6C 00 00 10 
500      1D 00 40 6C 00 00 10 
749      0D 00 AE 03 36 00 
748      0D 00 AE 03 36 00 
740      1D 00 47 11 09 6E 00 00 
600      1D 00 40 6E 00 00 10 
500      1D 00 40 6E 00 00 10 
749      0D 00 AE 03 37 00 
748      0D 00 AE 03 37 00 
100      1D 00 73 FF 08 90 
740      1D 00 47 11 0A 70 00 00 
600      1D 00 40 70 00 00 10 
500      1D 00 40 70 00 00 10 
749      0D 00 AE 03 38 00 
748      0D 00 AE 03 38 00 
740      1D 00 47 11 0B 72 00 00 
600      1D 00 40 72 00 00 10 
500      1D 00 40 72 00 00 10 
749      0D 00 AE 03 39 00 
748      0D 00 AE 03 39 00 
740      1D 00 47 11 0C 9E D8 00 
600      1D 00 40 9E D8 00 10 
500      1D 00 40 9E D8 00 10 
749      0D 00 AE 03 4F 6C 
748      0D 00 AE 03 4F 6C 
740      1D 00 47 11 0D D8 D8 00 
600      1D 00 40 D8 D8 00 10 
500      1D 00 40 D8 D8 00 10 
749      0D 00 AE 03 6C 6C 
748      0D 00 AE 03 6C 6C 
100      1D 00 73 FF 08 91 
740      1D 00 47 11 0E 64 D8 00 
600      1D 00 40 64 D8 00 10 
500      1D 00 40 64 D8 00 10 
749      0D 00 AE 03 32 6C 
748      0D 00 AE 03 32 6C 
740      1D 00 47 11 0F 66 D8 00 
600      1D 00 40 66 D8 00 10 
500      1D 00 40 66 D8 00 10 
749      0D 00 AE 03 33 6C 
748      0D 00 AE 03 33 6C 
740      1D 00 47 11 10 68 D8 00 
600      1D 00 40 68 D8 00 10 
500      1D 00 40 68 D8 00 10 
749      0D 00 AE 03 34 6C 
748      0D 00 AE 03 34 6C 
100      1D 00 73 FF 08 92 
740      1D 00 47 11 11 6A D8 00 
600      1D 00 40 6A D8 00 10 
500      1D 00 40 6A D8 00 10 
749      0D 00 AE 03 35 6C 
748      0D 00 AE 03 35 6C 
740      1D 00 47 11 12 6C D8 00 
600      1D 00 40 6C D8 00 10 
500      1D 00 40 6C D8 00 10 
749      0D 00 AE 03 36 6C 
748      0D 00 AE 03 36 6C 
249      0D 00 AE 0D 32 15 00 00 
249      0D 00 AE 31 F6 08 00 00 
740      1D 00 47 11 13 6E D8 00 
600      1D 00 40 6E D8 00 10 
500      1D 00 40 6E D8 00 10 
749      0D 00 AE 03 37 6C 
748      0D 00 AE 03 37 6C 
740      1D 00 47 11 14 70 D8 00 
600      1D 00 40 70 D8 00 10 
500      1D 00 40 70 D8 00 10 
749      0D 00 AE 03 38 6C 
748      0D 00 AE 03 38 6C 
100      1D 00 73 FF 08 93 
740      1D 00 47 11 15 72 D8 00 
600      1D 00 40 72 D8 00 10 
500      1D 00 40 72 D8 00 10 
749      0D 00 AE 03 39 6C 
748      0D 00 AE 03 39 6C 
740      1D 00 47 11 16 9E 64 00 
600      1D 00 40 9E 64 00 10 
500      1D 00 40 9E 64 00 10 
749      0D 00 AE 03 4F 32 
748      0D 00 AE 03 4F 32 
100      15 00 62 20 00 94 
24A      0D 00 AE 0B 16 00 
748      0D 00 AE 0B 16 00 
749      0D 00 AE 0B 16 00 
200      15 00 01 04 00 
200      19 00 01 04 00 
749      05 00 AE 40 00 00 00 
749      09 00 AE 40 00 00 00 
100      1D 00 71 FF 00 95 
740      1D 00 47 01 16 9E 64 00 
600      1D 00 40 9E 64 00 00 
500      1D 00 40 9E 64 00 00 
100      1D 00 73 FF 08 96 
100      1D 00 E9 01 01 97 
180      14 00 34 08 E0 DD 
180      14 00 34 08 E8 DE 
180      14 00 34 08 E0 DF 
180      14 00 34 08 E8 E0 
180      14 00 34 08 E0 E1 
180      14 00 34 08 E8 E2 
100      1D 00 73 FF 04 98 
180      14 00 34 08 E0 E3 
180      14 00 34 08 E8 E4 
741      1D 00 40 20 CB 
781      11 00 50 09 08 91 
180      15 00 32 01 31 E5 
740      1D 00 47 00 16 9E 64 00 
100      1D 00 73 FF 04 99 
100      1D 00 73 FF 08 9A 
781      11 00 50 0A 09 8C 
180      15 00 32 01 30 E6 
781      11 00 50 0C 0B FA 
781      11 00 50 0C 0C 76 
781      11 00 50 0B 0A 86 
100      1D 00 73 FF 08 9B 
781      11 00 50 09 09 0F 
781      11 00 FA 04 
100      1D 00 73 FF 08 9C 
