008      08 0A 00 00 00 00 00 00 
009      42 87 00 00 00 00 00 00 
008      09 0A 00 00 00 00 00 00 
00A      00 7E 00 00 00 00 00 00 
008      01 BC 03 00 00 00 00 00 
008      0A 0A 00 00 04 19 34 23 
008      0B 0A 00 00 00 00 00 00 
008      04 AA 00 00 00 00 00 00 
022      00 AB 04 00 00 00 00 00 
008      0C 0A 00 00 00 00 00 00 
008      0D 0A 00 00 00 00 00 00 
008      01 AA 00 00 00 00 00 00 
01F      00 AB 01 00 00 00 00 00 
008      0E 0A 00 00 00 00 00 00 
008      0F 0A 00 00 00 00 00 00 
008      02 AA 00 00 00 00 00 00 
020      00 AB 02 00 00 00 00 00 
008      10 0A 00 00 00 00 00 00 
008      00 82 00 01 00 00 00 00 
008      03 AA 00 00 00 00 00 00 
021      00 AB 03 00 00 00 00 00 
008      00 83 00 00 00 00 00 00 
008      00 84 00 00 00 00 00 00 
008      00 85 00 00 00 20 20 33 
008      00 86 00 00 00 03 01 05 
008      14 0A 10 04 01 19 34 24 
008      00 01 03 00 00 03 0C 00 
008      01 0A 00 00 00 00 00 00 
008      02 0A 00 00 00 00 00 00 
008      03 0A 00 00 00 00 00 00 
008      04 0A 04 00 00 00 03 13 
008      05 0A 00 00 00 00 00 00 
008      14 0A 10 04 01 19 34 25 
008      06 0A 00 00 00 00 00 00 
008      07 0A 00 00 00 00 00 00 
008      0A 0A 00 00 04 19 34 25 
008      14 0A 10 04 01 19 34 26 
008      14 0A 10 04 01 19 34 27 
008      0A 0A 00 00 04 19 34 27 
008      14 0A 10 04 01 19 34 28 
008      0A 0A 00 00 04 19 34 29 
008      14 0A 10 04 01 19 34 30 
008      0A 0A 00 00 04 19 34 30 
008      14 0A 10 04 01 19 34 31 
008      14 0A 10 04 01 19 34 32 
008      0A 0A 00 00 04 19 34 32 
008      0A 0A 00 00 04 19 34 32       0A 0A 00 00 04 19 34 32 
