008      00 82 00 01 00 00 00 00 
00A      00 7E 00 00 00 00 00 00 
009      42 87 00 00 00 00 00 00 
008      04 AA 00 00 00 00 00 00 
022      00 AB 04 00 00 00 00 00 
008      00 83 00 00 00 00 00 00 
008      00 84 00 00 00 00 00 00 
008      01 AA 00 00 00 00 00 00 
01F      00 AB 01 00 00 00 00 00 
008      00 85 00 00 00 20 20 33 
008      00 86 00 00 00 03 01 05 
008      14 0A 10 11 05 22 29 31 
008      01 BC 03 00 00 00 00 00 
008      02 AA 00 00 00 00 00 00 
020      00 AB 02 00 00 00 00 00 
008      00 01 03 00 00 03 0C 00 
008      01 0A 00 00 00 00 00 00 
008      03 AA 00 00 00 00 00 00 
021      02 AB 03 00 00 00 00 00 
008      02 0A 00 00 00 00 00 00 
008      03 0A 00 00 00 00 00 00 
008      04 0A 04 00 00 00 03 25 
008      05 0A 00 00 00 00 00 00 
008      14 0A 10 11 05 22 29 32 
008      06 0A 00 00 00 00 00 00 
008      07 0A 00 00 00 00 00 00 
008      08 0A 00 00 00 00 00 00 
008      09 0A 00 00 00 00 00 00 
008      0A 0A 00 00 04 22 29 32 
008      0B 0A 00 00 00 00 00 00 
008      0C 0A 00 00 00 00 00 00 
008      0D 0A 00 00 00 00 00 00 
008      0E 0A 00 00 00 00 00 00 
008      0F 0A 00 00 00 00 00 00 
008      10 0A 00 00 00 00 00 00 
008      14 0A 10 11 05 22 29 33 
008      14 0A 10 11 05 22 29 34 
008      0A 0A 00 00 04 22 29 34 
008      14 0A 10 11 05 22 29 35 
008      0A 0A 00 00 04 22 29 36 
008      14 0A 10 11 05 22 29 37 
008      0A 0A 00 00 04 22 29 38 
008      14 0A 10 11 05 22 29 38 
008      14 0A 10 11 05 22 29 39 
008      0A 0A 00 00 04 22 29 39 
00A      01 6E 04 00 00 00 00 00 
008      03 0A 08 00 00 00 00 00 
008      00 01 03 01 00 03 0C 00 
008      04 0A 04 00 00 01 03 25 
008      07 0A 08 00 00 00 00 00 
008      09 0A 08 00 00 00 00 00 
00A      00 6E 04 00 00 00 00 00 
008      00 01 03 02 00 03 0D 00 
008      14 0A 10 11 05 22 29 40 
008      00 BC 03 00 00 00 00 00 
008      14 0A 10 11 05 22 29 41 
008      00 86 00 00 00 04 01 05 
008      0A 0A 00 00 04 22 29 41 
008      14 0A 10 11 05 22 29 42 
008      14 0A 10 11 05 22 29 43 
008      00 01 03 02 00 03 05 00 
008      00 82 00 00 00 00 00 00 
008      0A 0A 01 FE 04 22 29 43 
008      00 01 03 02 00 03 01 00 
008      14 0A 10 11 05 22 29 44 
008      00 01 04 02 00 04 01 00 
008      04 0A 04 00 00 01 04 25 
008      00 85 00 00 00 20 20 34 
008      14 0A 10 11 05 22 29 45 
008      00 01 04 02 00 04 09 00 
008      01 82 00 00 00 00 00 00 
008      00 01 04 02 00 04 A9 00 
008      04 0A 06 00 00 01 04 25 
008      00 BC 04 00 00 00 00 00 
008      0A 0A 02 20 05 22 29 45 
008      00 01 04 02 00 04 89 00 
008      01 82 00 01 00 00 00 00 
008      00 01 04 02 00 04 8D 00 
008      00 01 04 02 00 04 AD 00 
008      14 0A 10 11 05 22 29 46 
008      04 0A 06 00 00 00 04 25 
008      00 01 04 01 00 04 0D 00 
008      04 0A 04 00 00 00 04 25 
008      00 01 04 01 00 04 2D 00 
008      14 0A 10 11 05 22 29 47 
008      00 01 04 04 00 04 2C 00 
008      00 01 04 04 00 04 0C 00 
008      0A 0A 00 00 06 22 29 48 
008      10 82 00 01 00 00 00 00 
008      00 01 04 0C 00 04 0C 00 
008      00 01 04 0C 00 04 2C 00 
008      04 0A 04 20 00 00 04 25 
009      43 87 00 00 00 00 00 00 
008      00 86 00 00 00 04 01 01 
008      00 86 00 00 00 04 01 00 
009      41 87 00 00 00 00 00 00 
008      00 86 00 00 00 04 01 02 
008      14 0A 10 11 05 22 29 49 
008      01 BC 04 00 00 00 00 00 
008      14 0A 10 11 05 22 29 50 
008      0A 0A 00 00 06 22 29 50 
008      14 0A 10 11 05 22 29 51 
008      14 0A 10 11 05 22 29 52 
008      08 82 00 01 00 00 00 00 
008      00 01 04 14 00 04 0C 00 
008      04 0A 04 40 00 00 04 25 
008      00 01 04 14 00 04 2C 00 
008      00 01 04 10 00 04 0C 00 
008      00 01 04 00 00 04 0C 00 
008      0A 0A 00 00 06 22 29 53 
008      14 0A 10 11 05 22 29 53 
008      14 0A 10 11 05 22 29 54 
008      0A 0A 00 00 06 22 29 54 
008      14 0A 10 11 05 22 29 55 
008      14 0A 10 11 05 22 29 56 
008      0A 0A 00 00 06 22 29 56 
008      14 0A 10 11 05 22 29 57 
008      0A 0A 00 00 06 22 29 58 
008      14 0A 10 11 05 22 29 59 
008      0A 0A 00 00 06 22 29 59 
008      14 0A 10 11 05 22 30 00 
008      14 0A 10 11 05 22 30 01 
008      0A 0A 00 00 06 22 30 01 
008      14 0A 10 11 05 22 30 02 
008      14 0A 10 11 05 22 30 03 
008      0A 0A 00 00 06 22 30 03 
008      14 0A 10 11 05 22 30 04 
008      0A 0A 00 00 06 22 30 05 
008      14 0A 10 11 05 22 30 06 
008      0A 0A 00 00 06 22 30 06 
008      14 0A 10 11 05 22 30 07 
008      14 0A 10 11 05 22 30 08 
008      0A 0A 00 00 06 22 30 08 
008      14 0A 10 11 05 22 30 09 
008      14 0A 10 11 05 22 30 10 
008      0A 0A 00 00 06 22 30 10 
008      14 0A 10 11 05 22 30 11 
00A      01 6E 03 00 00 00 00 00 
008      03 0A 04 00 00 00 00 00 
008      07 0A 04 00 00 00 00 00 
00A      00 6E 03 00 00 00 00 00 
008      09 0A 04 00 00 00 00 00 
008      00 01 04 03 00 04 0E 00 
008      0A 0A 00 00 06 22 30 12 
008      14 0A 10 11 05 22 30 13 
008      0A 0A FF F8 06 22 30 14 
008      00 01 04 03 00 04 0A 00 
008      14 0A 10 11 05 22 30 15 
008      00 01 04 03 00 04 02 00 
008      14 0A 10 11 05 22 30 16 
008      0A 0A FD 7B 05 22 30 16 
008      00 01 03 03 00 03 02 00 
008      00 01 03 03 00 03 06 00 
008      14 0A 10 11 05 22 30 17 
008      00 01 03 03 00 03 A6 00 
008      04 0A 06 00 00 01 03 25 
008      00 01 03 03 00 03 86 00 
008      14 0A 10 11 05 22 30 18 
008      00 01 03 03 00 03 8E 00 
008      00 01 03 03 00 03 AE 00 
008      0A 0A FF 99 04 22 30 18 
008      04 0A 06 00 00 00 03 25 
008      00 01 03 04 00 03 0E 00 
008      00 01 03 04 00 03 2E 00 
008      14 0A 10 11 05 22 30 19 
008      00 01 03 04 00 03 2C 00 
008      00 01 03 04 00 03 0C 00 
008      00 01 03 0C 00 03 0C 00 
008      00 01 03 0C 00 03 2C 00 
008      04 0A 04 20 00 00 03 25 
008      00 86 00 00 00 03 01 01 
008      00 86 00 00 00 03 01 00 
008      14 0A 10 11 05 22 30 21 
008      00 86 00 00 00 03 01 02 
008      0A 0A 00 00 04 22 30 21 
008      14 0A 10 11 05 22 30 22 
008      14 0A 10 11 05 22 30 23 
008      0A 0A 00 00 04 22 30 23 
008      00 01 03 14 00 03 2C 00 
008      00 01 03 14 00 03 0C 00 
008      04 0A 04 40 00 00 03 25 
008      00 01 03 10 00 03 0C 00 
008      14 0A 10 11 05 22 30 24 
008      14 0A 10 11 05 22 30 25 
008      0A 0A 00 00 04 22 30 25 
008      14 0A 10 11 05 22 30 26 
008      14 0A 10 11 05 22 30 27 
008      0A 0A 00 00 04 22 30 27 
008      14 0A 10 11 05 22 30 28 
008      0A 0A 00 00 04 22 30 29 
008      14 0A 10 11 05 22 30 30 
008      0A 0A 00 00 04 22 30 31 
008      14 0A 10 11 05 22 30 31 
008      14 0A 10 11 05 22 30 32 
008      0A 0A 00 00 04 22 30 32 
008      14 0A 10 11 05 22 30 33 
008      14 0A 10 11 05 22 30 34 
008      0A 0A 00 00 04 22 30 34 
008      14 0A 10 11 05 22 30 35 
008      0A 0A 00 00 04 22 30 36 
008      14 0A 10 11 05 22 30 37 
008      0A 0A 00 00 04 22 30 38 
008      14 0A 10 11 05 22 30 38 
008      14 0A 10 11 05 22 30 39 
00A      01 6E 02 00 00 00 00 00 
008      03 0A 02 00 00 00 00 00 
00A      00 6E 02 00 00 00 00 00 
008      07 0A 02 00 00 00 00 00 
008      09 0A 02 00 00 00 00 00 
008      0A 0A 00 00 04 22 30 39 
008      00 01 03 03 00 03 0E 00 
008      14 0A 10 11 05 22 30 40 
008      00 86 00 00 00 02 01 05 
008      14 0A 10 11 05 22 30 41 
008      0A 0A 00 00 04 22 30 41 
008      14 0A 10 11 05 22 30 42 
008      00 01 03 03 00 03 0A 00 
008      14 0A 10 11 05 22 30 43 
008      0A 0A FD 88 03 22 30 43 
008      04 0A 04 00 00 01 02 25 
008      00 85 00 00 00 20 20 32 
008      00 01 02 03 00 02 02 00 
008      14 0A 10 11 05 22 30 44 
008      00 BC 02 00 00 00 00 00 
008      00 01 02 03 00 02 06 00 
008      00 01 02 03 00 02 A6 00 
008      04 0A 06 00 00 01 02 25 
008      14 0A 10 11 05 22 30 45 
008      00 01 02 03 00 02 86 00 
008      0A 0A FF 29 02 22 30 45 
008      00 01 02 03 00 02 8E 00 
008      00 01 02 03 00 02 AE 00 
008      00 01 02 04 00 02 8E 00 
008      00 01 02 04 00 02 0E 00 
008      04 0A 04 00 00 00 02 25 
008      00 01 02 04 00 02 2E 00 
008      14 0A 10 11 05 22 30 47 
008      00 01 02 04 00 02 2C 00 
008      00 01 02 04 00 02 0C 00 
008      00 01 02 0C 00 02 0C 00 
008      00 01 02 0C 00 02 2C 00 
008      04 0A 04 20 00 00 02 25 
008      00 86 00 00 00 02 01 01 
008      00 86 00 00 00 02 01 00 
008      01 BC 02 00 00 00 00 00 
008      0A 0A 00 00 02 22 30 48 
008      00 86 00 00 00 02 01 02 
008      14 0A 10 11 05 22 30 49 
008      14 0A 10 11 05 22 30 50 
008      0A 0A 00 00 02 22 30 50 
008      14 0A 10 11 05 22 30 51 
008      04 0A 04 40 00 00 02 25 
008      00 01 02 14 00 02 0C 00 
008      00 01 02 14 00 02 2C 00 
008      00 01 02 10 00 02 0C 00 
008      14 0A 10 11 05 22 30 52 
008      00 01 02 00 00 02 0C 00 
008      0A 0A 00 00 02 22 30 53 
008      14 0A 10 11 05 22 30 53 
008      14 0A 10 11 05 22 30 54 
008      0A 0A 00 00 02 22 30 54 
008      14 0A 10 11 05 22 30 55 
008      14 0A 10 11 05 22 30 56 
008      0A 0A 00 00 02 22 30 56 
008      14 0A 10 11 05 22 30 57 
008      0A 0A 00 00 02 22 30 58 
008      14 0A 10 11 05 22 30 59 
008      0A 0A 00 00 02 22 31 00 
008      14 0A 10 11 05 22 31 00 
008      14 0A 10 11 05 22 31 01 
008      0A 0A 00 00 02 22 31 01 
008      14 0A 10 11 05 22 31 02 
008      14 0A 10 11 05 22 31 03 
008      0A 0A 00 00 02 22 31 03 
008      14 0A 10 11 05 22 31 04 
008      0A 0A 00 00 02 22 31 05 
008      14 0A 10 11 05 22 31 06 
008      14 0A 10 11 05 22 31 07 
008      0A 0A 00 00 02 22 31 07 
008      14 0A 10 11 05 22 31 08 
00A      01 6E 01 00 00 00 00 00 
008      03 0A 01 00 00 00 00 00 
008      07 0A 01 00 00 00 00 00 
008      09 0A 01 00 00 00 00 00 
00A      00 6E 01 00 00 00 00 00 
008      00 01 02 03 00 02 0E 00 
008      14 0A 10 11 05 22 31 09 
008      0A 0A 00 00 02 22 31 09 
008      00 86 00 00 00 01 01 05 
008      14 0A 10 11 05 22 31 10 
008      0A 0A FF 0B 02 22 31 11 
008      00 01 02 03 00 02 0A 00 
008      14 0A 10 11 05 22 31 12 
008      00 85 00 00 00 20 20 31 
008      00 01 01 03 00 01 02 00 
008      04 0A 04 00 00 01 01 25 
008      00 BC 01 00 00 00 00 00 
008      0A 0A FD 7E 01 22 31 13 
008      00 01 01 03 00 01 06 00 
008      02 82 00 00 00 00 00 00 
008      00 01 01 03 00 01 56 00 
008      04 0A 05 00 00 01 01 25 
008      00 01 01 03 00 01 46 00 
008      14 0A 10 11 05 22 31 14 
008      02 82 00 01 00 00 00 00 
008      00 01 01 03 00 01 4E 00 
008      00 01 01 03 00 01 5E 00 
008      14 0A 10 11 05 22 31 15 
008      04 0A 05 00 00 00 01 25 
008      00 01 01 04 00 01 0E 00 
008      04 0A 04 00 00 00 01 25 
008      00 01 01 04 00 01 1E 00 
008      0A 0A 00 00 00 22 31 15 
008      00 01 01 01 00 01 1C 00 
008      00 01 01 01 00 01 0C 00 
008      00 01 01 09 00 01 0C 00 
008      04 0A 04 20 00 00 01 25 
008      00 01 01 09 00 01 1C 00 
008      00 86 00 00 00 01 01 01 
008      00 86 00 00 00 01 01 00 
008      14 0A 10 11 05 22 31 17 
008      01 BC 01 00 00 00 00 00 
008      00 86 00 00 00 01 01 02 
008      0A 0A 00 00 00 22 31 18 
008      14 0A 10 11 05 22 31 19 
008      0A 0A 00 00 00 22 31 20 
008      00 01 01 11 00 01 1C 00 
008      00 01 01 11 00 01 0C 00 
008      04 0A 04 40 00 00 01 25 
008      00 01 01 10 00 01 0C 00 
008      00 01 01 00 00 01 0C 00 
008      14 0A 10 11 05 22 31 21 
008      14 0A 10 11 05 22 31 22 
008      0A 0A 00 00 00 22 31 22 
008      14 0A 10 11 05 22 31 23 
008      0A 0A 00 00 00 22 31 24 
008      14 0A 10 11 05 22 31 25 
008      0A 0A 00 00 00 22 31 25 
008      14 0A 10 11 05 22 31 26 
008      14 0A 10 11 05 22 31 27 
008      0A 0A 00 00 00 22 31 27 
008      14 0A 10 11 05 22 31 28 
008      14 0A 10 11 05 22 31 29 
008      0A 0A 00 00 00 22 31 29 
008      14 0A 10 11 05 22 31 30 
008      0A 0A 00 00 00 22 31 31 
008      14 0A 10 11 05 22 31 31 
008      14 0A 10 11 05 22 31 32 
008      0A 0A 00 00 00 22 31 32 
008      14 0A 10 11 05 22 31 33 
008      14 0A 10 11 05 22 31 34 
008      0A 0A 00 00 00 22 31 34 
008      14 0A 10 11 05 22 31 35 
008      0A 0A 00 00 00 22 31 36 
008      14 0A 10 11 05 22 31 37 
008      0A 0A 00 00 00 22 31 38 
008      14 0A 10 11 05 22 31 38 
008      14 0A 10 11 05 22 31 39 
008      0A 0A 00 00 00 22 31 39 
008      14 0A 10 11 05 22 31 40 
008      14 0A 10 11 05 22 31 41 
008      0A 0A 00 00 00 22 31 41 
008      14 0A 10 11 05 22 31 42 
008      0A 0A 00 00 00 22 31 43 
008      14 0A 10 11 05 22 31 44 
008      0A 0A 00 00 00 22 31 44 
008      14 0A 10 11 05 22 31 45 
008      14 0A 10 11 05 22 31 46 
008      0A 0A 00 00 00 22 31 46 
008      14 0A 10 11 05 22 31 47 
008      14 0A 10 11 05 22 31 48 
008      0A 0A 00 00 00 22 31 48 
008      14 0A 10 11 05 22 31 49 
008      0A 0A 00 00 00 22 31 50 
008      14 0A 10 11 05 22 31 51 
008      0A 0A 00 00 00 22 31 51 
008      14 0A 10 11 05 22 31 52 
008      14 0A 10 11 05 22 31 53 
008      0A 0A 00 00 00 22 31 53 
008      14 0A 10 11 05 22 31 54 
008      14 0A 10 11 05 22 31 55 
008      0A 0A 00 00 00 22 31 55 
008      14 0A 10 11 05 22 31 56 
008      14 0A 10 11 05 22 31 57 
008      0A 0A 00 00 00 22 31 57 
008      14 0A 10 11 05 22 31 58 
008      14 0A 10 11 05 22 31 59 
008      0A 0A 00 00 00 22 31 59 
008      14 0A 10 11 05 22 32 00 
008      0A 0A 00 00 00 22 32 01 
008      14 0A 10 11 05 22 32 01 
008      14 0A 10 11 05 22 32 02 
008      0A 0A 00 00 00 22 32 02 
008      14 0A 10 11 05 22 32 03 
008      14 0A 10 11 05 22 32 04 
008      0A 0A 00 00 00 22 32 04 
008      14 0A 10 11 05 22 32 05 
008      0A 0A 00 00 00 22 32 06 
008      14 0A 10 11 05 22 32 07 
008      0A 0A 00 00 00 22 32 08 
008      14 0A 10 11 05 22 32 08 
008      14 0A 10 11 05 22 32 09 
008      0A 0A 00 00 00 22 32 09 
008      14 0A 10 11 05 22 32 10 
008      14 0A 10 11 05 22 32 11 
008      0A 0A 00 00 00 22 32 11 
008      14 0A 10 11 05 22 32 12 
008      0A 0A 00 00 00 22 32 13 
008      14 0A 10 11 05 22 32 14 
008      0A 0A 00 00 00 22 32 14 
008      14 0A 10 11 05 22 32 15 
008      14 0A 10 11 05 22 32 16 
008      0A 0A 00 00 00 22 32 16 
008      14 0A 10 11 05 22 32 17 
008      14 0A 10 11 05 22 32 18 
008      0A 0A 00 00 00 22 32 18 
008      14 0A 10 11 05 22 32 19 
008      0A 0A 00 00 00 22 32 20 
008      14 0A 10 11 05 22 32 20 
008      14 0A 10 11 05 22 32 21 
008      0A 0A 00 00 00 22 32 21 
008      14 0A 10 11 05 22 32 22 
008      14 0A 10 11 05 22 32 23 
008      0A 0A 00 00 00 22 32 23 
008      14 0A 10 11 05 22 32 24 
008      0A 0A 00 00 00 22 32 25 
008      14 0A 10 11 05 22 32 26 
008      0A 0A 00 00 00 22 32 27 
008      14 0A 10 11 05 22 32 27 
008      14 0A 10 11 05 22 32 28 
008      0A 0A 00 00 00 22 32 28 
008      14 0A 10 11 05 22 32 29 
008      14 0A 10 11 05 22 32 30 
008      0A 0A 00 00 00 22 32 30 
008      14 0A 10 11 05 22 32 31 
008      0A 0A 00 00 00 22 32 32 
008      14 0A 10 11 05 22 32 33 
008      0A 0A 00 00 00 22 32 34 
008      14 0A 10 11 05 22 32 34 
008      14 0A 10 11 05 22 32 35 
008      0A 0A 00 00 00 22 32 35 
008      14 0A 10 11 05 22 32 36 
008      14 0A 10 11 05 22 32 37 
008      0A 0A 00 00 00 22 32 37 
008      14 0A 10 11 05 22 32 38 
008      0A 0A 00 00 00 22 32 39 
008      14 0A 10 11 05 22 32 40 
008      0A 0A 00 00 00 22 32 40 
008      00 01 01 02 00 01 0D 00 
008      14 0A 10 11 05 22 32 42 
008      0A 0A 00 00 00 22 32 43 
008      14 0A 10 11 05 22 32 43 
008      00 01 01 02 00 01 05 00 
008      14 0A 10 11 05 22 32 44 
008      0A 0A 02 68 00 22 32 44 
008      00 01 01 02 00 01 01 00 
008      00 01 02 02 00 02 01 00 
008      14 0A 10 11 05 22 32 46 
008      00 01 02 02 00 02 09 00 
008      14 0A 10 11 05 22 32 47 
008      00 01 02 02 00 02 0D 00 
008      0A 0A 02 BD 02 22 32 47 
008      00 01 02 02 00 02 05 00 
008      14 0A 10 11 05 22 32 48 
008      14 0A 10 11 05 22 32 49 
008      00 01 03 02 00 03 09 00 
008      0A 0A 02 C8 03 22 32 49 
008      14 0A 10 11 05 22 32 50 
008      14 0A 10 11 05 22 32 51 
008      0A 0A 02 BF 05 22 32 51 
008      14 0A 10 11 05 22 32 52 
008      14 0A 10 11 05 22 32 53 
008      0A 0A 00 00 06 22 32 53 
008      14 0A 10 11 05 22 32 55 
008      14 0A 10 11 05 22 32 56 
008      0A 0A 00 00 06 22 32 56 
008      14 0A 10 11 05 22 32 57 
008      14 0A 10 11 05 22 32 58 
008      0A 0A 00 00 06 22 32 58 
008      14 0A 10 11 05 22 33 00 
008      0A 0A 00 00 06 22 33 00 
008      14 0A 10 11 05 22 33 01 
008      14 0A 10 11 05 22 33 02 
008      0A 0A 00 00 06 22 33 02 
008      14 0A 10 11 05 22 33 03 
008      14 0A 10 11 05 22 33 04 
008      0A 0A 00 00 06 22 33 04 
008      14 0A 10 11 05 22 33 05 
008      14 0A 10 11 05 22 33 06 
008      0A 0A FD 77 05 22 33 06 
008      14 0A 10 11 05 22 33 07 
008      14 0A 10 11 05 22 33 08 
008      0A 0A FF 88 04 22 33 08 
008      14 0A 10 11 05 22 33 10 
008      0A 0A 00 00 04 22 33 11 
008      14 0A 10 11 05 22 33 12 
008      14 0A 10 11 05 22 33 13 
008      0A 0A 00 00 04 22 33 13 
008      14 0A 10 11 05 22 33 14 
008      00 86 00 00 00 03 01 04 
008      14 0A 10 11 05 22 33 15 
008      0A 0A 00 00 04 22 33 15 
008      14 0A 10 11 05 22 33 16 
008      14 0A 10 11 05 22 33 17 
008      0A 0A 00 00 04 22 33 17 
008      14 0A 10 11 05 22 33 18 
008      00 01 03 08 00 03 0C 00 
008      0A 0A 00 00 04 22 33 19 
008      14 0A 10 11 05 22 33 20 
008      14 0A 10 11 05 22 33 21 
008      0A 0A 00 00 04 22 33 21 
008      14 0A 10 11 05 22 33 22 
008      0A 0A 00 00 04 22 33 23 
008      14 0A 10 11 05 22 33 24 
008      14 0A 10 11 05 22 33 25 
008      0A 0A 00 00 04 22 33 25 
008      14 0A 10 11 05 22 33 26 
008      0A 0A 00 00 04 22 33 27 
008      14 0A 10 11 05 22 33 27 
008      14 0A 10 11 05 22 33 28 
008      0A 0A 00 00 04 22 33 28 
008      14 0A 10 11 05 22 33 29 
008      14 0A 10 11 05 22 33 30 
008      0A 0A 00 00 04 22 33 30 
008      14 0A 10 11 05 22 33 31 
008      0A 0A 00 00 04 22 33 32 
008      14 0A 10 11 05 22 33 33 
008      0A 0A 00 00 04 22 33 34 
008      14 0A 10 11 05 22 33 34 
008      14 0A 10 11 05 22 33 35 
008      0A 0A 00 00 04 22 33 36 
008      14 0A 10 11 05 22 33 37 
008      0A 0A 00 00 04 22 33 37 
008      14 0A 10 11 05 22 33 38 
008      14 0A 10 11 05 22 33 39 
008      0A 0A 00 00 04 22 33 39 
008      14 0A 10 11 05 22 33 40 
008      14 0A 10 11 05 22 33 41 
008      0A 0A 00 00 04 22 33 41 
008      14 0A 10 11 05 22 33 42 
008      0A 0A 00 00 04 22 33 43 
008      14 0A 10 11 05 22 33 44 
008      0A 0A 00 00 04 22 33 44 
008      14 0A 10 11 05 22 33 45 
008      14 0A 10 11 05 22 33 46 
008      0A 0A 00 00 04 22 33 46 
008      14 0A 10 11 05 22 33 47 
008      14 0A 10 11 05 22 33 48 
008      0A 0A 00 00 04 22 33 48 
008      14 0A 10 11 05 22 33 49 
008      0A 0A 00 00 04 22 33 50 
008      14 0A 10 11 05 22 33 50 
008      14 0A 10 11 05 22 33 51 
008      0A 0A 00 00 04 22 33 51 
008      14 0A 10 11 05 22 33 52 
008      14 0A 10 11 05 22 33 53 
008      0A 0A 00 00 04 22 33 54 
008      14 0A 10 11 05 22 33 55 
008      0A 0A 00 00 04 22 33 56 
008      14 0A 10 11 05 22 33 57 
008      0A 0A 00 00 04 22 33 58 
008      14 0A 10 11 05 22 33 59 
008      14 0A 10 11 05 22 34 00 
008      0A 0A 00 00 04 22 34 00 
008      14 0A 10 11 05 22 34 01 
008      0A 0A 00 00 04 22 34 02 
008      14 0A 10 11 05 22 34 03 
008      14 0A 10 11 05 22 34 04 
008      0A 0A 00 00 04 22 34 04 
008      14 0A 10 11 05 22 34 05 
008      0A 0A FD 7E 03 22 34 06 
008      14 0A 10 11 05 22 34 07 
008      0A 0A FF 6D 02 22 34 08 
008      14 0A 10 11 05 22 34 09 
008      14 0A 10 11 05 22 34 10 
008      0A 0A 00 00 02 22 34 11 
008      14 0A 10 11 05 22 34 12 
008      0A 0A 00 00 02 22 34 13 
008      14 0A 10 11 05 22 34 14 
008      14 0A 10 11 05 22 34 15 
008      0A 0A 00 00 02 22 34 15 
008      14 0A 10 11 05 22 34 16 
008      0A 0A 00 00 02 22 34 17 
008      14 0A 10 11 05 22 34 18 
008      0A 0A 00 00 02 22 34 19 
008      14 0A 10 11 05 22 34 19 
008      14 0A 10 11 05 22 34 20 
008      0A 0A 00 00 02 22 34 21 
008      14 0A 10 11 05 22 34 21 
008      14 0A 10 11 05 22 34 22 
008      0A 0A FF 19 02 22 34 22 
008      14 0A 10 11 05 22 34 23 
008      14 0A 10 11 05 22 34 24 
008      0A 0A FD 7A 01 22 34 24 
008      14 0A 10 11 05 22 34 26 
008      14 0A 10 11 05 22 34 27 
008      0A 0A 00 00 00 22 34 27 
008      14 0A 10 11 05 22 34 29 
008      14 0A 10 11 05 22 34 30 
008      0A 0A 00 00 00 22 34 30 
008      14 0A 10 11 05 22 34 31 
008      0A 0A 00 00 00 22 34 32 
008      14 0A 10 11 05 22 34 33 
008      14 0A 10 11 05 22 34 34 
008      0A 0A 00 00 00 22 34 34 
008      14 0A 10 11 05 22 34 35 
008      14 0A 10 11 05 22 34 36 
021      03 96 01 00 00 00 00 00 
021      03 AB 03 00 00 00 00 00 
008      01 0A 04 00 00 00 00 00 
021      03 96 00 00 00 00 00 00 
008      0A 0A 00 00 00 22 34 36 
008      14 0A 10 11 05 22 34 37 
008      0A 0A 00 00 00 22 34 38 
008      14 0A 10 11 05 22 34 39 
008      0A 0A 02 AC 01 22 34 40 
008      14 0A 10 11 05 22 34 41 
008      0A 0A 02 BE 02 22 34 42 
008      14 0A 10 11 05 22 34 43 
008      14 0A 10 11 05 22 34 44 
008      04 0A 05 00 00 01 03 25 
008      00 01 03 02 00 03 59 00 
008      0A 0A 01 BA 04 22 34 44 
008      00 01 03 02 00 03 49 00 
008      00 01 03 02 00 03 4D 00 
008      00 01 03 02 00 03 5D 00 
008      14 0A 10 11 05 22 34 45 
008      04 0A 05 00 00 00 03 25 
008      00 01 03 01 00 03 0D 00 
008      00 01 03 01 00 03 1D 00 
008      14 0A 10 11 05 22 34 46 
008      00 01 03 01 00 03 1C 00 
008      0A 0A 00 00 04 22 34 46 
008      00 01 03 09 00 03 0C 00 
008      00 01 03 09 00 03 1C 00 
008      14 0A 10 11 05 22 34 48 
008      0A 0A 00 00 04 22 34 49 
008      14 0A 10 11 05 22 34 50 
008      00 01 03 11 00 03 0C 00 
008      00 01 03 11 00 03 1C 00 
008      0A 0A 00 00 04 22 34 51 
008      14 0A 10 11 05 22 34 52 
008      14 0A 10 11 05 22 34 53 
008      0A 0A 00 00 04 22 34 53 
008      14 0A 10 11 05 22 34 54 
008      0A 0A 00 00 04 22 34 55 
008      00 86 00 00 00 03 01 15 
008      00 86 00 00 00 03 01 11 
008      00 86 00 00 00 03 01 10 
008      14 0A 10 11 05 22 34 56 
008      14 0A 10 11 05 22 34 57 
008      0A 0A 00 00 04 22 34 57 
008      14 0A 10 11 05 22 34 58 
008      14 0A 10 11 05 22 34 59 
008      0A 0A 00 00 04 22 35 00 
008      14 0A 10 11 05 22 35 00 
008      14 0A 10 11 05 22 35 01 
008      0A 0A 00 00 04 22 35 02 
008      14 0A 10 11 05 22 35 02 
008      14 0A 10 11 05 22 35 03 
008      0A 0A FF 5B 04 22 35 03 
008      14 0A 10 11 05 22 35 04 
008      14 0A 10 11 05 22 35 05 
008      0A 0A FD 7A 03 22 35 05 
008      14 0A 10 11 05 22 35 06 
008      14 0A 10 11 05 22 35 07 
008      0A 0A FF F0 02 22 35 07 
008      04 0A 06 00 00 00 02 25 
008      14 0A 10 11 05 22 35 09 
008      14 0A 10 11 05 22 35 10 
008      0A 0A 00 00 02 22 35 10 
008      14 0A 10 11 05 22 35 11 
008      14 0A 10 11 05 22 35 12 
008      0A 0A 00 00 02 22 35 12 
008      14 0A 10 11 05 22 35 14 
008      0A 0A 00 00 02 22 35 15 
008      14 0A 10 11 05 22 35 16 
008      0A 0A 00 00 02 22 35 17 
008      14 0A 10 11 05 22 35 18 
008      0A 0A 00 00 02 22 35 19 
008      14 0A 10 11 05 22 35 19 
008      14 0A 10 11 05 22 35 20 
008      0A 0A 00 00 02 22 35 20 
008      14 0A 10 11 05 22 35 21 
008      14 0A 10 11 05 22 35 22 
008      0A 0A 00 00 02 22 35 22 
008      14 0A 10 11 05 22 35 23 
008      0A 0A 00 00 02 22 35 24 
008      14 0A 10 11 05 22 35 25 
008      0A 0A 00 00 02 22 35 25 
008      14 0A 10 11 05 22 35 26 
008      14 0A 10 11 05 22 35 27 
008      0A 0A 00 00 02 22 35 27 
008      14 0A 10 11 05 22 35 28 
008      14 0A 10 11 05 22 35 29 
008      0A 0A 00 00 02 22 35 29 
008      14 0A 10 11 05 22 35 30 
008      0A 0A 00 00 02 22 35 31 
008      14 0A 10 11 05 22 35 31 
008      14 0A 10 11 05 22 35 32 
008      0A 0A 00 00 02 22 35 32 
008      14 0A 10 11 05 22 35 33 
008      14 0A 10 11 05 22 35 34 
008      0A 0A 00 00 02 22 35 34 
008      14 0A 10 11 05 22 35 35 
008      14 0A 10 11 05 22 35 36 
008      0A 0A 00 00 02 22 35 36 
008      14 0A 10 11 05 22 35 37 
008      0A 0A 00 00 02 22 35 38 
008      14 0A 10 11 05 22 35 38 
008      14 0A 10 11 05 22 35 39 
008      0A 0A 00 00 02 22 35 39 
008      14 0A 10 11 05 22 35 40 
008      14 0A 10 11 05 22 35 41 
008      0A 0A 00 00 02 22 35 41 
008      14 0A 10 11 05 22 35 42 
008      0A 0A 00 00 02 22 35 43 
008      14 0A 10 11 05 22 35 44 
008      0A 0A 00 00 02 22 35 45 
008      14 0A 10 11 05 22 35 45 
008      14 0A 10 11 05 22 35 46 
008      0A 0A 00 00 02 22 35 46 
008      14 0A 10 11 05 22 35 47 
008      14 0A 10 11 05 22 35 48 
008      0A 0A 00 00 02 22 35 48 
008      14 0A 10 11 05 22 35 49 
008      0A 0A 00 00 02 22 35 50 
008      14 0A 10 11 05 22 35 51 
008      0A 0A 00 00 02 22 35 51 
008      14 0A 10 11 05 22 35 52 
008      14 0A 10 11 05 22 35 53 
008      0A 0A 00 00 02 22 35 53 
008      14 0A 10 11 05 22 35 54 
008      14 0A 10 11 05 22 35 55 
008      0A 0A 00 00 02 22 35 55 
008      14 0A 10 11 05 22 35 56 
008      0A 0A 00 00 02 22 35 57 
008      14 0A 10 11 05 22 35 57 
008      14 0A 10 11 05 22 35 58 
008      0A 0A 00 00 02 22 35 58 
008      14 0A 10 11 05 22 35 59 
008      14 0A 10 11 05 22 36 00 
008      0A 0A 00 00 02 22 36 00 
008      14 0A 10 11 05 22 36 01 
008      0A 0A 00 00 02 22 36 02 
008      14 0A 10 11 05 22 36 03 
008      0A 0A 00 00 02 22 36 04 
008      14 0A 10 11 05 22 36 04 
008      14 0A 10 11 05 22 36 05 
008      0A 0A 00 00 02 22 36 06 
008      14 0A 10 11 05 22 36 07 
008      0A 0A 00 00 02 22 36 08 
008      14 0A 10 11 05 22 36 08 
008      14 0A 10 11 05 22 36 09 
008      0A 0A 00 00 02 22 36 09 
008      00 01 02 01 00 02 0C 00 
008      14 0A 10 11 05 22 36 10 
008      14 0A 10 11 05 22 36 11 
008      0A 0A 00 00 02 22 36 11 
008      14 0A 10 11 05 22 36 12 
008      14 0A 10 11 05 22 36 13 
008      0A 0A 02 91 03 22 36 13 
008      14 0A 10 11 05 22 36 14 
008      14 0A 10 11 05 22 36 15 
008      0A 0A 02 BB 04 22 36 15 
008      14 0A 10 11 05 22 36 16 
008      14 0A 10 11 05 22 36 17 
008      0A 0A 02 0C 05 22 36 18 
008      14 0A 10 11 05 22 36 19 
008      0A 0A 00 00 06 22 36 20 
008      14 0A 10 11 05 22 36 21 
008      14 0A 10 11 05 22 36 22 
008      0A 0A 00 00 06 22 36 22 
008      14 0A 10 11 05 22 36 23 
008      14 0A 10 11 05 22 36 24 
008      0A 0A 00 00 06 22 36 25 
008      14 0A 10 11 05 22 36 26 
008      0A 0A 00 00 06 22 36 26 
008      14 0A 10 11 05 22 36 27 
008      14 0A 10 11 05 22 36 28 
008      0A 0A 00 00 06 22 36 28 
008      14 0A 10 11 05 22 36 29 
008      14 0A 10 11 05 22 36 30 
008      0A 0A 00 00 06 22 36 30 
008      14 0A 10 11 05 22 36 31 
008      0A 0A 00 00 06 22 36 32 
008      14 0A 10 11 05 22 36 32 
008      14 0A 10 11 05 22 36 33 
008      0A 0A 00 00 06 22 36 33 
008      14 0A 10 11 05 22 36 34 
008      14 0A 10 11 05 22 36 35 
008      0A 0A 00 00 06 22 36 35 
008      14 0A 10 11 05 22 36 36 
008      14 0A 10 11 05 22 36 37 
008      0A 0A 00 00 06 22 36 37 
008      14 0A 10 11 05 22 36 38 
008      0A 0A 00 00 06 22 36 39 
008      14 0A 10 11 05 22 36 39 
008      14 0A 10 11 05 22 36 40 
008      0A 0A 00 00 06 22 36 40 
008      14 0A 10 11 05 22 36 41 
008      14 0A 10 11 05 22 36 42 
008      0A 0A 00 00 06 22 36 42 
008      14 0A 10 11 05 22 36 43 
008      0A 0A 00 00 06 22 36 44 
008      14 0A 10 11 05 22 36 45 
008      0A 0A 00 00 06 22 36 46 
008      14 0A 10 11 05 22 36 46 
008      14 0A 10 11 05 22 36 47 
008      0A 0A 00 00 06 22 36 47 
008      14 0A 10 11 05 22 36 48 
008      14 0A 10 11 05 22 36 49 
008      0A 0A 00 00 06 22 36 49 
008      14 0A 10 11 05 22 36 50 
008      0A 0A 00 00 06 22 36 51 
008      14 0A 10 11 05 22 36 52 
008      0A 0A 00 00 06 22 36 52 
008      14 0A 10 11 05 22 36 53 
008      14 0A 10 11 05 22 36 54 
008      0A 0A 00 00 06 22 36 54 
008      14 0A 10 11 05 22 36 55 
008      14 0A 10 11 05 22 36 56 
008      0A 0A 00 00 06 22 36 56 
008      14 0A 10 11 05 22 36 57 
008      14 0A 10 11 05 22 36 58 
008      0A 0A 00 00 06 22 36 58 
008      14 0A 10 11 05 22 36 59 
008      14 0A 10 11 05 22 37 00 
008      0A 0A 00 00 06 22 37 00 
008      14 0A 10 11 05 22 37 01 
008      0A 0A 00 00 06 22 37 02 
008      14 0A 10 11 05 22 37 02 
008      14 0A 10 11 05 22 37 03 
008      0A 0A 00 00 06 22 37 03 
008      14 0A 10 11 05 22 37 04 
008      14 0A 10 11 05 22 37 05 
008      0A 0A 00 00 06 22 37 05 
008      14 0A 10 11 05 22 37 06 
008      0A 0A 00 00 06 22 37 07 
008      14 0A 10 11 05 22 37 08 
008      0A 0A 00 00 06 22 37 09 
008      14 0A 10 11 05 22 37 09 
008      14 0A 10 11 05 22 37 10 
008      0A 0A 00 00 06 22 37 10 
008      14 0A 10 11 05 22 37 11 
008      14 0A 10 11 05 22 37 12 
008      0A 0A 00 00 06 22 37 12 
008      14 0A 10 11 05 22 37 13 
008      14 0A 10 11 05 22 37 14 
008      0A 0A FE 96 06 22 37 14 
008      14 0A 10 11 05 22 37 15 
008      14 0A 10 11 05 22 37 16 
008      0A 0A FD 7F 04 22 37 16 
008      14 0A 10 11 05 22 37 17 
008      14 0A 10 11 05 22 37 18 
008      0A 0A 00 00 04 22 37 18 
008      14 0A 10 11 05 22 37 20 
008      14 0A 10 11 05 22 37 21 
008      0A 0A 00 00 04 22 37 21 
008      14 0A 10 11 05 22 37 22 
008      14 0A 10 11 05 22 37 23 
008      0A 0A 00 00 04 22 37 23 
008      14 0A 10 11 05 22 37 24 
008      14 0A 10 11 05 22 37 25 
008      0A 0A 00 00 04 22 37 25 
008      14 0A 10 11 05 22 37 26 
008      14 0A 10 11 05 22 37 27 
008      0A 0A 00 00 04 22 37 27 
008      14 0A 10 11 05 22 37 28 
008      0A 0A 00 00 04 22 37 29 
008      14 0A 10 11 05 22 37 30 
008      0A 0A 00 00 04 22 37 30 
008      14 0A 10 11 05 22 37 31 
008      14 0A 10 11 05 22 37 32 
008      0A 0A 00 00 04 22 37 32 
008      14 0A 10 11 05 22 37 33 
008      14 0A 10 11 05 22 37 34 
008      0A 0A 00 00 04 22 37 34 
008      14 0A 10 11 05 22 37 35 
008      0A 0A 00 00 04 22 37 36 
008      14 0A 10 11 05 22 37 37 
008      0A 0A 00 00 04 22 37 37 
008      14 0A 10 11 05 22 37 38 
008      14 0A 10 11 05 22 37 39 
008      0A 0A 00 00 04 22 37 39 
008      14 0A 10 11 05 22 37 40 
008      14 0A 10 11 05 22 37 41 
008      0A 0A 00 00 04 22 37 41 
008      14 0A 10 11 05 22 37 42 
008      0A 0A 00 00 04 22 37 43 
008      14 0A 10 11 05 22 37 44 
008      0A 0A 00 00 04 22 37 45 
008      14 0A 10 11 05 22 37 46 
008      14 0A 10 11 05 22 37 47 
008      0A 0A FD 7B 03 22 37 47 
008      14 0A 10 11 05 22 37 48 
008      14 0A 10 11 05 22 37 49 
008      0A 0A FF 7E 02 22 37 49 
008      14 0A 10 11 05 22 37 50 
008      14 0A 10 11 05 22 37 51 
008      0A 0A 00 00 02 22 37 52 
008      14 0A 10 11 05 22 37 53 
008      14 0A 10 11 05 22 37 54 
008      0A 0A 00 00 02 22 37 54 
008      14 0A 10 11 05 22 37 55 
008      14 0A 10 11 05 22 37 56 
008      0A 0A 00 00 02 22 37 56 
008      14 0A 10 11 05 22 37 57 
008      14 0A 10 11 05 22 37 58 
008      0A 0A 00 00 02 22 37 58 
008      14 0A 10 11 05 22 37 59 
008      0A 0A 00 00 02 22 38 00 
008      14 0A 10 11 05 22 38 01 
008      0A 0A 00 00 02 22 38 02 
008      14 0A 10 11 05 22 38 02 
008      14 0A 10 11 05 22 38 03 
008      0A 0A 00 00 02 22 38 03 
008      14 0A 10 11 05 22 38 04 
008      14 0A 10 11 05 22 38 05 
008      0A 0A 00 00 02 22 38 05 
008      14 0A 10 11 05 22 38 06 
008      0A 0A 00 00 02 22 38 07 
008      14 0A 10 11 05 22 38 08 
008      0A 0A 00 00 02 22 38 08 
008      14 0A 10 11 05 22 38 09 
008      14 0A 10 11 05 22 38 10 
008      0A 0A 00 00 02 22 38 10 
008      14 0A 10 11 05 22 38 11 
008      14 0A 10 11 05 22 38 12 
008      0A 0A 00 00 02 22 38 12 
008      14 0A 10 11 05 22 38 13 
008      0A 0A 00 00 02 22 38 14 
008      14 0A 10 11 05 22 38 14 
008      14 0A 10 11 05 22 38 15 
008      0A 0A 00 00 02 22 38 15 
008      14 0A 10 11 05 22 38 16 
008      14 0A 10 11 05 22 38 17 
008      0A 0A 00 00 02 22 38 17 
008      14 0A 10 11 05 22 38 18 
008      0A 0A 00 00 02 22 38 19 
008      14 0A 10 11 05 22 38 20 
008      0A 0A 00 00 02 22 38 21 
008      14 0A 10 11 05 22 38 21 
008      14 0A 10 11 05 22 38 22 
008      0A 0A 00 00 02 22 38 22 
008      14 0A 10 11 05 22 38 23 
008      14 0A 10 11 05 22 38 24 
008      0A 0A 00 00 02 22 38 24 
008      14 0A 10 11 05 22 38 25 
008      0A 0A 00 00 02 22 38 26 
008      14 0A 10 11 05 22 38 27 
008      0A 0A 00 00 02 22 38 28 
008      14 0A 10 11 05 22 38 28 
008      14 0A 10 11 05 22 38 29 
008      0A 0A 00 00 02 22 38 29 
008      14 0A 10 11 05 22 38 30 
008      14 0A 10 11 05 22 38 31 
008      0A 0A 00 00 02 22 38 31 
008      14 0A 10 11 05 22 38 32 
008      0A 0A 00 00 02 22 38 33 
008      14 0A 10 11 05 22 38 34 
008      0A 0A 00 00 02 22 38 34 
008      14 0A 10 11 05 22 38 35 
008      14 0A 10 11 05 22 38 36 
008      0A 0A 00 00 02 22 38 37 
008      14 0A 10 11 05 22 38 38 
008      0A 0A 00 00 02 22 38 38 
008      14 0A 10 11 05 22 38 39 
008      14 0A 10 11 05 22 38 40 
008      0A 0A 00 00 02 22 38 40 
008      14 0A 10 11 05 22 38 41 
008      14 0A 10 11 05 22 38 42 
008      0A 0A 00 00 02 22 38 42 
008      14 0A 10 11 05 22 38 43 
008      0A 0A 00 00 02 22 38 44 
008      14 0A 10 11 05 22 38 44 
008      14 0A 10 11 05 22 38 45 
008      0A 0A 00 00 02 22 38 45 
008      14 0A 10 11 05 22 38 46 
008      14 0A 10 11 05 22 38 47 
008      0A 0A 00 00 02 22 38 47 
008      14 0A 10 11 05 22 38 48 
008      0A 0A 00 00 02 22 38 49 
008      14 0A 10 11 05 22 38 50 
008      0A 0A 00 00 02 22 38 51 
008      14 0A 10 11 05 22 38 51 
008      14 0A 10 11 05 22 38 52 
008      0A 0A 00 00 02 22 38 52 
008      14 0A 10 11 05 22 38 53 
008      14 0A 10 11 05 22 38 54 
008      0A 0A 00 00 02 22 38 54 
008      14 0A 10 11 05 22 38 55 
008      0A 0A 00 00 02 22 38 56 
008      14 0A 10 11 05 22 38 57 
008      0A 0A 00 00 02 22 38 57 
008      14 0A 10 11 05 22 38 58 
008      14 0A 10 11 05 22 38 59 
008      0A 0A 00 00 02 22 38 59 
008      14 0A 10 11 05 22 39 00 
008      14 0A 10 11 05 22 39 01 
008      0A 0A 00 00 02 22 39 01 
008      14 0A 10 11 05 22 39 02 
008      0A 0A 00 00 02 22 39 03 
008      14 0A 10 11 05 22 39 03 
008      14 0A 10 11 05 22 39 04 
008      0A 0A 00 00 02 22 39 04 
008      14 0A 10 11 05 22 39 05 
008      14 0A 10 11 05 22 39 06 
008      0A 0A 00 00 02 22 39 06 
008      14 0A 10 11 05 22 39 07 
008      14 0A 10 11 05 22 39 08 
008      0A 0A 00 00 02 22 39 08 
008      14 0A 10 11 05 22 39 09 
008      14 0A 10 11 05 22 39 10 
008      0A 0A FD 98 01 22 39 10 
008      14 0A 10 11 05 22 39 11 
008      14 0A 10 11 05 22 39 12 
008      0A 0A FE CB 00 22 39 12 
008      14 0A 10 11 05 22 39 13 
008      14 0A 10 11 05 22 39 14 
008      0A 0A 00 00 00 22 39 15 
008      14 0A 10 11 05 22 39 16 
008      14 0A 10 11 05 22 39 17 
008      0A 0A 00 00 00 22 39 17 
008      14 0A 10 11 05 22 39 18 
008      14 0A 10 11 05 22 39 19 
008      0A 0A 00 00 00 22 39 19 
008      14 0A 10 11 05 22 39 20 
008      14 0A 10 11 05 22 39 21 
008      0A 0A 00 00 00 22 39 21 
008      14 0A 10 11 05 22 39 22 
008      14 0A 10 11 05 22 39 23 
008      0A 0A 00 00 00 22 39 23 
008      14 0A 10 11 05 22 39 24 
008      0A 0A 00 00 00 22 39 25 
008      14 0A 10 11 05 22 39 25 
008      14 0A 10 11 05 22 39 26 
008      0A 0A 00 00 00 22 39 27 
008      14 0A 10 11 05 22 39 28 
008      0A 0A 00 00 00 22 39 29 
008      14 0A 10 11 05 22 39 29 
008      14 0A 10 11 05 22 39 30 
008      0A 0A 00 00 00 22 39 30 
008      14 0A 10 11 05 22 39 31 
008      14 0A 10 11 05 22 39 32 
008      0A 0A 00 00 00 22 39 32 
008      14 0A 10 11 05 22 39 33 
008      0A 0A 00 00 00 22 39 34 
008      14 0A 10 11 05 22 39 35 
008      0A 0A 00 00 00 22 39 35 
008      14 0A 10 11 05 22 39 36 
008      14 0A 10 11 05 22 39 37 
008      0A 0A 00 00 00 22 39 37 
008      14 0A 10 11 05 22 39 38 
008      14 0A 10 11 05 22 39 39 
008      0A 0A 00 00 00 22 39 39 
