008      03 0A 00 00 00 00 00 00 
009      42 87 00 00 00 00 00 00 
008      02 AA 00 00 00 00 00 00 
020      00 AB 02 00 00 00 00 00 
00A      00 7E 00 00 00 00 00 00 
008      04 0A 04 00 00 00 02 25 
008      05 0A 00 00 00 00 00 00 
008      14 0A 10 11 05 22 57 28 
008      06 0A 00 00 00 00 00 00 
008      07 0A 00 00 00 00 00 00 
008      03 AA 00 00 00 00 00 00 
021      02 AB 03 00 00 00 00 00 
008      08 0A 00 00 00 00 00 00 
008      09 0A 00 00 00 00 00 00 
008      01 BC 02 00 00 00 00 00 
008      0A 0A 00 00 02 22 57 28 
008      0B 0A 00 00 00 00 00 00 
008      04 AA 00 00 00 00 00 00 
022      00 AB 04 00 00 00 00 00 
008      0C 0A 00 00 00 00 00 00 
008      0D 0A 00 00 00 00 00 00 
008      01 AA 00 00 00 00 00 00 
01F      00 AB 01 00 00 00 00 00 
008      0E 0A 00 00 00 00 00 00 
008      0F 0A 00 00 00 00 00 00 
008      10 0A 00 00 00 00 00 00 
008      00 82 00 01 00 00 00 00 
008      00 83 00 00 00 00 00 00 
008      00 84 00 00 00 00 00 00 
008      00 85 00 00 00 20 20 32 
008      00 86 00 00 00 02 01 05 
008      14 0A 10 11 05 22 57 29 
008      00 01 02 00 00 02 0C 00 
008      01 0A 00 00 00 00 00 00 
008      02 0A 00 00 00 00 00 00 
008      0A 0A 00 00 02 22 57 30 
008      14 0A 10 11 05 22 57 30 
008      14 0A 10 11 05 22 57 31 
008      0A 0A 00 00 02 22 57 31 
008      14 0A 10 11 05 22 57 32 
008      14 0A 10 11 05 22 57 33 
008      0A 0A 00 00 02 22 57 33 
008      14 0A 10 11 05 22 57 34 
008      0A 0A 00 00 02 22 57 35 
008      14 0A 10 11 05 22 57 36 
008      0A 0A 00 00 02 22 57 37 
008      14 0A 10 11 05 22 57 37 
008      14 0A 10 11 05 22 57 38 
008      0A 0A 00 00 02 22 57 38 
008      14 0A 10 11 05 22 57 39 
008      14 0A 10 11 05 22 57 40 
008      0A 0A 00 00 02 22 57 40 
008      14 0A 10 11 05 22 57 41 
008      0A 0A 00 00 02 22 57 42 
008      14 0A 10 11 05 22 57 43 
008      0A 0A 00 00 02 22 57 43 
008      14 0A 10 11 05 22 57 44 
008      14 0A 10 11 05 22 57 45 
008      0A 0A 00 00 02 22 57 45 
008      14 0A 10 11 05 22 57 46 
008      14 0A 10 11 05 22 57 47 
008      0A 0A 00 00 02 22 57 47 
00A      01 6E 04 00 00 00 00 00 
008      00 01 02 01 00 02 0C 00 
008      03 0A 08 00 00 00 00 00 
008      04 0A 04 00 00 01 02 25 
008      07 0A 08 00 00 00 00 00 
008      09 0A 08 00 00 00 00 00 
008      00 01 02 02 00 02 0D 00 
008      14 0A 10 11 05 22 57 49 
00A      00 6E 04 00 00 00 00 00 
008      00 BC 02 00 00 00 00 00 
008      0A 0A 00 00 02 22 57 49 
008      00 86 00 00 00 03 01 05 
008      14 0A 10 11 05 22 57 50 
008      14 0A 10 11 05 22 57 51 
008      00 01 02 02 00 02 05 00 
008      00 86 00 00 00 04 01 05 
008      00 82 00 00 00 00 00 00 
008      0A 0A 01 89 02 22 57 51 
008      00 01 02 02 00 02 01 00 
008      14 0A 10 11 05 22 57 52 
008      00 85 00 00 00 20 20 33 
008      00 01 03 02 00 03 01 00 
008      04 0A 04 00 00 01 03 25 
008      14 0A 10 11 05 22 57 53 
008      00 BC 03 00 00 00 00 00 
008      00 01 03 02 00 03 09 00 
008      0A 0A 02 BD 03 22 57 53 
008      00 01 03 02 00 03 0D 00 
008      00 01 03 02 00 03 05 00 
008      14 0A 10 11 05 22 57 54 
008      14 0A 10 11 05 22 57 55 
008      0A 0A 02 B8 05 22 57 55 
008      04 0A 04 00 00 01 04 25 
008      00 85 00 00 00 20 20 34 
008      00 01 04 02 00 04 01 00 
008      00 01 04 02 00 04 09 00 
008      01 82 00 00 00 00 00 00 
008      00 01 04 02 00 04 A9 00 
008      04 0A 06 00 00 01 04 25 
008      14 0A 10 11 05 22 57 57 
008      00 BC 04 00 00 00 00 00 
008      00 01 04 02 00 04 89 00 
008      01 82 00 01 00 00 00 00 
008      00 01 04 02 00 04 8D 00 
008      00 01 04 02 00 04 AD 00 
008      0A 0A 00 00 06 22 57 58 
008      04 0A 06 00 00 00 04 25 
008      00 01 04 01 00 04 0D 00 
008      04 0A 04 00 00 00 04 25 
008      00 01 04 01 00 04 2D 00 
008      00 01 04 04 00 04 2C 00 
008      00 01 04 04 00 04 0C 00 
008      10 82 00 01 00 00 00 00 
008      00 01 04 0C 00 04 0C 00 
008      04 0A 04 20 00 00 04 25 
008      00 01 04 0C 00 04 2C 00 
008      14 0A 10 11 05 22 57 59 
008      01 BC 04 00 00 00 00 00 
009      43 87 00 00 00 00 00 00 
008      00 86 00 00 00 04 01 01 
008      00 86 00 00 00 04 01 00 
009      41 87 00 00 00 00 00 00 
008      00 86 00 00 00 04 01 02 
008      14 0A 10 11 05 22 58 00 
008      0A 0A 00 00 06 22 58 00 
008      14 0A 10 11 05 22 58 01 
008      14 0A 10 11 05 22 58 02 
008      0A 0A 00 00 06 22 58 02 
008      08 82 00 01 00 00 00 00 
008      00 01 04 14 00 04 2C 00 
008      00 01 04 14 00 04 0C 00 
008      04 0A 04 40 00 00 04 25 
008      00 01 04 10 00 04 0C 00 
008      00 01 04 00 00 04 0C 00 
008      14 0A 10 11 05 22 58 04 
008      0A 0A 00 00 06 22 58 05 
008      14 0A 10 11 05 22 58 05 
008      14 0A 10 11 05 22 58 06 
008      0A 0A 00 00 06 22 58 06 
008      14 0A 10 11 05 22 58 07 
008      14 0A 10 11 05 22 58 08 
008      0A 0A 00 00 06 22 58 08 
008      14 0A 10 11 05 22 58 09 
008      14 0A 10 11 05 22 58 10 
008      0A 0A 00 00 06 22 58 10 
008      14 0A 10 11 05 22 58 11 
008      0A 0A 00 00 06 22 58 12 
008      14 0A 10 11 05 22 58 12 
008      14 0A 10 11 05 22 58 13 
008      0A 0A 00 00 06 22 58 13 
008      14 0A 10 11 05 22 58 14 
008      14 0A 10 11 05 22 58 15 
008      0A 0A 00 00 06 22 58 15 
008      14 0A 10 11 05 22 58 16 
008      0A 0A 00 00 06 22 58 17 
008      14 0A 10 11 05 22 58 18 
008      0A 0A 00 00 06 22 58 19 
008      14 0A 10 11 05 22 58 19 
008      14 0A 10 11 05 22 58 20 
008      0A 0A 00 00 06 22 58 20 
008      14 0A 10 11 05 22 58 21 
008      14 0A 10 11 05 22 58 22 
008      0A 0A 00 00 06 22 58 22 
00A      01 6E 01 00 00 00 00 00 
008      03 0A 01 00 00 00 00 00 
008      07 0A 01 00 00 00 00 00 
008      09 0A 01 00 00 00 00 00 
008      00 01 04 03 00 04 0E 00 
00A      00 6E 01 00 00 00 00 00 
008      14 0A 10 11 05 22 58 23 
008      14 0A 10 11 05 22 58 24 
008      0A 0A 00 00 06 22 58 24 
008      14 0A 10 11 05 22 58 25 
008      00 01 04 03 00 04 0A 00 
008      14 0A 10 11 05 22 58 26 
008      0A 0A FD 80 05 22 58 26 
008      00 01 04 03 00 04 02 00 
008      00 01 03 03 00 03 02 00 
008      14 0A 10 11 05 22 58 27 
008      00 01 03 03 00 03 06 00 
008      14 0A 10 11 05 22 58 28 
008      00 01 03 03 00 03 0E 00 
008      0A 0A FD 43 04 22 58 28 
008      00 01 03 03 00 03 0A 00 
008      14 0A 10 11 05 22 58 29 
008      00 86 00 00 00 01 01 05 
008      00 01 02 03 00 02 02 00 
008      14 0A 10 11 05 22 58 30 
008      00 01 02 03 00 02 06 00 
008      0A 0A FD 42 02 22 58 30 
008      00 01 02 03 00 02 0E 00 
008      00 01 02 03 00 02 0A 00 
008      14 0A 10 11 05 22 58 31 
008      14 0A 10 11 05 22 58 32 
008      00 85 00 00 00 20 20 31 
008      00 01 01 03 00 01 02 00 
008      04 0A 04 00 00 01 01 25 
008      00 BC 01 00 00 00 00 00 
008      0A 0A FD 43 01 22 58 32 
008      00 01 01 03 00 01 06 00 
008      02 82 00 00 00 00 00 00 
008      00 01 01 03 00 01 56 00 
008      04 0A 05 00 00 01 01 25 
008      00 01 01 03 00 01 46 00 
008      14 0A 10 11 05 22 58 33 
008      02 82 00 01 00 00 00 00 
008      00 01 01 03 00 01 4E 00 
008      00 01 01 03 00 01 5E 00 
008      14 0A 10 11 05 22 58 34 
008      04 0A 05 00 00 00 01 25 
008      00 01 01 04 00 01 0E 00 
008      04 0A 04 00 00 00 01 25 
008      0A 0A 00 00 00 22 58 35 
008      00 01 01 04 00 01 1E 00 
008      00 01 01 01 00 01 1C 00 
008      00 01 01 01 00 01 0C 00 
008      04 0A 04 20 00 00 01 25 
008      00 01 01 09 00 01 0C 00 
008      00 01 01 09 00 01 1C 00 
008      14 0A 10 11 05 22 58 36 
008      00 86 00 00 00 01 01 01 
008      00 86 00 00 00 01 01 00 
008      01 BC 01 00 00 00 00 00 
008      00 86 00 00 00 01 01 02 
008      14 0A 10 11 05 22 58 37 
00A      01 6E 03 00 00 00 00 00 
008      03 0A 04 00 00 00 00 00 
008      07 0A 04 00 00 00 00 00 
00A      00 6E 03 00 00 00 00 00 
008      09 0A 04 00 00 00 00 00 
008      0A 0A 00 00 00 22 58 38 
008      14 0A 10 11 05 22 58 39 
008      14 0A 10 11 05 22 58 40 
008      0A 0A 00 00 00 22 58 40 
008      00 01 01 11 00 01 0C 00 
008      04 0A 04 40 00 00 01 25 
008      00 01 01 11 00 01 1C 00 
008      00 01 01 02 00 01 0D 00 
008      14 0A 10 11 05 22 58 41 
008      14 0A 10 11 05 22 58 42 
008      0A 0A 00 00 00 22 58 42 
008      14 0A 10 11 05 22 58 43 
008      00 01 01 02 00 01 05 00 
008      14 0A 10 11 05 22 58 44 
008      0A 0A 02 4D 00 22 58 44 
008      00 01 01 02 00 01 01 00 
008      14 0A 10 11 05 22 58 45 
008      00 01 02 02 00 02 09 00 
008      14 0A 10 11 05 22 58 46 
008      0A 0A 02 C7 02 22 58 46 
008      14 0A 10 11 05 22 58 47 
008      14 0A 10 11 05 22 58 48 
008      0A 0A 02 9D 03 22 58 48 
008      00 01 03 02 00 03 59 00 
008      04 0A 05 00 00 01 03 25 
008      00 01 03 02 00 03 49 00 
008      00 01 03 02 00 03 4D 00 
008      00 01 03 02 00 03 5D 00 
008      14 0A 10 11 05 22 58 49 
008      14 0A 10 11 05 22 58 50 
008      04 0A 05 00 00 00 03 25 
008      00 01 03 01 00 03 0D 00 
008      04 0A 04 00 00 00 03 25 
008      00 01 03 01 00 03 1D 00 
008      0A 0A 00 00 04 22 58 51 
008      00 01 03 01 00 03 1C 00 
008      00 01 03 01 00 03 0C 00 
008      00 01 03 09 00 03 0C 00 
008      04 0A 04 20 00 00 03 25 
008      00 01 03 09 00 03 1C 00 
008      00 86 00 00 00 03 01 01 
008      00 86 00 00 00 03 01 00 
008      14 0A 10 11 05 22 58 52 
008      01 BC 03 00 00 00 00 00 
008      00 86 00 00 00 03 01 02 
008      14 0A 10 11 05 22 58 53 
008      0A 0A 00 00 04 22 58 53 
008      14 0A 10 11 05 22 58 54 
008      14 0A 10 11 05 22 58 55 
008      0A 0A 00 00 04 22 58 55 
008      00 01 03 11 00 03 0C 00 
008      04 0A 04 40 00 00 03 25 
008      00 01 03 11 00 03 1C 00 
008      00 86 00 00 00 03 01 04 
008      00 01 03 00 00 03 0C 00 
008      14 0A 10 11 05 22 58 56 
008      14 0A 10 11 05 22 58 57 
008      0A 0A 00 00 04 22 58 57 
008      14 0A 10 11 05 22 58 58 
008      14 0A 10 11 05 22 58 59 
008      0A 0A 00 00 04 22 58 59 
008      00 01 03 08 00 03 0C 00 
008      14 0A 10 11 05 22 59 00 
008      14 0A 10 11 05 22 59 01 
008      0A 0A 00 00 04 22 59 01 
008      14 0A 10 11 05 22 59 02 
008      14 0A 10 11 05 22 59 03 
008      0A 0A 00 00 04 22 59 03 
008      00 01 03 10 00 03 0C 00 
008      14 0A 10 11 05 22 59 04 
008      14 0A 10 11 05 22 59 05 
008      0A 0A 00 00 04 22 59 05 
008      14 0A 10 11 05 22 59 06 
008      14 0A 10 11 05 22 59 07 
008      0A 0A 00 00 04 22 59 07 
008      14 0A 10 11 05 22 59 08 
008      0A 0A 00 00 04 22 59 09 
008      14 0A 10 11 05 22 59 09 
008      14 0A 10 11 05 22 59 10 
008      0A 0A 00 00 04 22 59 10 
008      14 0A 10 11 05 22 59 11 
008      14 0A 10 11 05 22 59 12 
008      0A 0A 00 00 04 22 59 12 
008      14 0A 10 11 05 22 59 13 
008      0A 0A 00 00 04 22 59 14 
008      14 0A 10 11 05 22 59 15 
008      0A 0A 00 00 04 22 59 16 
008      14 0A 10 11 05 22 59 16 
008      14 0A 10 11 05 22 59 17 
008      0A 0A 00 00 04 22 59 17 
008      14 0A 10 11 05 22 59 18 
008      14 0A 10 11 05 22 59 19 
008      0A 0A 00 00 04 22 59 19 
008      14 0A 10 11 05 22 59 20 
008      0A 0A 00 00 04 22 59 21 
008      14 0A 10 11 05 22 59 22 
008      0A 0A 00 00 04 22 59 22 
008      14 0A 10 11 05 22 59 23 
008      14 0A 10 11 05 22 59 24 
008      0A 0A 00 00 04 22 59 24 
008      14 0A 10 11 05 22 59 25 
008      14 0A 10 11 05 22 59 26 
008      0A 0A 00 00 04 22 59 26 
008      14 0A 10 11 05 22 59 27 
008      14 0A 10 11 05 22 59 28 
008      0A 0A 00 00 04 22 59 28 
008      14 0A 10 11 05 22 59 29 
008      14 0A 10 11 05 22 59 30 
008      0A 0A 00 00 04 22 59 30 
008      14 0A 10 11 05 22 59 31 
008      0A 0A 00 00 04 22 59 32 
008      14 0A 10 11 05 22 59 32 
008      14 0A 10 11 05 22 59 33 
008      0A 0A 00 00 04 22 59 33 
008      14 0A 10 11 05 22 59 34 
008      14 0A 10 11 05 22 59 35 
008      0A 0A 00 00 04 22 59 35 
008      14 0A 10 11 05 22 59 36 
008      0A 0A 00 00 04 22 59 37 
008      14 0A 10 11 05 22 59 38 
008      0A 0A 00 00 04 22 59 39 
008      14 0A 10 11 05 22 59 39 
008      14 0A 10 11 05 22 59 40 
008      0A 0A 00 00 04 22 59 40 
008      14 0A 10 11 05 22 59 41 
008      14 0A 10 11 05 22 59 42 
008      0A 0A 00 00 04 22 59 42 
008      14 0A 10 11 05 22 59 43 
008      0A 0A 00 00 04 22 59 44 
008      14 0A 10 11 05 22 59 45 
008      0A 0A 00 00 04 22 59 46 
008      14 0A 10 11 05 22 59 46 
008      14 0A 10 11 05 22 59 47 
008      0A 0A 00 00 04 22 59 47 
008      14 0A 10 11 05 22 59 48 
008      14 0A 10 11 05 22 59 49 
008      0A 0A 00 00 04 22 59 49 
008      14 0A 10 11 05 22 59 50 
008      0A 0A 00 00 04 22 59 51 
008      14 0A 10 11 05 22 59 52 
008      0A 0A 00 00 04 22 59 52 
008      14 0A 10 11 05 22 59 53 
008      14 0A 10 11 05 22 59 54 
008      0A 0A 00 00 04 22 59 54 
008      14 0A 10 11 05 22 59 56 
008      0A 0A 00 00 04 22 59 57 
008      14 0A 10 11 05 22 59 58 
008      0A 0A 00 00 04 22 59 59 
008      14 0A 10 11 05 23 00 00 
008      14 0A 10 11 05 23 00 01 
008      0A 0A 00 00 04 23 00 01 
008      14 0A 10 11 05 23 00 02 
008      14 0A 10 11 05 23 00 03 
008      0A 0A 00 00 04 23 00 03 
008      14 0A 10 11 05 23 00 04 
008      14 0A 10 11 05 23 00 05 
008      0A 0A 00 00 04 23 00 05 
008      14 0A 10 11 05 23 00 06 
008      14 0A 10 11 05 23 00 07 
008      0A 0A 00 00 04 23 00 08 
008      14 0A 10 11 05 23 00 08 
008      14 0A 10 11 05 23 00 09 
008      0A 0A 00 A3 04 23 00 09 
008      14 0A 10 11 05 23 00 10 
008      14 0A 10 11 05 23 00 11 
008      0A 0A 02 86 05 23 00 11 
008      14 0A 10 11 05 23 00 12 
008      14 0A 10 11 05 23 00 13 
008      0A 0A 00 1A 06 23 00 13 
008      14 0A 10 11 05 23 00 15 
008      14 0A 10 11 05 23 00 16 
008      0A 0A 00 00 06 23 00 16 
008      14 0A 10 11 05 23 00 18 
008      0A 0A 00 00 06 23 00 19 
008      14 0A 10 11 05 23 00 20 
008      14 0A 10 11 05 23 00 21 
008      0A 0A 00 00 06 23 00 21 
008      14 0A 10 11 05 23 00 22 
008      0A 0A 00 00 06 23 00 23 
008      14 0A 10 11 05 23 00 23 
008      14 0A 10 11 05 23 00 24 
008      0A 0A 00 00 06 23 00 24 
008      14 0A 10 11 05 23 00 25 
008      14 0A 10 11 05 23 00 26 
008      0A 0A 00 00 06 23 00 26 
008      14 0A 10 11 05 23 00 27 
008      0A 0A 00 00 06 23 00 28 
008      14 0A 10 11 05 23 00 29 
008      0A 0A 00 00 06 23 00 30 
008      14 0A 10 11 05 23 00 30 
008      14 0A 10 11 05 23 00 31 
008      0A 0A 00 00 06 23 00 31 
008      14 0A 10 11 05 23 00 32 
008      14 0A 10 11 05 23 00 33 
008      0A 0A 00 00 06 23 00 33 
008      14 0A 10 11 05 23 00 34 
008      0A 0A 00 00 06 23 00 35 
008      14 0A 10 11 05 23 00 36 
008      0A 0A 00 00 06 23 00 36 
008      14 0A 10 11 05 23 00 37 
008      14 0A 10 11 05 23 00 38 
008      0A 0A 00 00 06 23 00 38 
008      14 0A 10 11 05 23 00 39 
008      14 0A 10 11 05 23 00 40 
008      0A 0A 00 00 06 23 00 40 
008      14 0A 10 11 05 23 00 41 
008      0A 0A 00 00 06 23 00 42 
008      14 0A 10 11 05 23 00 42 
008      14 0A 10 11 05 23 00 43 
008      0A 0A 00 00 06 23 00 43 
008      14 0A 10 11 05 23 00 44 
008      14 0A 10 11 05 23 00 45 
008      0A 0A 00 00 06 23 00 45 
008      14 0A 10 11 05 23 00 46 
008      0A 0A 00 00 06 23 00 47 
008      14 0A 10 11 05 23 00 48 
008      0A 0A 00 00 06 23 00 49 
008      14 0A 10 11 05 23 00 49 
008      14 0A 10 11 05 23 00 50 
008      0A 0A 00 00 06 23 00 50 
008      14 0A 10 11 05 23 00 51 
008      14 0A 10 11 05 23 00 52 
008      0A 0A 00 00 06 23 00 52 
008      14 0A 10 11 05 23 00 53 
008      0A 0A 00 00 06 23 00 54 
008      14 0A 10 11 05 23 00 55 
008      0A 0A 00 00 06 23 00 56 
008      14 0A 10 11 05 23 00 56 
008      14 0A 10 11 05 23 00 57 
008      0A 0A 00 00 06 23 00 57 
008      14 0A 10 11 05 23 00 58 
008      14 0A 10 11 05 23 00 59 
008      0A 0A 00 00 06 23 00 59 
008      14 0A 10 11 05 23 01 00 
008      0A 0A 00 00 06 23 01 01 
008      14 0A 10 11 05 23 01 02 
008      0A 0A FF F5 06 23 01 03 
008      14 0A 10 11 05 23 01 04 
008      0A 0A FD 3D 05 23 01 05 
008      14 0A 10 11 05 23 01 06 
008      0A 0A FD 42 03 23 01 07 
00A      01 6E 02 00 00 00 00 00 
008      00 86 00 00 00 02 01 15 
008      03 0A 03 00 00 00 00 00 
008      07 0A 03 00 00 00 00 00 
008      09 0A 03 00 00 00 00 00 
00A      00 6E 02 00 00 00 00 00 
008      14 0A 10 11 05 23 01 09 
008      00 01 02 03 00 02 A6 00 
008      04 0A 06 00 00 01 02 25 
008      00 01 02 03 00 02 86 00 
008      00 01 02 03 00 02 8E 00 
008      00 01 02 03 00 02 AE 00 
008      0A 0A FF 79 02 23 01 10 
008      00 01 02 04 00 02 0E 00 
008      00 01 02 04 00 02 2E 00 
008      14 0A 10 11 05 23 01 11 
008      00 01 02 04 00 02 2C 00 
008      00 01 02 04 00 02 0C 00 
008      14 0A 10 11 05 23 01 12 
008      00 01 02 0C 00 02 0C 00 
008      00 01 02 0C 00 02 2C 00 
008      04 0A 04 20 00 00 02 25 
008      00 86 00 00 00 02 01 01 
008      00 86 00 00 00 02 01 00 
008      00 86 00 00 00 02 01 02 
008      0A 0A 00 00 02 23 01 13 
008      14 0A 10 11 05 23 01 14 
008      0A 0A 00 00 02 23 01 15 
008      00 01 02 14 00 02 2C 00 
008      04 0A 04 40 00 00 02 25 
008      00 01 02 14 00 02 0C 00 
008      14 0A 10 11 05 23 01 16 
008      14 0A 10 11 05 23 01 17 
008      0A 0A 00 00 02 23 01 17 
008      14 0A 10 11 05 23 01 18 
008      0A 0A FF 69 02 23 01 19 
008      14 0A 10 11 05 23 01 20 
008      0A 0A FD 7E 01 23 01 21 
008      14 0A 10 11 05 23 01 22 
008      14 0A 10 11 05 23 01 23 
008      0A 0A FF D3 00 23 01 23 
008      14 0A 10 11 05 23 01 24 
008      14 0A 10 11 05 23 01 25 
008      0A 0A 00 00 00 23 01 26 
008      14 0A 10 11 05 23 01 27 
008      0A 0A 00 00 00 23 01 28 
008      07 0A 0C 00 00 00 00 00 
008      09 0A 0C 00 00 00 00 00 
008      03 0A 0C 00 00 00 00 00 
008      14 0A 10 11 05 23 01 29 
008      14 0A 10 11 05 23 01 30 
008      0A 0A 00 00 00 23 01 30 
008      14 0A 10 11 05 23 01 31 
008      14 0A 10 11 05 23 01 32 
008      0A 0A 02 27 00 23 01 32 
008      14 0A 10 11 05 23 01 33 
008      14 0A 10 11 05 23 01 34 
008      0A 0A 02 C4 02 23 01 34 
008      14 0A 10 11 05 23 01 35 
008      14 0A 10 11 05 23 01 36 
008      0A 0A 02 BB 03 23 01 36 
008      14 0A 10 11 05 23 01 37 
008      14 0A 10 11 05 23 01 38 
008      0A 0A 00 00 04 23 01 39 
008      14 0A 10 11 05 23 01 40 
008      14 0A 10 11 05 23 01 41 
008      0A 0A 00 00 04 23 01 41 
008      14 0A 10 11 05 23 01 42 
008      14 0A 10 11 05 23 01 43 
008      0A 0A 00 00 04 23 01 43 
008      14 0A 10 11 05 23 01 45 
008      0A 0A 00 00 04 23 01 46 
008      14 0A 10 11 05 23 01 46 
008      14 0A 10 11 05 23 01 47 
008      0A 0A 02 0B 04 23 01 47 
008      14 0A 10 11 05 23 01 48 
008      14 0A 10 11 05 23 01 49 
008      0A 0A 02 1E 05 23 01 50 
008      14 0A 10 11 05 23 01 51 
008      0A 0A 00 00 06 23 01 52 
008      14 0A 10 11 05 23 01 53 
008      14 0A 10 11 05 23 01 54 
008      0A 0A 00 00 06 23 01 54 
008      14 0A 10 11 05 23 01 55 
008      14 0A 10 11 05 23 01 56 
008      0A 0A 00 00 06 23 01 57 
008      14 0A 10 11 05 23 01 58 
008      14 0A 10 11 05 23 01 59 
008      0A 0A 00 00 06 23 01 59 
008      14 0A 10 11 05 23 02 00 
008      0A 0A 00 00 06 23 02 01 
008      14 0A 10 11 05 23 02 02 
008      0A 0A 00 00 06 23 02 02 
008      14 0A 10 11 05 23 02 03 
008      14 0A 10 11 05 23 02 04 
008      0A 0A 00 00 06 23 02 04 
008      14 0A 10 11 05 23 02 05 
008      14 0A 10 11 05 23 02 06 
008      0A 0A 00 00 06 23 02 06 
008      14 0A 10 11 05 23 02 07 
008      0A 0A 00 00 06 23 02 08 
008      14 0A 10 11 05 23 02 08 
008      14 0A 10 11 05 23 02 09 
008      0A 0A 00 00 06 23 02 09 
008      14 0A 10 11 05 23 02 10 
008      14 0A 10 11 05 23 02 11 
008      0A 0A 00 00 06 23 02 11 
008      14 0A 10 11 05 23 02 12 
008      0A 0A 00 00 06 23 02 13 
008      14 0A 10 11 05 23 02 14 
008      0A 0A 00 00 06 23 02 15 
008      14 0A 10 11 05 23 02 15 
008      14 0A 10 11 05 23 02 16 
008      0A 0A 00 00 06 23 02 16 
008      14 0A 10 11 05 23 02 17 
008      14 0A 10 11 05 23 02 18 
008      0A 0A 00 00 06 23 02 18 
008      14 0A 10 11 05 23 02 19 
008      0A 0A 00 00 06 23 02 20 
008      14 0A 10 11 05 23 02 21 
008      0A 0A 00 00 06 23 02 22 
008      14 0A 10 11 05 23 02 22 
008      14 0A 10 11 05 23 02 23 
008      0A 0A 00 00 06 23 02 23 
008      14 0A 10 11 05 23 02 24 
008      14 0A 10 11 05 23 02 25 
008      0A 0A 00 00 06 23 02 25 
008      14 0A 10 11 05 23 02 26 
008      0A 0A 00 00 06 23 02 27 
008      14 0A 10 11 05 23 02 28 
008      0A 0A 00 00 06 23 02 28 
008      14 0A 10 11 05 23 02 29 
008      09 0A 02 00 00 00 00 00 
008      03 0A 02 00 00 00 00 00 
008      07 0A 02 00 00 00 00 00 
008      14 0A 10 11 05 23 02 30 
008      0A 0A 00 00 06 23 02 30 
008      03 0A 06 00 00 00 00 00 
008      00 86 00 00 00 03 01 15 
008      07 0A 06 00 00 00 00 00 
008      09 0A 06 00 00 00 00 00 
008      14 0A 10 11 05 23 02 32 
008      0A 0A FD EC 05 23 02 33 
008      14 0A 10 11 05 23 02 34 
008      0A 0A FD 45 04 23 02 35 
008      14 0A 10 11 05 23 02 36 
008      0A 0A FD 47 03 23 02 37 
008      14 0A 10 11 05 23 02 38 
008      14 0A 10 11 05 23 02 39 
008      0A 0A 00 00 02 23 02 39 
008      14 0A 10 11 05 23 02 41 
008      14 0A 10 11 05 23 02 42 
008      0A 0A 00 00 02 23 02 42 
008      14 0A 10 11 05 23 02 43 
008      0A 0A 00 00 02 23 02 44 
008      00 01 02 10 00 02 0C 00 
008      14 0A 10 11 05 23 02 45 
008      14 0A 10 11 05 23 02 46 
008      0A 0A 00 00 02 23 02 46 
008      14 0A 10 11 05 23 02 47 
008      14 0A 10 11 05 23 02 48 
008      0A 0A 00 00 02 23 02 48 
008      14 0A 10 11 05 23 02 49 
008      14 0A 10 11 05 23 02 50 
008      0A 0A 00 00 02 23 02 50 
008      14 0A 10 11 05 23 02 51 
008      0A 0A 00 00 02 23 02 52 
008      14 0A 10 11 05 23 02 53 
008      0A 0A 00 00 02 23 02 54 
008      14 0A 10 11 05 23 02 54 
008      14 0A 10 11 05 23 02 55 
008      0A 0A 00 00 02 23 02 55 
008      14 0A 10 11 05 23 02 56 
008      14 0A 10 11 05 23 02 57 
008      0A 0A 00 00 02 23 02 57 
008      14 0A 10 11 05 23 02 58 
008      0A 0A 00 00 02 23 02 59 
008      14 0A 10 11 05 23 03 00 
008      0A 0A 00 00 02 23 03 00 
008      14 0A 10 11 05 23 03 01 
008      14 0A 10 11 05 23 03 02 
008      0A 0A 00 00 02 23 03 02 
008      14 0A 10 11 05 23 03 03 
008      14 0A 10 11 05 23 03 04 
008      0A 0A 00 00 02 23 03 04 
008      14 0A 10 11 05 23 03 05 
008      0A 0A 00 00 02 23 03 06 
008      14 0A 10 11 05 23 03 07 
008      0A 0A 00 00 02 23 03 07 
008      14 0A 10 11 05 23 03 08 
008      14 0A 10 11 05 23 03 09 
008      0A 0A 00 00 02 23 03 09 
008      14 0A 10 11 05 23 03 10 
008      14 0A 10 11 05 23 03 11 
008      0A 0A 00 00 02 23 03 11 
008      14 0A 10 11 05 23 03 12 
008      0A 0A 00 00 02 23 03 13 
008      14 0A 10 11 05 23 03 13 
008      14 0A 10 11 05 23 03 14 
008      0A 0A 00 00 02 23 03 14 
008      14 0A 10 11 05 23 03 15 
008      14 0A 10 11 05 23 03 16 
008      0A 0A 00 00 02 23 03 16 
008      14 0A 10 11 05 23 03 17 
008      0A 0A 00 00 02 23 03 18 
008      14 0A 10 11 05 23 03 19 
008      0A 0A 00 00 02 23 03 20 
008      14 0A 10 11 05 23 03 20 
008      14 0A 10 11 05 23 03 21 
008      0A 0A 00 00 02 23 03 21 
008      14 0A 10 11 05 23 03 22 
008      14 0A 10 11 05 23 03 23 
008      0A 0A 00 00 02 23 03 23 
008      14 0A 10 11 05 23 03 24 
008      0A 0A 00 00 02 23 03 25 
008      14 0A 10 11 05 23 03 26 
008      0A 0A 00 00 02 23 03 26 
008      14 0A 10 11 05 23 03 27 
008      14 0A 10 11 05 23 03 28 
008      0A 0A 00 00 02 23 03 28 
008      14 0A 10 11 05 23 03 29 
008      14 0A 10 11 05 23 03 30 
008      0A 0A 00 00 02 23 03 30 
008      14 0A 10 11 05 23 03 31 
008      0A 0A 00 00 02 23 03 32 
008      14 0A 10 11 05 23 03 33 
008      0A 0A 00 00 02 23 03 33 
008      14 0A 10 11 05 23 03 34 
008      14 0A 10 11 05 23 03 35 
008      0A 0A 00 00 02 23 03 35 
008      14 0A 10 11 05 23 03 36 
008      14 0A 10 11 05 23 03 37 
008      0A 0A 00 00 02 23 03 37 
008      14 0A 10 11 05 23 03 38 
008      14 0A 10 11 05 23 03 39 
008      0A 0A 00 00 02 23 03 39 
008      14 0A 10 11 05 23 03 40 
008      0A 0A 00 00 02 23 03 41 
008      14 0A 10 11 05 23 03 42 
008      0A 0A 00 00 02 23 03 43 
008      14 0A 10 11 05 23 03 43 
008      14 0A 10 11 05 23 03 44 
008      0A 0A 00 00 02 23 03 44 
008      14 0A 10 11 05 23 03 45 
008      14 0A 10 11 05 23 03 46 
008      0A 0A 00 00 02 23 03 46 
008      14 0A 10 11 05 23 03 47 
008      0A 0A 00 00 02 23 03 48 
008      14 0A 10 11 05 23 03 49 
008      0A 0A 00 00 02 23 03 49 
008      14 0A 10 11 05 23 03 50 
008      14 0A 10 11 05 23 03 51 
008      0A 0A 00 00 02 23 03 51 
008      14 0A 10 11 05 23 03 52 
008      14 0A 10 11 05 23 03 53 
008      0A 0A 00 00 02 23 03 53 
008      14 0A 10 11 05 23 03 54 
008      0A 0A 00 00 02 23 03 55 
008      14 0A 10 11 05 23 03 56 
008      0A 0A 00 00 02 23 03 56 
008      14 0A 10 11 05 23 03 57 
008      14 0A 10 11 05 23 03 58 
008      0A 0A 00 00 02 23 03 58 
008      14 0A 10 11 05 23 03 59 
008      14 0A 10 11 05 23 04 00 
008      0A 0A 00 00 02 23 04 00 
008      14 0A 10 11 05 23 04 01 
008      0A 0A 00 00 02 23 04 02 
008      14 0A 10 11 05 23 04 02 
008      14 0A 10 11 05 23 04 03 
008      0A 0A 00 00 02 23 04 03 
008      14 0A 10 11 05 23 04 04 
008      14 0A 10 11 05 23 04 05 
008      0A 0A 00 00 02 23 04 05 
008      14 0A 10 11 05 23 04 06 
008      0A 0A 00 00 02 23 04 07 
008      14 0A 10 11 05 23 04 08 
008      0A 0A 00 00 02 23 04 09 
008      14 0A 10 11 05 23 04 09 
008      14 0A 10 11 05 23 04 10 
008      0A 0A 00 00 02 23 04 10 
008      14 0A 10 11 05 23 04 11 
008      14 0A 10 11 05 23 04 12 
008      0A 0A 00 00 02 23 04 12 
008      14 0A 10 11 05 23 04 13 
008      0A 0A 00 00 02 23 04 14 
008      14 0A 10 11 05 23 04 15 
008      0A 0A 00 00 02 23 04 15 
008      14 0A 10 11 05 23 04 16 
008      14 0A 10 11 05 23 04 17 
008      0A 0A 00 00 02 23 04 17 
008      14 0A 10 11 05 23 04 18 
008      14 0A 10 11 05 23 04 19 
008      0A 0A 00 00 02 23 04 19 
008      14 0A 10 11 05 23 04 20 
008      0A 0A 00 00 02 23 04 21 
008      14 0A 10 11 05 23 04 22 
008      0A 0A 00 00 02 23 04 22 
008      14 0A 10 11 05 23 04 23 
008      14 0A 10 11 05 23 04 24 
008      0A 0A 00 00 02 23 04 24 
008      14 0A 10 11 05 23 04 25 
008      14 0A 10 11 05 23 04 26 
008      0A 0A 00 00 02 23 04 26 
008      14 0A 10 11 05 23 04 27 
008      14 0A 10 11 05 23 04 28 
008      0A 0A 00 00 02 23 04 28 
008      14 0A 10 11 05 23 04 29 
008      0A 0A 00 00 02 23 04 30 
008      14 0A 10 11 05 23 04 31 
008      0A 0A 00 00 02 23 04 32 
008      14 0A 10 11 05 23 04 32 
008      14 0A 10 11 05 23 04 33 
008      0A 0A 00 00 02 23 04 33 
008      14 0A 10 11 05 23 04 34 
008      14 0A 10 11 05 23 04 35 
008      0A 0A 00 00 02 23 04 35 
008      14 0A 10 11 05 23 04 36 
008      0A 0A 00 00 02 23 04 37 
008      14 0A 10 11 05 23 04 38 
008      0A 0A 00 00 02 23 04 39 
008      14 0A 10 11 05 23 04 39 
008      14 0A 10 11 05 23 04 40 
008      0A 0A 00 00 02 23 04 40 
008      14 0A 10 11 05 23 04 41 
008      14 0A 10 11 05 23 04 42 
008      0A 0A 00 00 02 23 04 42 
008      14 0A 10 11 05 23 04 43 
008      0A 0A 00 00 02 23 04 44 
008      14 0A 10 11 05 23 04 45 
008      0A 0A 00 00 02 23 04 45 
008      14 0A 10 11 05 23 04 46 
008      14 0A 10 11 05 23 04 47 
008      0A 0A 00 00 02 23 04 47 
008      14 0A 10 11 05 23 04 48 
008      14 0A 10 11 05 23 04 49 
008      0A 0A 00 00 02 23 04 49 
008      14 0A 10 11 05 23 04 50 
008      0A 0A 00 00 02 23 04 51 
008      14 0A 10 11 05 23 04 51 
008      14 0A 10 11 05 23 04 52 
008      0A 0A 00 00 02 23 04 52 
008      14 0A 10 11 05 23 04 53 
008      14 0A 10 11 05 23 04 54 
008      0A 0A 00 00 02 23 04 54 
008      14 0A 10 11 05 23 04 55 
008      0A 0A 00 00 02 23 04 56 
008      14 0A 10 11 05 23 04 57 
008      0A 0A 00 00 02 23 04 58 
008      14 0A 10 11 05 23 04 58 
008      14 0A 10 11 05 23 04 59 
008      0A 0A 00 00 02 23 04 59 
008      14 0A 10 11 05 23 05 00 
008      14 0A 10 11 05 23 05 01 
008      0A 0A 00 00 02 23 05 01 
008      14 0A 10 11 05 23 05 02 
008      0A 0A 00 00 02 23 05 03 
008      14 0A 10 11 05 23 05 04 
008      0A 0A 00 00 02 23 05 04 
008      14 0A 10 11 05 23 05 05 
008      14 0A 10 11 05 23 05 06 
008      0A 0A 00 00 02 23 05 06 
008      14 0A 10 11 05 23 05 07 
008      14 0A 10 11 05 23 05 08 
008      0A 0A 00 00 02 23 05 08 
008      14 0A 10 11 05 23 05 09 
008      0A 0A 00 00 02 23 05 10 
008      14 0A 10 11 05 23 05 11 
008      0A 0A 00 00 02 23 05 11 
008      14 0A 10 11 05 23 05 12 
008      14 0A 10 11 05 23 05 13 
008      0A 0A 00 00 02 23 05 13 
008      14 0A 10 11 05 23 05 14 
008      14 0A 10 11 05 23 05 15 
008      0A 0A 00 00 02 23 05 15 
008      14 0A 10 11 05 23 05 16 
008      0A 0A 00 00 02 23 05 17 
008      14 0A 10 11 05 23 05 18 
008      14 0A 10 11 05 23 05 19 
008      0A 0A 00 00 02 23 05 19 
008      14 0A 10 11 05 23 05 20 
008      0A 0A 00 00 02 23 05 21 
008      14 0A 10 11 05 23 05 21 
008      14 0A 10 11 05 23 05 22 
008      0A 0A 00 00 02 23 05 22 
008      14 0A 10 11 05 23 05 23 
008      14 0A 10 11 05 23 05 24 
008      0A 0A 00 00 02 23 05 24 
008      14 0A 10 11 05 23 05 25 
008      0A 0A 00 00 02 23 05 26 
008      14 0A 10 11 05 23 05 27 
008      0A 0A 00 00 02 23 05 28 
008      14 0A 10 11 05 23 05 28 
008      14 0A 10 11 05 23 05 29 
008      0A 0A 00 00 02 23 05 29 
008      14 0A 10 11 05 23 05 30 
008      14 0A 10 11 05 23 05 31 
008      0A 0A 00 00 02 23 05 31 
008      14 0A 10 11 05 23 05 32 
008      0A 0A 00 00 02 23 05 33 
008      14 0A 10 11 05 23 05 34 
008      0A 0A 00 00 02 23 05 34 
008      14 0A 10 11 05 23 05 35 
008      14 0A 10 11 05 23 05 36 
008      0A 0A 00 00 02 23 05 36 
008      14 0A 10 11 05 23 05 37 
008      14 0A 10 11 05 23 05 38 
008      0A 0A 00 00 02 23 05 38 
008      14 0A 10 11 05 23 05 39 
008      0A 0A 00 00 02 23 05 40 
008      14 0A 10 11 05 23 05 40 
008      14 0A 10 11 05 23 05 41 
008      0A 0A 00 00 02 23 05 41 
008      14 0A 10 11 05 23 05 42 
008      14 0A 10 11 05 23 05 43 
008      0A 0A 00 00 02 23 05 43 
008      14 0A 10 11 05 23 05 44 
008      0A 0A 00 00 02 23 05 45 
008      20 82 00 01 00 00 00 00 
008      04 0A 00 00 00 00 02 25 
008      14 0A 10 11 05 23 05 46 
008      04 0A 00 00 00 01 02 25 
008      14 0A 10 11 05 23 05 47 
008      0A 0A 00 00 02 23 05 47 
008      14 0A 10 11 05 23 05 48 
008      14 0A 10 11 05 23 05 49 
008      0A 0A FF 3F 02 23 05 49 
008      14 0A 10 11 05 23 05 50 
008      0A 0A FD 7B 01 23 05 51 
008      14 0A 10 11 05 23 05 52 
008      14 0A 10 11 05 23 05 53 
008      0A 0A 00 00 00 23 05 53 
008      14 0A 10 11 05 23 05 55 
008      0A 0A 00 00 00 23 05 56 
008      14 0A 10 11 05 23 05 57 
008      0A 0A 00 00 00 23 05 58 
008      00 01 01 10 00 01 0C 00 
008      00 01 01 00 00 01 0C 00 
008      14 0A 10 11 05 23 05 59 
008      14 0A 10 11 05 23 06 00 
008      0A 0A 00 00 00 23 06 00 
008      14 0A 10 11 05 23 06 01 
008      0A 0A 00 00 00 23 06 02 
008      14 0A 10 11 05 23 06 03 
008      0A 0A 00 00 00 23 06 03 
008      14 0A 10 11 05 23 06 04 
008      14 0A 10 11 05 23 06 05 
008      0A 0A 00 00 00 23 06 05 
008      14 0A 10 11 05 23 06 06 
008      14 0A 10 11 05 23 06 07 
008      0A 0A 00 00 00 23 06 07 
008      14 0A 10 11 05 23 06 08 
008      14 0A 10 11 05 23 06 09 
008      0A 0A 00 00 00 23 06 09 
008      14 0A 10 11 05 23 06 10 
008      14 0A 10 11 05 23 06 11 
008      0A 0A 00 00 00 23 06 11 
008      14 0A 10 11 05 23 06 12 
008      0A 0A 00 00 00 23 06 13 
008      14 0A 10 11 05 23 06 13 
008      14 0A 10 11 05 23 06 14 
008      0A 0A 00 00 00 23 06 14 
008      14 0A 10 11 05 23 06 15 
008      14 0A 10 11 05 23 06 16 
008      0A 0A 00 00 00 23 06 16 
008      14 0A 10 11 05 23 06 17 
008      0A 0A 00 00 00 23 06 18 
008      14 0A 10 11 05 23 06 19 
008      0A 0A 00 00 00 23 06 20 
008      14 0A 10 11 05 23 06 20 
008      14 0A 10 11 05 23 06 21 
008      0A 0A 00 00 00 23 06 21 
008      14 0A 10 11 05 23 06 22 
008      14 0A 10 11 05 23 06 23 
008      0A 0A 00 00 00 23 06 23 
008      14 0A 10 11 05 23 06 24 
008      14 0A 10 11 05 23 06 25 
008      0A 0A 00 06 00 23 06 25 
008      14 0A 10 11 05 23 06 26 
008      14 0A 10 11 05 23 06 27 
008      0A 0A 02 8C 01 23 06 27 
008      14 0A 10 11 05 23 06 28 
008      00 01 02 02 00 02 59 00 
008      04 0A 05 00 00 01 02 25 
008      00 01 02 02 00 02 49 00 
008      00 01 02 02 00 02 4D 00 
008      14 0A 10 11 05 23 06 29 
008      00 01 02 02 00 02 5D 00 
008      0A 0A 00 5B 02 23 06 29 
008      04 0A 05 00 00 00 02 25 
008      00 01 02 01 00 02 0D 00 
008      00 01 02 01 00 02 1D 00 
008      00 01 02 01 00 02 1C 00 
008      14 0A 10 11 05 23 06 31 
008      00 01 02 09 00 02 0C 00 
008      00 01 02 09 00 02 1C 00 
008      14 0A 10 11 05 23 06 32 
008      0A 0A 00 00 02 23 06 32 
008      14 0A 10 11 05 23 06 34 
008      0A 0A 00 00 02 23 06 35 
008      00 01 02 11 00 02 0C 00 
008      00 01 02 11 00 02 1C 00 
008      14 0A 10 11 05 23 06 36 
008      14 0A 10 11 05 23 06 37 
008      0A 0A 00 00 02 23 06 37 
008      14 0A 10 11 05 23 06 38 
008      0A 0A 01 B9 02 23 06 39 
008      14 0A 10 11 05 23 06 40 
008      0A 0A 02 77 03 23 06 41 
008      14 0A 10 11 05 23 06 42 
008      14 0A 10 11 05 23 06 43 
008      0A 0A 00 00 04 23 06 43 
008      14 0A 10 11 05 23 06 45 
008      0A 0A 00 00 04 23 06 46 
008      14 0A 10 11 05 23 06 47 
008      0A 0A 00 00 04 23 06 48 
008      14 0A 10 11 05 23 06 49 
008      14 0A 10 11 05 23 06 50 
008      0A 0A 00 00 04 23 06 50 
008      14 0A 10 11 05 23 06 51 
008      0A 0A 02 3C 04 23 06 52 
008      14 0A 10 11 05 23 06 53 
008      0A 0A 01 D1 06 23 06 54 
008      14 0A 10 11 05 23 06 55 
008      14 0A 10 11 05 23 06 56 
008      0A 0A 00 00 06 23 06 56 
008      14 0A 10 11 05 23 06 58 
008      14 0A 10 11 05 23 06 59 
008      0A 0A 00 00 06 23 06 59 
008      14 0A 10 11 05 23 07 00 
008      14 0A 10 11 05 23 07 01 
008      0A 0A 00 00 06 23 07 02 
008      14 0A 10 11 05 23 07 02 
008      14 0A 10 11 05 23 07 03 
008      0A 0A 00 00 06 23 07 03 
008      14 0A 10 11 05 23 07 04 
008      14 0A 10 11 05 23 07 05 
008      0A 0A 00 00 06 23 07 05 
008      14 0A 10 11 05 23 07 06 
008      0A 0A 00 00 06 23 07 07 
008      14 0A 10 11 05 23 07 08 
008      0A 0A 00 00 06 23 07 09 
008      14 0A 10 11 05 23 07 09 
008      14 0A 10 11 05 23 07 10 
008      0A 0A 00 00 06 23 07 10 
008      14 0A 10 11 05 23 07 11 
008      14 0A 10 11 05 23 07 12 
008      0A 0A 00 00 06 23 07 12 
008      14 0A 10 11 05 23 07 13 
008      0A 0A 00 00 06 23 07 14 
008      14 0A 10 11 05 23 07 15 
008      0A 0A 00 00 06 23 07 15 
008      14 0A 10 11 05 23 07 16 
008      14 0A 10 11 05 23 07 17 
008      0A 0A 00 00 06 23 07 17 
008      14 0A 10 11 05 23 07 18 
008      14 0A 10 11 05 23 07 19 
008      0A 0A 00 00 06 23 07 19 
008      14 0A 10 11 05 23 07 20 
008      0A 0A 00 00 06 23 07 21 
008      14 0A 10 11 05 23 07 21 
008      14 0A 10 11 05 23 07 22 
008      0A 0A 00 00 06 23 07 22 
008      14 0A 10 11 05 23 07 23 
008      14 0A 10 11 05 23 07 24 
008      0A 0A 00 00 06 23 07 24 
008      14 0A 10 11 05 23 07 25 
008      0A 0A 00 00 06 23 07 26 
008      14 0A 10 11 05 23 07 27 
008      0A 0A 00 00 06 23 07 28 
008      14 0A 10 11 05 23 07 28 
008      14 0A 10 11 05 23 07 29 
008      0A 0A 00 00 06 23 07 29 
008      14 0A 10 11 05 23 07 30 
008      14 0A 10 11 05 23 07 31 
008      0A 0A 00 00 06 23 07 31 
008      14 0A 10 11 05 23 07 32 
008      0A 0A 00 00 06 23 07 33 
008      14 0A 10 11 05 23 07 34 
008      0A 0A 00 00 06 23 07 35 
008      14 0A 10 11 05 23 07 35 
008      14 0A 10 11 05 23 07 36 
008      0A 0A 00 00 06 23 07 36 
008      14 0A 10 11 05 23 07 37 
008      14 0A 10 11 05 23 07 38 
008      0A 0A 00 00 06 23 07 38 
008      14 0A 10 11 05 23 07 39 
008      0A 0A 00 00 06 23 07 40 
008      14 0A 10 11 05 23 07 41 
008      0A 0A 00 00 06 23 07 41 
008      14 0A 10 11 05 23 07 42 
008      14 0A 10 11 05 23 07 43 
008      0A 0A 00 00 06 23 07 43 
008      14 0A 10 11 05 23 07 44 
008      14 0A 10 11 05 23 07 45 
008      0A 0A 00 00 06 23 07 45 
008      14 0A 10 11 05 23 07 46 
008      0A 0A 00 00 06 23 07 47 
008      14 0A 10 11 05 23 07 48 
008      14 0A 10 11 05 23 07 49 
008      0A 0A 00 00 06 23 07 49 
008      14 0A 10 11 05 23 07 50 
008      0A 0A 00 00 06 23 07 51 
008      14 0A 10 11 05 23 07 51 
008      14 0A 10 11 05 23 07 52 
008      0A 0A 00 00 06 23 07 52 
008      14 0A 10 11 05 23 07 53 
008      14 0A 10 11 05 23 07 54 
008      0A 0A 00 00 06 23 07 54 
008      14 0A 10 11 05 23 07 55 
008      0A 0A 00 00 06 23 07 56 
008      14 0A 10 11 05 23 07 57 
008      0A 0A 00 00 06 23 07 58 
008      14 0A 10 11 05 23 07 58 
008      14 0A 10 11 05 23 07 59 
008      0A 0A 00 00 06 23 07 59 
008      14 0A 10 11 05 23 08 00 
008      14 0A 10 11 05 23 08 01 
008      0A 0A 00 00 06 23 08 01 
008      14 0A 10 11 05 23 08 02 
008      0A 0A 00 00 06 23 08 03 
008      14 0A 10 11 05 23 08 04 
008      0A 0A 00 00 06 23 08 04 
008      14 0A 10 11 05 23 08 05 
008      14 0A 10 11 05 23 08 06 
008      0A 0A 00 00 06 23 08 06 
008      14 0A 10 11 05 23 08 07 
008      14 0A 10 11 05 23 08 08 
008      0A 0A 00 00 06 23 08 08 
008      14 0A 10 11 05 23 08 09 
008      0A 0A 00 00 06 23 08 10 
008      14 0A 10 11 05 23 08 11 
008      0A 0A 00 00 06 23 08 11 
008      14 0A 10 11 05 23 08 12 
008      14 0A 10 11 05 23 08 13 
008      0A 0A 00 00 06 23 08 13 
008      14 0A 10 11 05 23 08 14 
008      14 0A 10 11 05 23 08 15 
008      0A 0A 00 00 06 23 08 15 
008      14 0A 10 11 05 23 08 16 
008      0A 0A 00 00 06 23 08 17 
008      14 0A 10 11 05 23 08 17 
008      14 0A 10 11 05 23 08 18 
008      0A 0A 00 00 06 23 08 18 
008      14 0A 10 11 05 23 08 19 
008      14 0A 10 11 05 23 08 20 
008      0A 0A 00 00 06 23 08 20 
008      14 0A 10 11 05 23 08 21 
008      0A 0A 00 00 06 23 08 22 
008      14 0A 10 11 05 23 08 23 
008      0A 0A 00 00 06 23 08 24 
008      14 0A 10 11 05 23 08 24 
008      14 0A 10 11 05 23 08 25 
008      0A 0A 00 00 06 23 08 25 
008      14 0A 10 11 05 23 08 26 
008      14 0A 10 11 05 23 08 27 
008      0A 0A 00 00 06 23 08 27 
008      14 0A 10 11 05 23 08 28 
008      14 0A 10 11 05 23 08 29 
008      0A 0A 00 00 06 23 08 30 
008      14 0A 10 11 05 23 08 31 
008      0A 0A 00 00 06 23 08 32 
008      14 0A 10 11 05 23 08 33 
008      14 0A 10 11 05 23 08 34 
008      0A 0A 00 00 06 23 08 34 
008      14 0A 10 11 05 23 08 35 
008      14 0A 10 11 05 23 08 36 
008      0A 0A FE 05 05 23 08 36 
008      14 0A 10 11 05 23 08 38 
008      0A 0A FD 3F 04 23 08 39 
008      14 0A 10 11 05 23 08 40 
008      0A 0A FD 44 03 23 08 41 
008      14 0A 10 11 05 23 08 42 
008      14 0A 10 11 05 23 08 43 
008      04 0A 06 00 00 00 02 25 
008      0A 0A 00 00 02 23 08 43 
008      14 0A 10 11 05 23 08 45 
008      0A 0A 00 00 02 23 08 46 
008      14 0A 10 11 05 23 08 47 
008      0A 0A 00 00 02 23 08 48 
008      14 0A 10 11 05 23 08 49 
008      14 0A 10 11 05 23 08 50 
008      0A 0A 00 00 02 23 08 50 
008      14 0A 10 11 05 23 08 51 
008      0A 0A FD FB 02 23 08 52 
008      14 0A 10 11 05 23 08 53 
008      0A 0A FD F3 00 23 08 54 
008      14 0A 10 11 05 23 08 55 
008      14 0A 10 11 05 23 08 56 
008      0A 0A 00 00 00 23 08 56 
008      14 0A 10 11 05 23 08 58 
008      0A 0A 00 00 00 23 08 59 
008      14 0A 10 11 05 23 09 00 
008      0A 0A 00 00 00 23 09 01 
008      14 0A 10 11 05 23 09 02 
008      14 0A 10 11 05 23 09 03 
008      0A 0A 00 00 00 23 09 03 
008      14 0A 10 11 05 23 09 04 
008      0A 0A 00 00 00 23 09 05 
008      14 0A 10 11 05 23 09 05 
008      14 0A 10 11 05 23 09 06 
008      0A 0A 00 00 00 23 09 06 
008      14 0A 10 11 05 23 09 07 
008      14 0A 10 11 05 23 09 08 
008      0A 0A 00 00 00 23 09 08 
008      14 0A 10 11 05 23 09 09 
008      0A 0A 00 00 00 23 09 10 
008      14 0A 10 11 05 23 09 11 
008      0A 0A 00 00 00 23 09 12 
008      14 0A 10 11 05 23 09 12 
008      14 0A 10 11 05 23 09 13 
008      0A 0A 00 00 00 23 09 13 
008      14 0A 10 11 05 23 09 14 
008      14 0A 10 11 05 23 09 15 
008      0A 0A 00 00 00 23 09 15 
008      14 0A 10 11 05 23 09 16 
008      0A 0A 00 00 00 23 09 17 
008      14 0A 10 11 05 23 09 18 
008      0A 0A 00 00 00 23 09 18 
008      14 0A 10 11 05 23 09 19 
008      14 0A 10 11 05 23 09 20 
008      0A 0A 00 00 00 23 09 20 
008      14 0A 10 11 05 23 09 21 
008      14 0A 10 11 05 23 09 22 
008      0A 0A 00 00 00 23 09 22 
008      14 0A 10 11 05 23 09 23 
008      0A 0A 00 00 00 23 09 24 
008      14 0A 10 11 05 23 09 25 
008      0A 0A 00 00 00 23 09 25 
008      14 0A 10 11 05 23 09 26 
008      14 0A 10 11 05 23 09 27 
008      0A 0A 00 00 00 23 09 28 
008      14 0A 10 11 05 23 09 28 
008      14 0A 10 11 05 23 09 29 
008      0A 0A 00 00 00 23 09 29 
008      14 0A 10 11 05 23 09 30 
008      14 0A 10 11 05 23 09 31 
008      0A 0A 00 00 00 23 09 31 
008      14 0A 10 11 05 23 09 32 
008      0A 0A 00 00 00 23 09 33 
008      14 0A 10 11 05 23 09 34 
008      0A 0A 00 00 00 23 09 35 
008      14 0A 10 11 05 23 09 35 
008      14 0A 10 11 05 23 09 36 
008      0A 0A 00 00 00 23 09 36 
008      14 0A 10 11 05 23 09 37 
008      14 0A 10 11 05 23 09 38 
008      0A 0A 00 00 00 23 09 38 
008      14 0A 10 11 05 23 09 39 
008      0A 0A 00 00 00 23 09 40 
008      14 0A 10 11 05 23 09 41 
008      0A 0A 00 00 00 23 09 42 
008      14 0A 10 11 05 23 09 42 
008      14 0A 10 11 05 23 09 43 
008      0A 0A 00 00 00 23 09 43 
008      14 0A 10 11 05 23 09 44 
008      14 0A 10 11 05 23 09 45 
008      0A 0A 00 00 00 23 09 45 
008      14 0A 10 11 05 23 09 46 
008      0A 0A 00 00 00 23 09 47 
008      14 0A 10 11 05 23 09 48 
008      0A 0A 00 00 00 23 09 48 
008      14 0A 10 11 05 23 09 49 
008      14 0A 10 11 05 23 09 50 
008      0A 0A 00 00 00 23 09 50 
008      14 0A 10 11 05 23 09 51 
008      14 0A 10 11 05 23 09 52 
008      0A 0A 00 00 00 23 09 52 
008      14 0A 10 11 05 23 09 53 
008      0A 0A 00 00 00 23 09 54 
008      14 0A 10 11 05 23 09 55 
008      0A 0A 00 00 00 23 09 56 
008      14 0A 10 11 05 23 09 57 
008      0A 0A 02 51 00 23 09 58 
008      14 0A 10 11 05 23 09 59 
008      0A 0A 02 C3 02 23 10 00 
008      14 0A 10 11 05 23 10 01 
008      14 0A 10 11 05 23 10 02 
008      0A 0A 02 A1 03 23 10 02 
008      14 0A 10 11 05 23 10 03 
008      14 0A 10 11 05 23 10 04 
008      0A 0A 00 00 04 23 10 04 
008      14 0A 10 11 05 23 10 06 
008      0A 0A 00 00 04 23 10 07 
008      14 0A 10 11 05 23 10 08 
008      0A 0A 00 00 04 23 10 09 
008      14 0A 10 11 05 23 10 10 
008      14 0A 10 11 05 23 10 11 
008      0A 0A 00 00 04 23 10 11 
008      14 0A 10 11 05 23 10 12 
008      14 0A 10 11 05 23 10 13 
008      0A 0A 00 00 04 23 10 13 
008      14 0A 10 11 05 23 10 14 
008      14 0A 10 11 05 23 10 15 
008      0A 0A 00 00 04 23 10 15 
008      14 0A 10 11 05 23 10 16 
008      14 0A 10 11 05 23 10 17 
008      0A 0A 00 00 04 23 10 18 
008      14 0A 10 11 05 23 10 19 
008      14 0A 10 11 05 23 10 20 
008      0A 0A 00 00 04 23 10 20 
008      14 0A 10 11 05 23 10 21 
008      14 0A 10 11 05 23 10 22 
008      0A 0A 02 5C 04 23 10 22 
008      14 0A 10 11 05 23 10 23 
008      14 0A 10 11 05 23 10 24 
008      0A 0A 01 4B 06 23 10 24 
008      14 0A 10 11 05 23 10 25 
008      14 0A 10 11 05 23 10 26 
008      0A 0A 00 00 06 23 10 27 
008      14 0A 10 11 05 23 10 28 
008      14 0A 10 11 05 23 10 29 
008      0A 0A 00 00 06 23 10 29 
008      14 0A 10 11 05 23 10 30 
008      14 0A 10 11 05 23 10 31 
008      0A 0A 00 00 06 23 10 31 
008      14 0A 10 11 05 23 10 32 
008      14 0A 10 11 05 23 10 33 
008      0A 0A 00 00 06 23 10 33 
008      14 0A 10 11 05 23 10 34 
008      0A 0A 00 00 06 23 10 35 
008      14 0A 10 11 05 23 10 36 
008      0A 0A 00 00 06 23 10 37 
008      14 0A 10 11 05 23 10 37 
008      14 0A 10 11 05 23 10 38 
008      0A 0A 00 00 06 23 10 38 
008      14 0A 10 11 05 23 10 39 
008      14 0A 10 11 05 23 10 40 
008      0A 0A 00 00 06 23 10 40 
008      14 0A 10 11 05 23 10 41 
008      0A 0A 00 00 06 23 10 42 
008      14 0A 10 11 05 23 10 43 
008      0A 0A 00 00 06 23 10 43 
008      14 0A 10 11 05 23 10 44 
008      14 0A 10 11 05 23 10 45 
008      0A 0A 00 00 06 23 10 45 
008      14 0A 10 11 05 23 10 46 
008      14 0A 10 11 05 23 10 47 
008      0A 0A 00 00 06 23 10 47 
008      14 0A 10 11 05 23 10 48 
008      0A 0A 00 00 06 23 10 49 
008      14 0A 10 11 05 23 10 49 
008      14 0A 10 11 05 23 10 50 
008      0A 0A 00 00 06 23 10 50 
008      14 0A 10 11 05 23 10 51 
008      14 0A 10 11 05 23 10 52 
008      0A 0A 00 00 06 23 10 52 
008      14 0A 10 11 05 23 10 53 
008      0A 0A 00 00 06 23 10 54 
008      14 0A 10 11 05 23 10 55 
008      0A 0A 00 00 06 23 10 56 
008      14 0A 10 11 05 23 10 56 
008      14 0A 10 11 05 23 10 57 
008      0A 0A 00 00 06 23 10 57 
008      14 0A 10 11 05 23 10 58 
008      14 0A 10 11 05 23 10 59 
008      0A 0A 00 00 06 23 10 59 
008      14 0A 10 11 05 23 11 00 
008      0A 0A 00 00 06 23 11 01 
008      14 0A 10 11 05 23 11 02 
008      0A 0A 00 00 06 23 11 02 
008      14 0A 10 11 05 23 11 03 
008      14 0A 10 11 05 23 11 04 
008      0A 0A 00 00 06 23 11 04 
008      14 0A 10 11 05 23 11 05 
008      14 0A 10 11 05 23 11 06 
008      0A 0A 00 00 06 23 11 06 
008      14 0A 10 11 05 23 11 07 
008      14 0A 10 11 05 23 11 08 
008      0A 0A 00 00 06 23 11 08 
008      14 0A 10 11 05 23 11 09 
008      14 0A 10 11 05 23 11 10 
008      0A 0A 00 00 06 23 11 10 
008      14 0A 10 11 05 23 11 11 
008      0A 0A 00 00 06 23 11 12 
008      14 0A 10 11 05 23 11 13 
008      0A 0A 00 00 06 23 11 13 
008      14 0A 10 11 05 23 11 14 
008      14 0A 10 11 05 23 11 15 
008      0A 0A 00 00 06 23 11 15 
008      14 0A 10 11 05 23 11 16 
008      14 0A 10 11 05 23 11 17 
008      0A 0A 00 00 06 23 11 17 
008      14 0A 10 11 05 23 11 18 
008      0A 0A 00 00 06 23 11 19 
008      14 0A 10 11 05 23 11 19 
008      14 0A 10 11 05 23 11 20 
008      0A 0A 00 00 06 23 11 20 
008      14 0A 10 11 05 23 11 21 
008      14 0A 10 11 05 23 11 22 
008      0A 0A 00 00 06 23 11 22 
008      14 0A 10 11 05 23 11 23 
008      0A 0A 00 00 06 23 11 24 
008      14 0A 10 11 05 23 11 25 
008      0A 0A 00 00 06 23 11 26 
008      14 0A 10 11 05 23 11 26 
008      14 0A 10 11 05 23 11 27 
008      0A 0A 00 00 06 23 11 27 
008      14 0A 10 11 05 23 11 28 
008      14 0A 10 11 05 23 11 29 
008      0A 0A 00 00 06 23 11 29 
008      14 0A 10 11 05 23 11 30 
008      0A 0A 00 00 06 23 11 31 
008      14 0A 10 11 05 23 11 32 
008      0A 0A 00 00 06 23 11 32 
008      14 0A 10 11 05 23 11 33 
008      14 0A 10 11 05 23 11 34 
008      0A 0A 00 00 06 23 11 34 
008      14 0A 10 11 05 23 11 35 
008      14 0A 10 11 05 23 11 36 
008      0A 0A 00 00 06 23 11 36 
008      14 0A 10 11 05 23 11 37 
008      0A 0A 00 00 06 23 11 38 
008      14 0A 10 11 05 23 11 38 
008      14 0A 10 11 05 23 11 39 
008      0A 0A 00 00 06 23 11 39 
008      14 0A 10 11 05 23 11 40 
008      14 0A 10 11 05 23 11 41 
008      0A 0A 00 00 06 23 11 41 
008      14 0A 10 11 05 23 11 42 
008      14 0A 10 11 05 23 11 43 
008      0A 0A 00 00 06 23 11 43 
008      14 0A 10 11 05 23 11 44 
008      0A 0A 00 00 06 23 11 45 
008      14 0A 10 11 05 23 11 45 
008      14 0A 10 11 05 23 11 46 
008      0A 0A 00 00 06 23 11 46 
008      14 0A 10 11 05 23 11 47 
008      14 0A 10 11 05 23 11 48 
008      0A 0A 00 00 06 23 11 48 
008      14 0A 10 11 05 23 11 49 
008      0A 0A 00 00 06 23 11 50 
008      14 0A 10 11 05 23 11 51 
008      0A 0A 00 00 06 23 11 52 
008      14 0A 10 11 05 23 11 52 
008      14 0A 10 11 05 23 11 53 
008      0A 0A 00 00 06 23 11 53 
008      14 0A 10 11 05 23 11 54 
008      14 0A 10 11 05 23 11 55 
008      0A 0A 00 00 06 23 11 55 
008      14 0A 10 11 05 23 11 56 
008      0A 0A 00 00 06 23 11 57 
008      14 0A 10 11 05 23 11 58 
008      14 0A 10 11 05 23 11 59 
008      0A 0A 00 00 06 23 11 59 
008      14 0A 10 11 05 23 12 00 
008      0A 0A 00 00 06 23 12 01 
008      14 0A 10 11 05 23 12 02 
008      0A 0A 00 00 06 23 12 02 
008      14 0A 10 11 05 23 12 03 
008      14 0A 10 11 05 23 12 04 
008      0A 0A 00 00 06 23 12 04 
008      14 0A 10 11 05 23 12 05 
008      14 0A 10 11 05 23 12 06 
008      0A 0A 00 00 06 23 12 06 
008      14 0A 10 11 05 23 12 07 
008      0A 0A 00 00 06 23 12 08 
008      14 0A 10 11 05 23 12 08 
008      14 0A 10 11 05 23 12 09 
008      0A 0A 00 00 06 23 12 09 
008      14 0A 10 11 05 23 12 10 
008      14 0A 10 11 05 23 12 11 
008      0A 0A 00 00 06 23 12 11 
008      14 0A 10 11 05 23 12 12 
008      0A 0A 00 00 06 23 12 13 
008      14 0A 10 11 05 23 12 14 
008      0A 0A 00 00 06 23 12 15 
008      14 0A 10 11 05 23 12 15 
008      14 0A 10 11 05 23 12 16 
008      0A 0A 00 00 06 23 12 16 
008      14 0A 10 11 05 23 12 17 
008      14 0A 10 11 05 23 12 18 
008      0A 0A 00 00 06 23 12 18 
008      14 0A 10 11 05 23 12 19 
008      0A 0A 00 00 06 23 12 20 
008      14 0A 10 11 05 23 12 21 
008      0A 0A 00 00 06 23 12 21 
008      14 0A 10 11 05 23 12 22 
008      14 0A 10 11 05 23 12 23 
008      0A 0A 00 00 06 23 12 23 
008      14 0A 10 11 05 23 12 24 
008      14 0A 10 11 05 23 12 25 
008      0A 0A 00 00 06 23 12 25 
008      14 0A 10 11 05 23 12 26 
008      0A 0A 00 00 06 23 12 27 
008      14 0A 10 11 05 23 12 28 
008      0A 0A 00 00 06 23 12 28 
008      14 0A 10 11 05 23 12 29 
008      14 0A 10 11 05 23 12 30 
008      0A 0A 00 00 06 23 12 30 
008      14 0A 10 11 05 23 12 31 
008      14 0A 10 11 05 23 12 32 
008      0A 0A 00 00 06 23 12 32 
008      14 0A 10 11 05 23 12 33 
008      0A 0A 00 00 06 23 12 34 
008      14 0A 10 11 05 23 12 34 
008      14 0A 10 11 05 23 12 35 
008      0A 0A 00 00 06 23 12 35 
008      14 0A 10 11 05 23 12 36 
008      14 0A 10 11 05 23 12 37 
008      0A 0A 00 00 06 23 12 37 
008      14 0A 10 11 05 23 12 38 
008      0A 0A 00 00 06 23 12 39 
008      14 0A 10 11 05 23 12 40 
008      0A 0A 00 00 06 23 12 41 
008      14 0A 10 11 05 23 12 41 
008      14 0A 10 11 05 23 12 42 
008      0A 0A 00 00 06 23 12 42 
008      14 0A 10 11 05 23 12 43 
008      14 0A 10 11 05 23 12 44 
008      0A 0A 00 00 06 23 12 44 
008      14 0A 10 11 05 23 12 45 
008      0A 0A 00 00 06 23 12 46 
008      14 0A 10 11 05 23 12 47 
008      14 0A 10 11 05 23 12 48 
008      0A 0A 00 00 06 23 12 48 
008      14 0A 10 11 05 23 12 49 
008      0A 0A 00 00 06 23 12 50 
008      14 0A 10 11 05 23 12 51 
008      0A 0A 00 00 06 23 12 51 
008      14 0A 10 11 05 23 12 52 
008      14 0A 10 11 05 23 12 53 
008      0A 0A 00 00 06 23 12 53 
008      14 0A 10 11 05 23 12 54 
008      14 0A 10 11 05 23 12 55 
008      0A 0A 00 00 06 23 12 55 
008      14 0A 10 11 05 23 12 56 
008      0A 0A 00 00 06 23 12 57 
008      14 0A 10 11 05 23 12 57 
008      14 0A 10 11 05 23 12 58 
008      0A 0A 00 00 06 23 12 58 
008      14 0A 10 11 05 23 12 59 
008      14 0A 10 11 05 23 13 00 
008      0A 0A 00 00 06 23 13 00 
008      14 0A 10 11 05 23 13 01 
008      0A 0A 00 00 06 23 13 02 
008      14 0A 10 11 05 23 13 03 
008      0A 0A 00 00 06 23 13 04 
008      14 0A 10 11 05 23 13 04 
008      14 0A 10 11 05 23 13 05 
008      0A 0A 00 00 06 23 13 05 
008      14 0A 10 11 05 23 13 06 
008      14 0A 10 11 05 23 13 07 
008      0A 0A 00 00 06 23 13 07 
008      14 0A 10 11 05 23 13 08 
008      0A 0A 00 00 06 23 13 09 
008      14 0A 10 11 05 23 13 10 
008      0A 0A 00 00 06 23 13 10 
008      14 0A 10 11 05 23 13 11 
008      14 0A 10 11 05 23 13 12 
008      0A 0A 00 00 06 23 13 12 
008      14 0A 10 11 05 23 13 13 
008      14 0A 10 11 05 23 13 14 
008      0A 0A 00 00 06 23 13 14 
008      14 0A 10 11 05 23 13 15 
008      0A 0A 00 00 06 23 13 16 
008      14 0A 10 11 05 23 13 17 
008      0A 0A 00 00 06 23 13 17 
008      14 0A 10 11 05 23 13 18 
008      14 0A 10 11 05 23 13 19 
008      0A 0A 00 00 06 23 13 19 
008      14 0A 10 11 05 23 13 20 
008      14 0A 10 11 05 23 13 21 
008      0A 0A 00 00 06 23 13 21 
008      14 0A 10 11 05 23 13 22 
008      0A 0A 00 00 06 23 13 23 
008      14 0A 10 11 05 23 13 23 
008      14 0A 10 11 05 23 13 24 
008      0A 0A 00 00 06 23 13 24 
008      14 0A 10 11 05 23 13 25 
008      14 0A 10 11 05 23 13 26 
008      0A 0A 00 00 06 23 13 26 
008      14 0A 10 11 05 23 13 27 
008      0A 0A 00 00 06 23 13 28 
008      14 0A 10 11 05 23 13 29 
008      0A 0A 00 00 06 23 13 30 
008      14 0A 10 11 05 23 13 30 
008      04 0A 00 00 00 00 04 25 
008      14 0A 10 11 05 23 13 31 
008      0A 0A 00 00 06 23 13 31 
008      14 0A 10 11 05 23 13 32 
008      14 0A 10 11 05 23 13 33 
008      0A 0A 00 00 06 23 13 33 
008      14 0A 10 11 05 23 13 34 
008      0A 0A 00 00 06 23 13 35 
008      14 0A 10 11 05 23 13 36 
008      0A 0A 00 00 06 23 13 37 
008      14 0A 10 11 05 23 13 38 
008      0A 0A 00 00 06 23 13 39 
008      14 0A 10 11 05 23 13 40 
008      0A 0A 00 00 06 23 13 41 
008      14 0A 10 11 05 23 13 41 
008      14 0A 10 11 05 23 13 42 
008      0A 0A 00 00 06 23 13 42 
008      14 0A 10 11 05 23 13 43 
008      14 0A 10 11 05 23 13 44 
008      0A 0A 00 00 06 23 13 44 
008      14 0A 10 11 05 23 13 45 
008      0A 0A 00 00 06 23 13 46 
008      14 0A 10 11 05 23 13 47 
008      0A 0A 00 00 06 23 13 47 
008      14 0A 10 11 05 23 13 48 
008      14 0A 10 11 05 23 13 49 
008      0A 0A 00 00 06 23 13 49 
008      14 0A 10 11 05 23 13 50 
008      14 0A 10 11 05 23 13 51 
008      0A 0A 00 00 06 23 13 51 
008      14 0A 10 11 05 23 13 52 
008      0A 0A 00 00 06 23 13 53 
008      14 0A 10 11 05 23 13 54 
008      0A 0A 00 00 06 23 13 54 
008      14 0A 10 11 05 23 13 55 
008      14 0A 10 11 05 23 13 56 
008      0A 0A 00 00 06 23 13 56 
008      14 0A 10 11 05 23 13 57 
008      14 0A 10 11 05 23 13 58 
008      0A 0A 00 00 06 23 13 58 
008      14 0A 10 11 05 23 13 59 
008      0A 0A 00 00 06 23 14 00 
008      14 0A 10 11 05 23 14 00 
008      14 0A 10 11 05 23 14 01 
008      0A 0A 00 00 06 23 14 01 
008      14 0A 10 11 05 23 14 02 
008      14 0A 10 11 05 23 14 03 
008      0A 0A 00 00 06 23 14 03 
008      14 0A 10 11 05 23 14 04 
008      0A 0A 00 00 06 23 14 05 
008      14 0A 10 11 05 23 14 06 
008      0A 0A 00 00 06 23 14 07 
008      14 0A 10 11 05 23 14 07 
008      14 0A 10 11 05 23 14 08 
008      0A 0A 00 00 06 23 14 08 
008      14 0A 10 11 05 23 14 09 
008      14 0A 10 11 05 23 14 10 
008      0A 0A 00 00 06 23 14 10 
008      14 0A 10 11 05 23 14 11 
008      0A 0A 00 00 06 23 14 12 
008      14 0A 10 11 05 23 14 13 
008      0A 0A 00 00 06 23 14 13 
008      14 0A 10 11 05 23 14 14 
008      14 0A 10 11 05 23 14 15 
008      0A 0A 00 00 06 23 14 15 
008      14 0A 10 11 05 23 14 16 
008      14 0A 10 11 05 23 14 17 
008      0A 0A 00 00 06 23 14 17 
008      14 0A 10 11 05 23 14 18 
008      0A 0A 00 00 06 23 14 19 
008      14 0A 10 11 05 23 14 19 
008      14 0A 10 11 05 23 14 20 
008      0A 0A 00 00 06 23 14 20 
008      14 0A 10 11 05 23 14 21 
008      14 0A 10 11 05 23 14 22 
008      0A 0A 00 00 06 23 14 22 
008      14 0A 10 11 05 23 14 23 
008      14 0A 10 11 05 23 14 24 
008      0A 0A 00 00 06 23 14 24 
008      14 0A 10 11 05 23 14 25 
008      0A 0A 00 00 06 23 14 26 
008      14 0A 10 11 05 23 14 26 
008      14 0A 10 11 05 23 14 27 
008      0A 0A 00 00 06 23 14 28 
008      14 0A 10 11 05 23 14 29 
008      0A 0A 00 00 06 23 14 30 
008      14 0A 10 11 05 23 14 30 
008      14 0A 10 11 05 23 14 31 
008      0A 0A 00 00 06 23 14 31 
008      14 0A 10 11 05 23 14 32 
008      14 0A 10 11 05 23 14 33 
008      0A 0A 00 00 06 23 14 33 
008      14 0A 10 11 05 23 14 34 
008      0A 0A 00 00 06 23 14 35 
008      14 0A 10 11 05 23 14 36 
008      0A 0A 00 00 06 23 14 36 
008      14 0A 10 11 05 23 14 37 
008      14 0A 10 11 05 23 14 38 
008      0A 0A 00 00 06 23 14 38 
008      14 0A 10 11 05 23 14 39 
008      14 0A 10 11 05 23 14 40 
008      0A 0A 00 00 06 23 14 40 
008      14 0A 10 11 05 23 14 41 
008      0A 0A 00 00 06 23 14 42 
008      14 0A 10 11 05 23 14 43 
008      0A 0A 00 00 06 23 14 43 
008      14 0A 10 11 05 23 14 44 
008      14 0A 10 11 05 23 14 45 
008      0A 0A 00 00 06 23 14 45 
008      14 0A 10 11 05 23 14 46 
008      14 0A 10 11 05 23 14 47 
008      0A 0A 00 00 06 23 14 47 
008      14 0A 10 11 05 23 14 48 
008      0A 0A 00 00 06 23 14 49 
008      14 0A 10 11 05 23 14 49 
008      14 0A 10 11 05 23 14 50 
008      0A 0A 00 00 06 23 14 50 
008      14 0A 10 11 05 23 14 51 
008      14 0A 10 11 05 23 14 52 
008      0A 0A 00 00 06 23 14 52 
008      14 0A 10 11 05 23 14 53 
008      0A 0A 00 00 06 23 14 54 
008      14 0A 10 11 05 23 14 55 
008      0A 0A 00 00 06 23 14 56 
008      14 0A 10 11 05 23 14 56 
008      14 0A 10 11 05 23 14 57 
008      0A 0A 00 00 06 23 14 57 
008      14 0A 10 11 05 23 14 58 
008      14 0A 10 11 05 23 14 59 
008      0A 0A 00 00 06 23 14 59 
008      14 0A 10 11 05 23 15 00 
008      0A 0A 00 00 06 23 15 01 
008      14 0A 10 11 05 23 15 02 
008      0A 0A 00 00 06 23 15 02 
008      14 0A 10 11 05 23 15 03 
008      14 0A 10 11 05 23 15 04 
008      0A 0A 00 00 06 23 15 04 
008      14 0A 10 11 05 23 15 05 
008      14 0A 10 11 05 23 15 06 
008      0A 0A 00 00 06 23 15 06 
008      14 0A 10 11 05 23 15 07 
008      0A 0A 00 00 06 23 15 08 
008      14 0A 10 11 05 23 15 09 
008      0A 0A 00 00 06 23 15 09 
008      14 0A 10 11 05 23 15 10 
008      14 0A 10 11 05 23 15 11 
008      0A 0A 00 00 06 23 15 11 
008      14 0A 10 11 05 23 15 12 
008      14 0A 10 11 05 23 15 13 
008      0A 0A 00 00 06 23 15 13 
008      14 0A 10 11 05 23 15 14 
008      0A 0A 00 00 06 23 15 15 
008      14 0A 10 11 05 23 15 15 
008      14 0A 10 11 05 23 15 16 
008      0A 0A 00 00 06 23 15 16 
008      14 0A 10 11 05 23 15 17 
008      14 0A 10 11 05 23 15 18 
008      0A 0A 00 00 06 23 15 19 
008      14 0A 10 11 05 23 15 19 
008      14 0A 10 11 05 23 15 20 
008      0A 0A 00 00 06 23 15 20 
008      14 0A 10 11 05 23 15 21 
008      14 0A 10 11 05 23 15 22 
008      0A 0A 00 00 06 23 15 22 
008      14 0A 10 11 05 23 15 23 
008      0A 0A 00 00 06 23 15 24 
008      14 0A 10 11 05 23 15 25 
008      0A 0A 00 00 06 23 15 25 
008      14 0A 10 11 05 23 15 26 
008      14 0A 10 11 05 23 15 27 
008      0A 0A 00 00 06 23 15 27 
008      14 0A 10 11 05 23 15 28 
008      14 0A 10 11 05 23 15 29 
008      0A 0A 00 00 06 23 15 29 
008      14 0A 10 11 05 23 15 30 
008      0A 0A 00 00 06 23 15 31 
008      14 0A 10 11 05 23 15 32 
008      0A 0A 00 00 06 23 15 32 
008      14 0A 10 11 05 23 15 33 
008      14 0A 10 11 05 23 15 34 
008      0A 0A 00 00 06 23 15 34 
008      14 0A 10 11 05 23 15 35 
008      14 0A 10 11 05 23 15 36 
008      0A 0A 00 00 06 23 15 36 
008      14 0A 10 11 05 23 15 37 
008      0A 0A 00 00 06 23 15 38 
008      14 0A 10 11 05 23 15 38 
008      14 0A 10 11 05 23 15 39 
008      0A 0A 00 00 06 23 15 39 
008      14 0A 10 11 05 23 15 40 
008      14 0A 10 11 05 23 15 41 
008      0A 0A 00 00 06 23 15 41 
008      14 0A 10 11 05 23 15 42 
008      0A 0A 00 00 06 23 15 43 
008      14 0A 10 11 05 23 15 44 
008      0A 0A 00 00 06 23 15 45 
008      14 0A 10 11 05 23 15 45 
008      14 0A 10 11 05 23 15 46 
008      0A 0A 00 00 06 23 15 46 
008      14 0A 10 11 05 23 15 47 
008      14 0A 10 11 05 23 15 48 
008      0A 0A 00 00 06 23 15 48 
008      14 0A 10 11 05 23 15 49 
008      0A 0A 00 00 06 23 15 50 
008      14 0A 10 11 05 23 15 51 
008      0A 0A 00 00 06 23 15 51 
008      14 0A 10 11 05 23 15 52 
008      14 0A 10 11 05 23 15 53 
008      0A 0A 00 00 06 23 15 53 
008      14 0A 10 11 05 23 15 54 
008      14 0A 10 11 05 23 15 55 
008      0A 0A 00 00 06 23 15 55 
008      14 0A 10 11 05 23 15 56 
008      0A 0A 00 00 06 23 15 57 
008      14 0A 10 11 05 23 15 58 
008      0A 0A 00 00 06 23 15 58 
008      14 0A 10 11 05 23 15 59 
008      14 0A 10 11 05 23 16 00 
008      0A 0A 00 00 06 23 16 00 
008      14 0A 10 11 05 23 16 01 
008      14 0A 10 11 05 23 16 02 
008      0A 0A 00 00 06 23 16 02 
008      14 0A 10 11 05 23 16 03 
008      0A 0A 00 00 06 23 16 04 
008      14 0A 10 11 05 23 16 04 
008      14 0A 10 11 05 23 16 05 
008      0A 0A 00 00 06 23 16 05 
008      14 0A 10 11 05 23 16 06 
008      14 0A 10 11 05 23 16 07 
008      0A 0A 00 00 06 23 16 07 
008      14 0A 10 11 05 23 16 08 
008      14 0A 10 11 05 23 16 09 
008      0A 0A 00 00 06 23 16 09 
008      14 0A 10 11 05 23 16 10 
008      14 0A 10 11 05 23 16 11 
008      0A 0A 00 00 06 23 16 11 
008      14 0A 10 11 05 23 16 12 
008      0A 0A 00 00 06 23 16 13 
008      14 0A 10 11 05 23 16 14 
008      0A 0A 00 00 06 23 16 15 
008      14 0A 10 11 05 23 16 15 
008      14 0A 10 11 05 23 16 16 
008      0A 0A 00 00 06 23 16 16 
008      14 0A 10 11 05 23 16 17 
008      14 0A 10 11 05 23 16 18 
008      0A 0A 00 00 06 23 16 18 
008      14 0A 10 11 05 23 16 19 
008      0A 0A 00 00 06 23 16 20 
008      14 0A 10 11 05 23 16 21 
008      0A 0A 00 00 06 23 16 21 
008      14 0A 10 11 05 23 16 22 
008      14 0A 10 11 05 23 16 23 
008      0A 0A 00 00 06 23 16 23 
008      14 0A 10 11 05 23 16 24 
008      14 0A 10 11 05 23 16 25 
008      0A 0A 00 00 06 23 16 25 
008      14 0A 10 11 05 23 16 26 
008      0A 0A 00 00 06 23 16 27 
008      14 0A 10 11 05 23 16 27 
008      14 0A 10 11 05 23 16 28 
008      0A 0A 00 00 06 23 16 28 
008      14 0A 10 11 05 23 16 29 
008      14 0A 10 11 05 23 16 30 
008      0A 0A 00 00 06 23 16 30 
008      14 0A 10 11 05 23 16 31 
008      0A 0A 00 00 06 23 16 32 
008      14 0A 10 11 05 23 16 33 
008      0A 0A 00 00 06 23 16 34 
008      14 0A 10 11 05 23 16 34 
008      14 0A 10 11 05 23 16 35 
008      0A 0A 00 00 06 23 16 35 
008      14 0A 10 11 05 23 16 36 
008      14 0A 10 11 05 23 16 37 
008      0A 0A 00 00 06 23 16 37 
008      14 0A 10 11 05 23 16 38 
008      0A 0A 00 00 06 23 16 39 
008      14 0A 10 11 05 23 16 40 
008      0A 0A 00 00 06 23 16 41 
008      14 0A 10 11 05 23 16 41 
008      14 0A 10 11 05 23 16 42 
008      0A 0A 00 00 06 23 16 42 
008      14 0A 10 11 05 23 16 43 
008      14 0A 10 11 05 23 16 44 
008      0A 0A 00 00 06 23 16 44 
008      14 0A 10 11 05 23 16 45 
008      0A 0A 00 00 06 23 16 46 
008      14 0A 10 11 05 23 16 47 
008      0A 0A 00 00 06 23 16 47 
008      14 0A 10 11 05 23 16 48 
008      14 0A 10 11 05 23 16 49 
008      0A 0A 00 00 06 23 16 49 
008      14 0A 10 11 05 23 16 50 
008      14 0A 10 11 05 23 16 51 
008      0A 0A 00 00 06 23 16 51 
008      14 0A 10 11 05 23 16 52 
008      0A 0A 00 00 06 23 16 53 
008      14 0A 10 11 05 23 16 53 
008      14 0A 10 11 05 23 16 54 
008      0A 0A 00 00 06 23 16 54 
008      14 0A 10 11 05 23 16 55 
008      14 0A 10 11 05 23 16 56 
008      0A 0A 00 00 06 23 16 56 
008      14 0A 10 11 05 23 16 57 
008      0A 0A 00 00 06 23 16 58 
008      14 0A 10 11 05 23 16 59 
008      14 0A 10 11 05 23 17 00 
008      0A 0A 00 00 06 23 17 00 
008      14 0A 10 11 05 23 17 01 
008      0A 0A 00 00 06 23 17 02 
008      14 0A 10 11 05 23 17 03 
008      0A 0A 00 00 06 23 17 04 
008      14 0A 10 11 05 23 17 04 
008      14 0A 10 11 05 23 17 05 
008      0A 0A 00 00 06 23 17 05 
008      14 0A 10 11 05 23 17 06 
008      14 0A 10 11 05 23 17 07 
008      0A 0A 00 00 06 23 17 07 
008      14 0A 10 11 05 23 17 08 
008      0A 0A 00 00 06 23 17 09 
008      14 0A 10 11 05 23 17 10 
008      0A 0A 00 00 06 23 17 10 
008      14 0A 10 11 05 23 17 11 
008      14 0A 10 11 05 23 17 12 
008      0A 0A 00 00 06 23 17 12 
008      04 0A 00 00 00 01 04 25 
008      14 0A 10 11 05 23 17 13 
008      14 0A 10 11 05 23 17 14 
008      0A 0A 00 00 06 23 17 14 
008      14 0A 10 11 05 23 17 15 
008      14 0A 10 11 05 23 17 16 
008      0A 0A FD F7 05 23 17 16 
008      14 0A 10 11 05 23 17 17 
008      14 0A 10 11 05 23 17 18 
008      04 0A 06 00 00 01 03 25 
008      00 01 03 03 00 03 A6 00 
008      0A 0A FD F9 04 23 17 18 
008      00 01 03 03 00 03 86 00 
008      00 01 03 03 00 03 8E 00 
008      00 01 03 03 00 03 AE 00 
008      14 0A 10 11 05 23 17 19 
008      00 01 03 04 00 03 8E 00 
008      00 01 03 04 00 03 0E 00 
008      00 01 03 04 00 03 2E 00 
008      14 0A 10 11 05 23 17 20 
008      00 01 03 04 00 03 2C 00 
008      0A 0A 00 00 04 23 17 21 
008      00 01 03 04 00 03 0C 00 
008      00 01 03 0C 00 03 0C 00 
008      00 01 03 0C 00 03 2C 00 
008      14 0A 10 11 05 23 17 22 
008      14 0A 10 11 05 23 17 23 
008      0A 0A 00 00 04 23 17 23 
008      14 0A 10 11 05 23 17 24 
008      00 01 03 14 00 03 0C 00 
008      14 0A 10 11 05 23 17 25 
008      00 01 03 14 00 03 2C 00 
008      0A 0A 00 00 04 23 17 25 
008      14 0A 10 11 05 23 17 26 
008      14 0A 10 11 05 23 17 27 
008      0A 0A 00 00 04 23 17 27 
008      14 0A 10 11 05 23 17 28 
008      14 0A 10 11 05 23 17 29 
008      0A 0A 00 00 04 23 17 29 
008      14 0A 10 11 05 23 17 30 
008      14 0A 10 11 05 23 17 31 
008      0A 0A 00 00 04 23 17 31 
008      14 0A 10 11 05 23 17 32 
008      0A 0A 00 00 04 23 17 33 
008      14 0A 10 11 05 23 17 34 
008      14 0A 10 11 05 23 17 35 
008      0A 0A 00 00 04 23 17 35 
008      14 0A 10 11 05 23 17 36 
008      0A 0A 00 00 04 23 17 37 
008      14 0A 10 11 05 23 17 38 
008      0A 0A 00 00 04 23 17 38 
008      14 0A 10 11 05 23 17 39 
008      14 0A 10 11 05 23 17 40 
008      0A 0A 00 00 04 23 17 40 
008      14 0A 10 11 05 23 17 41 
008      14 0A 10 11 05 23 17 42 
008      0A 0A 00 00 04 23 17 42 
008      14 0A 10 11 05 23 17 43 
008      0A 0A 00 00 04 23 17 44 
008      14 0A 10 11 05 23 17 44 
008      14 0A 10 11 05 23 17 45 
008      0A 0A 00 00 04 23 17 45 
008      14 0A 10 11 05 23 17 46 
008      14 0A 10 11 05 23 17 47 
008      0A 0A 00 00 04 23 17 47 
008      14 0A 10 11 05 23 17 48 
008      14 0A 10 11 05 23 17 49 
008      0A 0A 00 00 04 23 17 49 
008      14 0A 10 11 05 23 17 50 
008      14 0A 10 11 05 23 17 51 
008      0A 0A 00 00 04 23 17 51 
008      14 0A 10 11 05 23 17 52 
008      0A 0A 00 00 04 23 17 53 
008      14 0A 10 11 05 23 17 54 
008      0A 0A 00 00 04 23 17 55 
008      14 0A 10 11 05 23 17 55 
008      14 0A 10 11 05 23 17 56 
008      0A 0A 00 00 04 23 17 56 
008      14 0A 10 11 05 23 17 57 
008      14 0A 10 11 05 23 17 58 
008      0A 0A 00 00 04 23 17 58 
008      14 0A 10 11 05 23 17 59 
008      0A 0A 00 00 04 23 18 00 
008      14 0A 10 11 05 23 18 01 
008      0A 0A 00 00 04 23 18 01 
008      14 0A 10 11 05 23 18 03 
008      0A 0A 00 00 04 23 18 04 
008      14 0A 10 11 05 23 18 04 
008      14 0A 10 11 05 23 18 05 
008      0A 0A FD 86 03 23 18 05 
008      14 0A 10 11 05 23 18 06 
008      14 0A 10 11 05 23 18 07 
008      0A 0A FD 3C 02 23 18 07 
008      14 0A 10 11 05 23 18 08 
008      14 0A 10 11 05 23 18 09 
008      0A 0A FD 92 00 23 18 10 
008      14 0A 10 11 05 23 18 11 
008      00 01 01 04 00 01 4E 00 
008      14 0A 10 11 05 23 18 12 
008      0A 0A 00 00 00 23 18 12 
008      14 0A 10 11 05 23 18 14 
008      0A 0A 00 00 00 23 18 15 
008      14 0A 10 11 05 23 18 15 
008      14 0A 10 11 05 23 18 16 
008      0A 0A 00 00 00 23 18 17 
008      14 0A 10 11 05 23 18 18 
008      0A 0A 00 00 00 23 18 19 
008      14 0A 10 11 05 23 18 20 
008      0A 0A 00 00 00 23 18 20 
008      14 0A 10 11 05 23 18 21 
008      14 0A 10 11 05 23 18 22 
008      0A 0A 00 00 00 23 18 22 
008      14 0A 10 11 05 23 18 23 
008      14 0A 10 11 05 23 18 24 
008      0A 0A 00 00 00 23 18 24 
008      14 0A 10 11 05 23 18 25 
008      0A 0A 00 00 00 23 18 26 
008      14 0A 10 11 05 23 18 27 
008      0A 0A 00 00 00 23 18 27 
008      14 0A 10 11 05 23 18 28 
008      14 0A 10 11 05 23 18 29 
008      0A 0A 00 00 00 23 18 29 
008      14 0A 10 11 05 23 18 30 
008      14 0A 10 11 05 23 18 31 
008      0A 0A 00 00 00 23 18 31 
008      14 0A 10 11 05 23 18 32 
008      0A 0A 00 00 00 23 18 33 
008      14 0A 10 11 05 23 18 33 
008      14 0A 10 11 05 23 18 34 
008      0A 0A 00 00 00 23 18 34 
008      14 0A 10 11 05 23 18 35 
008      14 0A 10 11 05 23 18 36 
008      0A 0A 00 00 00 23 18 36 
008      14 0A 10 11 05 23 18 37 
008      0A 0A 00 00 00 23 18 38 
008      14 0A 10 11 05 23 18 39 
008      14 0A 10 11 05 23 18 40 
008      0A 0A 00 00 00 23 18 40 
008      14 0A 10 11 05 23 18 41 
008      0A 0A 00 00 00 23 18 42 
008      14 0A 10 11 05 23 18 43 
008      0A 0A 00 00 00 23 18 43 
008      14 0A 10 11 05 23 18 44 
008      14 0A 10 11 05 23 18 45 
008      0A 0A 00 00 00 23 18 45 
008      14 0A 10 11 05 23 18 46 
008      14 0A 10 11 05 23 18 47 
008      0A 0A 00 00 00 23 18 47 
008      14 0A 10 11 05 23 18 48 
008      0A 0A 00 00 00 23 18 49 
008      14 0A 10 11 05 23 18 50 
008      0A 0A 00 00 00 23 18 50 
008      14 0A 10 11 05 23 18 51 
008      14 0A 10 11 05 23 18 52 
008      0A 0A 00 00 00 23 18 52 
008      14 0A 10 11 05 23 18 53 
008      14 0A 10 11 05 23 18 54 
008      0A 0A 00 00 00 23 18 54 
008      14 0A 10 11 05 23 18 55 
008      0A 0A 00 00 00 23 18 56 
008      14 0A 10 11 05 23 18 56 
008      14 0A 10 11 05 23 18 57 
008      0A 0A 00 00 00 23 18 57 
008      14 0A 10 11 05 23 18 58 
008      14 0A 10 11 05 23 18 59 
008      0A 0A 00 00 00 23 18 59 
008      14 0A 10 11 05 23 19 00 
008      0A 0A 00 00 00 23 19 01 
008      14 0A 10 11 05 23 19 02 
008      0A 0A 00 00 00 23 19 03 
008      14 0A 10 11 05 23 19 03 
008      14 0A 10 11 05 23 19 04 
008      0A 0A 00 00 00 23 19 04 
008      14 0A 10 11 05 23 19 05 
008      14 0A 10 11 05 23 19 06 
008      0A 0A 00 00 00 23 19 06 
008      14 0A 10 11 05 23 19 07 
008      0A 0A 00 00 00 23 19 08 
008      14 0A 10 11 05 23 19 09 
008      0A 0A 00 00 00 23 19 09 
008      14 0A 10 11 05 23 19 10 
008      14 0A 10 11 05 23 19 11 
008      0A 0A 00 00 00 23 19 11 
008      14 0A 10 11 05 23 19 12 
008      14 0A 10 11 05 23 19 13 
008      0A 0A 00 00 00 23 19 13 
008      14 0A 10 11 05 23 19 14 
008      0A 0A 00 00 00 23 19 15 
008      14 0A 10 11 05 23 19 16 
008      0A 0A 00 00 00 23 19 16 
008      14 0A 10 11 05 23 19 17 
008      14 0A 10 11 05 23 19 18 
008      0A 0A 00 00 00 23 19 18 
008      14 0A 10 11 05 23 19 19 
008      14 0A 10 11 05 23 19 20 
008      0A 0A 00 00 00 23 19 20 
008      14 0A 10 11 05 23 19 21 
008      0A 0A 00 00 00 23 19 22 
008      14 0A 10 11 05 23 19 22 
008      14 0A 10 11 05 23 19 23 
008      0A 0A 00 00 00 23 19 23 
008      14 0A 10 11 05 23 19 24 
008      14 0A 10 11 05 23 19 25 
008      0A 0A 00 00 00 23 19 25 
008      14 0A 10 11 05 23 19 26 
008      0A 0A 00 00 00 23 19 27 
008      14 0A 10 11 05 23 19 28 
008      14 0A 10 11 05 23 19 29 
008      0A 0A 00 00 00 23 19 29 
008      14 0A 10 11 05 23 19 30 
008      0A 0A 00 00 00 23 19 31 
008      14 0A 10 11 05 23 19 32 
008      0A 0A 00 00 00 23 19 33 
008      14 0A 10 11 05 23 19 33 
008      14 0A 10 11 05 23 19 34 
008      0A 0A 00 00 00 23 19 34 
008      14 0A 10 11 05 23 19 35 
008      14 0A 10 11 05 23 19 36 
008      0A 0A 00 00 00 23 19 36 
008      14 0A 10 11 05 23 19 37 
008      0A 0A 00 00 00 23 19 38 
008      14 0A 10 11 05 23 19 39 
008      0A 0A 00 00 00 23 19 39 
008      14 0A 10 11 05 23 19 40 
008      14 0A 10 11 05 23 19 41 
008      0A 0A 00 00 00 23 19 41 
008      14 0A 10 11 05 23 19 42 
008      14 0A 10 11 05 23 19 43 
008      0A 0A 00 00 00 23 19 43 
008      14 0A 10 11 05 23 19 44 
008      0A 0A 00 00 00 23 19 45 
008      14 0A 10 11 05 23 19 45 
008      14 0A 10 11 05 23 19 46 
008      0A 0A 00 00 00 23 19 46 
008      14 0A 10 11 05 23 19 47 
008      14 0A 10 11 05 23 19 48 
008      0A 0A 00 00 00 23 19 48 
008      14 0A 10 11 05 23 19 49 
008      0A 0A 00 00 00 23 19 50 
008      14 0A 10 11 05 23 19 51 
008      0A 0A 00 00 00 23 19 52 
008      14 0A 10 11 05 23 19 52 
008      14 0A 10 11 05 23 19 53 
008      0A 0A 00 00 00 23 19 53 
008      14 0A 10 11 05 23 19 54 
008      14 0A 10 11 05 23 19 55 
008      0A 0A 00 00 00 23 19 55 
008      14 0A 10 11 05 23 19 56 
008      0A 0A 00 00 00 23 19 57 
008      14 0A 10 11 05 23 19 58 
008      0A 0A 00 00 00 23 19 58 
008      14 0A 10 11 05 23 19 59 
008      14 0A 10 11 05 23 20 00 
008      0A 0A 00 00 00 23 20 00 
008      14 0A 10 11 05 23 20 01 
008      14 0A 10 11 05 23 20 02 
008      0A 0A 00 00 00 23 20 02 
008      14 0A 10 11 05 23 20 03 
008      0A 0A 00 00 00 23 20 04 
008      14 0A 10 11 05 23 20 05 
008      0A 0A 00 00 00 23 20 05 
008      14 0A 10 11 05 23 20 06 
008      14 0A 10 11 05 23 20 07 
008      0A 0A 00 00 00 23 20 07 
008      14 0A 10 11 05 23 20 08 
008      14 0A 10 11 05 23 20 09 
008      0A 0A 00 00 00 23 20 09 
008      14 0A 10 11 05 23 20 10 
008      0A 0A 00 00 00 23 20 11 
008      14 0A 10 11 05 23 20 11 
008      14 0A 10 11 05 23 20 12 
008      0A 0A 00 00 00 23 20 12 
008      14 0A 10 11 05 23 20 13 
008      14 0A 10 11 05 23 20 14 
008      0A 0A 00 00 00 23 20 14 
008      14 0A 10 11 05 23 20 15 
008      0A 0A 00 00 00 23 20 16 
008      14 0A 10 11 05 23 20 17 
008      0A 0A 00 00 00 23 20 18 
008      14 0A 10 11 05 23 20 19 
008      0A 0A 00 00 00 23 20 20 
008      14 0A 10 11 05 23 20 21 
008      0A 0A 00 00 00 23 20 22 
008      14 0A 10 11 05 23 20 22 
008      14 0A 10 11 05 23 20 23 
008      0A 0A 00 00 00 23 20 23 
008      14 0A 10 11 05 23 20 24 
008      14 0A 10 11 05 23 20 25 
008      0A 0A 00 00 00 23 20 25 
008      14 0A 10 11 05 23 20 26 
008      0A 0A 00 00 00 23 20 27 
008      14 0A 10 11 05 23 20 28 
008      0A 0A 00 00 00 23 20 28 
008      14 0A 10 11 05 23 20 29 
008      14 0A 10 11 05 23 20 30 
008      0A 0A 00 00 00 23 20 30 
008      14 0A 10 11 05 23 20 31 
008      14 0A 10 11 05 23 20 32 
008      0A 0A 00 00 00 23 20 32 
008      14 0A 10 11 05 23 20 33 
008      0A 0A 00 00 00 23 20 34 
008      14 0A 10 11 05 23 20 34 
008      14 0A 10 11 05 23 20 35 
008      0A 0A 00 00 00 23 20 35 
008      14 0A 10 11 05 23 20 36 
008      14 0A 10 11 05 23 20 37 
008      0A 0A 00 00 00 23 20 37 
008      14 0A 10 11 05 23 20 38 
008      0A 0A 00 00 00 23 20 39 
008      14 0A 10 11 05 23 20 40 
008      0A 0A 00 00 00 23 20 41 
008      14 0A 10 11 05 23 20 41 
008      14 0A 10 11 05 23 20 42 
008      0A 0A 00 00 00 23 20 42 
008      14 0A 10 11 05 23 20 43 
008      14 0A 10 11 05 23 20 44 
008      0A 0A 00 00 00 23 20 44 
008      14 0A 10 11 05 23 20 45 
008      0A 0A 00 00 00 23 20 46 
008      14 0A 10 11 05 23 20 47 
008      0A 0A 00 00 00 23 20 48 
008      14 0A 10 11 05 23 20 48 
008      14 0A 10 11 05 23 20 49 
008      0A 0A 00 00 00 23 20 49 
008      14 0A 10 11 05 23 20 50 
008      14 0A 10 11 05 23 20 51 
008      0A 0A 00 00 00 23 20 51 
008      14 0A 10 11 05 23 20 52 
008      0A 0A 00 00 00 23 20 53 
008      14 0A 10 11 05 23 20 54 
008      0A 0A 00 00 00 23 20 54 
008      14 0A 10 11 05 23 20 55 
008      14 0A 10 11 05 23 20 56 
008      0A 0A 00 00 00 23 20 56 
008      14 0A 10 11 05 23 20 57 
008      14 0A 10 11 05 23 20 58 
008      0A 0A 00 00 00 23 20 58 
008      14 0A 10 11 05 23 20 59 
008      14 0A 10 11 05 23 21 00 
008      0A 0A 02 64 01 23 21 00 
008      14 0A 10 11 05 23 21 01 
008      14 0A 10 11 05 23 21 02 
008      0A 0A 00 9E 02 23 21 02 
008      14 0A 10 11 05 23 21 03 
008      14 0A 10 11 05 23 21 04 
008      0A 0A 00 00 02 23 21 05 
008      14 0A 10 11 05 23 21 06 
008      14 0A 10 11 05 23 21 07 
008      0A 0A 00 00 02 23 21 07 
008      14 0A 10 11 05 23 21 08 
008      14 0A 10 11 05 23 21 09 
008      0A 0A 00 00 02 23 21 10 
008      14 0A 10 11 05 23 21 11 
008      0A 0A 00 00 02 23 21 12 
008      14 0A 10 11 05 23 21 13 
008      0A 0A 00 00 02 23 21 13 
008      14 0A 10 11 05 23 21 14 
008      14 0A 10 11 05 23 21 15 
008      0A 0A 00 00 02 23 21 15 
008      14 0A 10 11 05 23 21 16 
008      14 0A 10 11 05 23 21 17 
008      0A 0A 00 00 02 23 21 17 
008      14 0A 10 11 05 23 21 18 
008      0A 0A 00 00 02 23 21 19 
008      14 0A 10 11 05 23 21 19 
008      14 0A 10 11 05 23 21 20 
008      0A 0A 00 00 02 23 21 20 
008      14 0A 10 11 05 23 21 21 
008      14 0A 10 11 05 23 21 22 
008      0A 0A 00 00 02 23 21 22 
008      14 0A 10 11 05 23 21 23 
008      0A 0A 00 00 02 23 21 24 
008      14 0A 10 11 05 23 21 25 
008      0A 0A 00 00 02 23 21 26 
008      14 0A 10 11 05 23 21 26 
008      14 0A 10 11 05 23 21 27 
008      0A 0A 00 00 02 23 21 27 
008      14 0A 10 11 05 23 21 28 
008      14 0A 10 11 05 23 21 29 
008      0A 0A 00 00 02 23 21 29 
008      14 0A 10 11 05 23 21 30 
008      0A 0A 00 00 02 23 21 31 
008      14 0A 10 11 05 23 21 32 
008      0A 0A 00 00 02 23 21 32 
008      14 0A 10 11 05 23 21 33 
008      14 0A 10 11 05 23 21 34 
008      0A 0A 00 00 02 23 21 34 
008      14 0A 10 11 05 23 21 35 
008      14 0A 10 11 05 23 21 36 
008      0A 0A 00 00 02 23 21 36 
008      14 0A 10 11 05 23 21 37 
008      0A 0A 00 00 02 23 21 38 
008      14 0A 10 11 05 23 21 39 
008      0A 0A 00 00 02 23 21 39 
008      14 0A 10 11 05 23 21 40 
008      14 0A 10 11 05 23 21 41 
008      0A 0A 00 00 02 23 21 41 
008      14 0A 10 11 05 23 21 42 
008      14 0A 10 11 05 23 21 43 
008      0A 0A 00 00 02 23 21 43 
008      14 0A 10 11 05 23 21 44 
008      0A 0A 00 00 02 23 21 45 
008      14 0A 10 11 05 23 21 45 
008      14 0A 10 11 05 23 21 46 
008      0A 0A 00 00 02 23 21 46 
008      14 0A 10 11 05 23 21 47 
008      14 0A 10 11 05 23 21 48 
008      0A 0A 00 00 02 23 21 48 
008      14 0A 10 11 05 23 21 49 
008      0A 0A 00 00 02 23 21 50 
008      14 0A 10 11 05 23 21 51 
008      0A 0A 00 00 02 23 21 52 
008      14 0A 10 11 05 23 21 52 
008      14 0A 10 11 05 23 21 53 
008      0A 0A 00 00 02 23 21 53 
008      14 0A 10 11 05 23 21 54 
008      14 0A 10 11 05 23 21 55 
008      0A 0A 00 00 02 23 21 55 
008      14 0A 10 11 05 23 21 56 
008      0A 0A 00 00 02 23 21 57 
008      14 0A 10 11 05 23 21 58 
008      14 0A 10 11 05 23 21 59 
008      0A 0A 00 00 02 23 21 59 
008      14 0A 10 11 05 23 22 00 
008      0A 0A 00 00 02 23 22 01 
008      14 0A 10 11 05 23 22 02 
008      0A 0A 00 00 02 23 22 02 
008      14 0A 10 11 05 23 22 03 
008      14 0A 10 11 05 23 22 04 
008      0A 0A 00 00 02 23 22 04 
008      14 0A 10 11 05 23 22 05 
008      14 0A 10 11 05 23 22 06 
008      0A 0A 00 00 02 23 22 06 
008      14 0A 10 11 05 23 22 07 
008      0A 0A 00 00 02 23 22 08 
008      14 0A 10 11 05 23 22 08 
008      14 0A 10 11 05 23 22 09 
008      0A 0A 00 00 02 23 22 09 
008      14 0A 10 11 05 23 22 10 
008      14 0A 10 11 05 23 22 11 
008      0A 0A 00 00 02 23 22 11 
008      14 0A 10 11 05 23 22 12 
008      0A 0A 00 00 02 23 22 13 
008      14 0A 10 11 05 23 22 14 
008      0A 0A 00 00 02 23 22 15 
008      14 0A 10 11 05 23 22 15 
008      14 0A 10 11 05 23 22 16 
008      0A 0A 00 00 02 23 22 16 
008      14 0A 10 11 05 23 22 17 
008      14 0A 10 11 05 23 22 18 
008      0A 0A 00 00 02 23 22 18 
008      14 0A 10 11 05 23 22 19 
008      0A 0A 00 00 02 23 22 20 
008      14 0A 10 11 05 23 22 21 
008      0A 0A 00 00 02 23 22 21 
008      14 0A 10 11 05 23 22 22 
008      14 0A 10 11 05 23 22 23 
008      0A 0A 00 00 02 23 22 23 
008      14 0A 10 11 05 23 22 24 
008      14 0A 10 11 05 23 22 25 
008      0A 0A 00 00 02 23 22 25 
008      14 0A 10 11 05 23 22 26 
008      0A 0A 00 00 02 23 22 27 
008      14 0A 10 11 05 23 22 28 
008      0A 0A 00 00 02 23 22 28 
008      14 0A 10 11 05 23 22 29 
008      14 0A 10 11 05 23 22 30 
008      0A 0A 00 00 02 23 22 30 
008      14 0A 10 11 05 23 22 31 
008      14 0A 10 11 05 23 22 32 
008      0A 0A 00 00 02 23 22 32 
008      14 0A 10 11 05 23 22 33 
008      0A 0A 00 00 02 23 22 34 
008      14 0A 10 11 05 23 22 34 
008      14 0A 10 11 05 23 22 35 
008      0A 0A 00 00 02 23 22 35 
008      14 0A 10 11 05 23 22 36 
008      14 0A 10 11 05 23 22 37 
008      0A 0A 00 00 02 23 22 37 
008      14 0A 10 11 05 23 22 38 
008      0A 0A 00 00 02 23 22 39 
008      14 0A 10 11 05 23 22 40 
008      0A 0A 00 00 02 23 22 41 
008      14 0A 10 11 05 23 22 41 
008      14 0A 10 11 05 23 22 42 
008      0A 0A 00 00 02 23 22 42 
008      14 0A 10 11 05 23 22 43 
008      14 0A 10 11 05 23 22 44 
008      0A 0A 00 00 02 23 22 44 
008      14 0A 10 11 05 23 22 45 
008      0A 0A 00 00 02 23 22 46 
008      14 0A 10 11 05 23 22 47 
008      0A 0A 00 00 02 23 22 47 
008      14 0A 10 11 05 23 22 49 
008      0A 0A 00 00 02 23 22 50 
008      14 0A 10 11 05 23 22 51 
008      0A 0A 00 00 02 23 22 51 
008      14 0A 10 11 05 23 22 52 
008      14 0A 10 11 05 23 22 53 
008      0A 0A 00 00 02 23 22 53 
008      14 0A 10 11 05 23 22 54 
008      14 0A 10 11 05 23 22 55 
008      0A 0A 00 00 02 23 22 55 
008      14 0A 10 11 05 23 22 56 
008      0A 0A 00 00 02 23 22 57 
008      14 0A 10 11 05 23 22 57 
008      14 0A 10 11 05 23 22 58 
008      0A 0A 00 00 02 23 22 58 
008      14 0A 10 11 05 23 22 59 
008      14 0A 10 11 05 23 23 00 
008      0A 0A 00 00 02 23 23 00 
008      14 0A 10 11 05 23 23 01 
008      14 0A 10 11 05 23 23 02 
008      0A 0A 00 48 02 23 23 02 
008      14 0A 10 11 05 23 23 03 
008      14 0A 10 11 05 23 23 04 
008      0A 0A 02 C3 03 23 23 04 
008      14 0A 10 11 05 23 23 05 
008      14 0A 10 11 05 23 23 06 
008      0A 0A 02 C0 04 23 23 06 
008      14 0A 10 11 05 23 23 07 
008      14 0A 10 11 05 23 23 08 
008      0A 0A 00 9A 06 23 23 09 
008      14 0A 10 11 05 23 23 10 
008      0A 0A 00 00 06 23 23 11 
008      14 0A 10 11 05 23 23 12 
008      14 0A 10 11 05 23 23 13 
008      0A 0A 00 00 06 23 23 13 
008      14 0A 10 11 05 23 23 14 
008      14 0A 10 11 05 23 23 15 
008      0A 0A 00 00 06 23 23 16 
008      14 0A 10 11 05 23 23 16 
008      14 0A 10 11 05 23 23 17 
008      0A 0A 00 00 06 23 23 17 
008      14 0A 10 11 05 23 23 18 
008      14 0A 10 11 05 23 23 19 
008      0A 0A 00 00 06 23 23 19 
008      14 0A 10 11 05 23 23 20 
008      0A 0A 00 00 06 23 23 21 
008      14 0A 10 11 05 23 23 22 
008      0A 0A 00 00 06 23 23 23 
008      14 0A 10 11 05 23 23 23 
008      14 0A 10 11 05 23 23 24 
008      0A 0A 00 00 06 23 23 24 
008      14 0A 10 11 05 23 23 25 
008      14 0A 10 11 05 23 23 26 
008      0A 0A 00 00 06 23 23 26 
008      14 0A 10 11 05 23 23 27 
008      0A 0A 00 00 06 23 23 28 
008      14 0A 10 11 05 23 23 29 
008      0A 0A 00 00 06 23 23 29 
008      14 0A 10 11 05 23 23 30 
008      14 0A 10 11 05 23 23 31 
008      0A 0A 00 00 06 23 23 31 
008      14 0A 10 11 05 23 23 32 
008      14 0A 10 11 05 23 23 33 
008      0A 0A 00 00 06 23 23 33 
008      14 0A 10 11 05 23 23 34 
008      0A 0A 00 00 06 23 23 35 
008      14 0A 10 11 05 23 23 35 
008      14 0A 10 11 05 23 23 36 
008      0A 0A 00 00 06 23 23 36 
008      14 0A 10 11 05 23 23 37 
008      14 0A 10 11 05 23 23 38 
008      0A 0A 00 00 06 23 23 39 
008      14 0A 10 11 05 23 23 39 
008      14 0A 10 11 05 23 23 40 
008      0A 0A 00 00 06 23 23 40 
008      14 0A 10 11 05 23 23 41 
008      14 0A 10 11 05 23 23 42 
008      0A 0A 00 00 06 23 23 42 
008      14 0A 10 11 05 23 23 43 
008      0A 0A 00 00 06 23 23 44 
008      14 0A 10 11 05 23 23 45 
008      0A 0A 00 00 06 23 23 46 
008      14 0A 10 11 05 23 23 46 
008      14 0A 10 11 05 23 23 47 
008      0A 0A 00 00 06 23 23 47 
