009      42 87 00 00 00 00 00 00 
008      03 AA 00 00 00 00 00 00 
021      00 AB 03 00 00 00 00 00 
00A      00 7E 00 00 00 00 00 00 
008      00 83 00 00 00 00 00 00 
008      00 84 00 00 00 00 00 00 
008      04 AA 00 00 00 00 00 00 
022      00 AB 04 00 00 00 00 00 
008      00 85 00 00 00 20 20 34 
008      00 86 00 00 00 04 01 05 
008      14 0A 10 04 01 19 35 09 
008      01 BC 04 00 00 00 00 00 
008      01 AA 00 00 00 00 00 00 
01F      00 AB 01 00 00 00 00 00 
008      00 01 04 00 00 04 0C 00 
008      01 0A 00 00 00 00 00 00 
008      02 AA 00 00 00 00 00 00 
020      00 AB 02 00 00 00 00 00 
008      02 0A 00 00 00 00 00 00 
008      03 0A 00 00 00 00 00 00 
008      04 0A 04 00 00 00 04 13 
008      05 0A 00 00 00 00 00 00 
008      14 0A 10 04 01 19 35 10 
008      06 0A 00 00 00 00 00 00 
008      07 0A 00 00 00 00 00 00 
008      08 0A 00 00 00 00 00 00 
008      09 0A 00 00 00 00 00 00 
008      0A 0A 00 00 06 19 35 10 
008      0B 0A 00 00 00 00 00 00 
008      0C 0A 00 00 00 00 00 00 
008      0D 0A 00 00 00 00 00 00 
008      0E 0A 00 00 00 00 00 00 
008      0F 0A 00 00 00 00 00 00 
008      10 0A 00 00 00 00 00 00 
008      00 82 00 01 00 00 00 00 
008      14 0A 10 04 01 19 35 11 
008      14 0A 10 04 01 19 35 12 
008      0A 0A 00 00 06 19 35 12 
008      14 0A 10 04 01 19 35 13 
008      0A 0A 00 00 06 19 35 14 
008      14 0A 10 04 01 19 35 15 
008      0A 0A 00 00 06 19 35 15 
008      14 0A 10 04 01 19 35 16 
008      14 0A 10 04 01 19 35 17 
008      0A 0A 00 00 06 19 35 17 
