    
       009           42 87 00 00 00 00 00 00 
       009           42 87 00 00 00 00 00 00 
       009           42 87 00 00 00 00 00 00 
       009           42 87 00 00 00 00 00 00 
       009           42 87 00 00 00 00 00 00 
       009           42 87 00 00 00 00 00 00 
       009           42 87 00 00 00 00 00 00 
       009           42 87 00 00 00 00 00 00 
       009           42 87 00 00 00 00 00 00 
       009           42 87 00 00 00 00 00 00 
       009           42 87 00 00 00 00 00 00 
       009           42 87 00 00 00 00 00 00 
       009           42 87 00 00 00 00 00 00 
       009           42 87 00 00 00 00 00 00 
       009           42 87 00 00 00 00 00 00 
       009           42 87 00 00 00 00 00 00 
       009           42 87 00 00 00 00 00 00 
       009           42 87 00 00 00 00 00 00 
       009           42 87 00 00 00 00 00 00 
       009           42 87 00 00 00 00 00 00 
       009           42 87 00 00 00 00 00 00 
       009           42 87 00 00 00 00 00 00 
       009           42 87 00 00 00 00 00 00 
       009           42 87 00 00 00 00 00 00 
       009           42 87 00 00 00 00 00 00 
       009           42 87 00 00 00 00 00 00 
       009           42 87 00 00 00 00 00 00 
       009           42 87 00 00 00 00 00 00 
       009           42 87 00 00 00 00 00 00 
       009           42 87 00 00 00 00 00 00 
       009           42 87 00 00 00 00 00 00 
       009           42 87 00 00 00 00 00 00 
       009           42 87 00 00 00 00 00 00 
       009           42 87 00 00 00 00 00 00 
       009           42 87 00 00 00 00 00 00 
       009           42 87 00 00 00 00 00 00 
       009           42 87 00 00 00 00 00 00 
       009           42 87 00 00 00 00 00 00 
       009           42 87 00 00 00 00 00 00 
       009           42 87 00 00 00 00 00 00 
       009           42 87 00 00 00 00 00 00 
       009           42 87 00 00 00 00 00 00 
       008           01 0A 00 00 00 00 00 00 
       00A           00 7E 00 00 00 00 00 00 
       009           42 87 00 00 00 00 00 00 
       008           02 0A 00 00 00 00 00 00 
       009           42 87 00 00 00 00 00 00 
       008           03 0A 00 00 00 00 00 00 
       00A           00 7E 00 00 00 00 00 00 
       009           42 87 00 00 00 00 00 00 
       008           04 0A 04 00 00 00 01 13 
       009           42 87 00 00 00 00 00 00 
       008           05 0A 00 00 00 00 00 00 
       00A           00 7E 00 00 00 00 00 00 
       009           42 87 00 00 00 00 00 00 
       008           06 0A 00 00 00 00 00 00 
       009           42 87 00 00 00 00 00 00 
       008           07 0A 00 00 00 00 00 00 
       00A           00 7E 00 00 00 00 00 00 
       009           42 87 00 00 00 00 00 00 
       008           08 0A 00 00 00 00 00 00 
       009           42 87 00 00 00 00 00 00 
       008           09 0A 00 00 00 00 00 00 
       00A           00 7E 00 00 00 00 00 00 
       009           42 87 00 00 00 00 00 00 
       008           0A 0A 00 00 00 17 04 16 
       009           42 87 00 00 00 00 00 00 
       008           0B 0A 00 00 00 00 00 00 
       00A           00 7E 00 00 00 00 00 00 
       009           42 87 00 00 00 00 00 00 
       008           0C 0A 00 00 00 00 00 00 
       009           42 87 00 00 00 00 00 00 
       008           0D 0A 00 00 00 00 00 00 
       00A           00 7E 00 00 00 00 00 00 
       009           42 87 00 00 00 00 00 00 
       008           0E 0A 00 00 00 00 00 00 
       009           42 87 00 00 00 00 00 00 
       008           0F 0A 00 00 00 00 00 00 
       00A           00 7E 00 00 00 00 00 00 
       009           42 87 00 00 00 00 00 00 
       008           10 0A 00 00 00 00 00 00 
       009           42 87 00 00 00 00 00 00 
       008           00 82 00 00 00 00 00 00 
       00A           00 7E 00 00 00 00 00 00 
       009           42 87 00 00 00 00 00 00 
       008           00 83 00 00 00 00 00 00 
       009           42 87 00 00 00 00 00 00 
       008           00 84 00 00 00 00 00 00 
       00A           00 7E 00 00 00 00 00 00 
       009           42 87 00 00 00 00 00 00 
       008           00 85 00 00 00 20 20 31 
       009           42 87 00 00 00 00 00 00 
       008           00 86 00 00 00 01 01 05 
       00A           00 7E 00 00 00 00 00 00 
       009           42 87 00 00 00 00 00 00 
       008           00 01 01 00 00 01 08 00 
       009           42 87 00 00 00 00 00 00 
       008           00 01 01 00 00 01 08 00 
       00A           00 7E 00 00 00 00 00 00 
       009           42 87 00 00 00 00 00 00 
       008           01 0A 00 00 00 00 00 00 
       009           42 87 00 00 00 00 00 00 
       008           01 AA 00 00 00 00 00 00 
       01F           00 AB 01 00 00 00 00 00 
       00A           00 7E 00 00 00 00 00 00 
       009           42 87 00 00 00 00 00 00 
       008           02 0A 00 00 00 00 00 00 
       009           42 87 00 00 00 00 00 00 
       008           03 0A 00 00 00 00 00 00 
       00A           00 7E 00 00 00 00 00 00 
       009           42 87 00 00 00 00 00 00 
       008           02 AA 00 00 00 00 00 00 
       020           00 AB 02 00 00 00 00 00 
       009           42 87 00 00 00 00 00 00 
       008           04 0A 04 00 00 00 01 13 
       00A           00 7E 00 00 00 00 00 00 
       009           42 87 00 00 00 00 00 00 
       008           05 0A 00 00 00 00 00 00 
       009           42 87 00 00 00 00 00 00 
       008           14 0A 10 05 06 17 04 17 
       00A           00 7E 00 00 00 00 00 00 
       009           42 87 00 00 00 00 00 00 
       008           06 0A 00 00 00 00 00 00 
       009           42 87 00 00 00 00 00 00 
       008           07 0A 00 00 00 00 00 00 
       00A           00 7E 00 00 00 00 00 00 
       009           42 87 00 00 00 00 00 00 
       008           03 AA 00 00 00 00 00 00 
       021           00 AB 03 00 00 00 00 00 
       009           42 87 00 00 00 00 00 00 
       008           08 0A 00 00 00 00 00 00 
       00A           00 7E 00 00 00 00 00 00 
       009           42 87 00 00 00 00 00 00 
       008           09 0A 00 00 00 00 00 00 
       009           42 87 00 00 00 00 00 00 
       008           01 BC 01 00 00 00 00 00 
       00A           00 7E 00 00 00 00 00 00 
       009           42 87 00 00 00 00 00 00 
       008           0A 0A 00 00 00 17 04 17 
       009           42 87 00 00 00 00 00 00 
       008           0B 0A 00 00 00 00 00 00 
       00A           00 7E 00 00 00 00 00 00 
       009           42 87 00 00 00 00 00 00 
       008           04 AA 00 00 00 00 00 00 
       022           00 AB 04 00 00 00 00 00 
       009           42 87 00 00 00 00 00 00 
       008           0C 0A 00 00 00 00 00 00 
       00A           00 7E 00 00 00 00 00 00 
       009           42 87 00 00 00 00 00 00 
       008           0D 0A 00 00 00 00 00 00 
       009           42 87 00 00 00 00 00 00 
       008           01 AA 00 00 00 00 00 00 
       01F           00 AB 01 00 00 00 00 00 
       00A           00 7E 00 00 00 00 00 00 
       009           42 87 00 00 00 00 00 00 
       008           0E 0A 00 00 00 00 00 00 
       009           42 87 00 00 00 00 00 00 
       008           0F 0A 00 00 00 00 00 00 
       00A           00 7E 00 00 00 00 00 00 
       009           42 87 00 00 00 00 00 00 
       008           02 AA 00 00 00 00 00 00 
       020           00 AB 02 00 00 00 00 00 
       009           42 87 00 00 00 00 00 00 
       008           10 0A 00 00 00 00 00 00 
       00A           00 7E 00 00 00 00 00 00 
       009           42 87 00 00 00 00 00 00 
       008           00 82 00 00 00 00 00 00 
       009           42 87 00 00 00 00 00 00 
       008           03 AA 00 00 00 00 00 00 
       021           00 AB 03 00 00 00 00 00 
       00A           00 7E 00 00 00 00 00 00 
       009           42 87 00 00 00 00 00 00 
       008           00 83 00 00 00 00 00 00 
       009           42 87 00 00 00 00 00 00 
       008           00 84 00 00 00 00 00 00 
       00A           00 7E 00 00 00 00 00 00 
       009           42 87 00 00 00 00 00 00 
       008           04 AA 00 00 00 00 00 00 
       022           00 AB 04 00 00 00 00 00 
       009           42 87 00 00 00 00 00 00 
       008           00 85 00 00 00 20 20 31 
       00A           00 7E 00 00 00 00 00 00 
       009           42 87 00 00 00 00 00 00 
       008           00 86 00 00 00 01 01 05 
       009           42 87 00 00 00 00 00 00 
       008           14 0A 10 05 06 17 04 18 
       00A           00 7E 00 00 00 00 00 00 
       009           42 87 00 00 00 00 00 00 
       008           01 BC 01 00 00 00 00 00 
       009           42 87 00 00 00 00 00 00 
       008           01 AA 00 00 00 00 00 00 
       01F           00 AB 01 00 00 00 00 00 
       00A           00 7E 00 00 00 00 00 00 
       009           42 87 00 00 00 00 00 00 
       008           00 01 01 00 00 01 08 00 
       009           42 87 00 00 00 00 00 00 
       008           01 0A 00 00 00 00 00 00 
       00A           00 7E 00 00 00 00 00 00 
       009           42 87 00 00 00 00 00 00 
       008           02 AA 00 00 00 00 00 00 
       020           00 AB 02 00 00 00 00 00 
       009           42 87 00 00 00 00 00 00 
       008           02 0A 00 00 00 00 00 00 
       00A           00 7E 00 00 00 00 00 00 
       009           42 87 00 00 00 00 00 00 
       008           03 0A 00 00 00 00 00 00 
       009           42 87 00 00 00 00 00 00 
       008           03 AA 00 00 00 00 00 00 
       021           00 AB 03 00 00 00 00 00 
       00A           00 7E 00 00 00 00 00 00 
       009           42 87 00 00 00 00 00 00 
       008           04 0A 04 00 00 00 01 13 
       009           42 87 00 00 00 00 00 00 
       008           05 0A 00 00 00 00 00 00 
       00A           00 7E 00 00 00 00 00 00 
       009           42 87 00 00 00 00 00 00 
       008           14 0A 10 05 06 17 04 19 
       009           42 87 00 00 00 00 00 00 
       008           06 0A 00 00 00 00 00 00 
       00A           00 7E 00 00 00 00 00 00 
       009           42 87 00 00 00 00 00 00 
       008           07 0A 00 00 00 00 00 00 
       009           42 87 00 00 00 00 00 00 
       008           04 AA 00 00 00 00 00 00 
       022           00 AB 04 00 00 00 00 00 
       00A           00 7E 00 00 00 00 00 00 
       009           42 87 00 00 00 00 00 00 
       008           08 0A 00 00 00 00 00 00 
       009           42 87 00 00 00 00 00 00 
       008           09 0A 00 00 00 00 00 00 
       00A           00 7E 00 00 00 00 00 00 
       009           42 87 00 00 00 00 00 00 
       008           01 BC 01 00 00 00 00 00 
       009           42 87 00 00 00 00 00 00 
       008           0A 0A 00 00 00 17 04 19 
       00A           00 7E 00 00 00 00 00 00 
       009           42 87 00 00 00 00 00 00 
       008           0B 0A 00 00 00 00 00 00 
       009           42 87 00 00 00 00 00 00 
       008           01 AA 00 00 00 00 00 00 
       01F           00 AB 01 00 00 00 00 00 
       00A           00 7E 00 00 00 00 00 00 
       009           42 87 00 00 00 00 00 00 
       008           0C 0A 00 00 00 00 00 00 
       009           42 87 00 00 00 00 00 00 
       008           0D 0A 00 00 00 00 00 00 
       00A           00 7E 00 00 00 00 00 00 
       009           42 87 00 00 00 00 00 00 
       008           02 AA 00 00 00 00 00 00 
       020           00 AB 02 00 00 00 00 00 
       009           42 87 00 00 00 00 00 00 
       008           0E 0A 00 00 00 00 00 00 
       00A           00 7E 00 00 00 00 00 00 
       009           42 87 00 00 00 00 00 00 
       008           0F 0A 00 00 00 00 00 00 
       009           42 87 00 00 00 00 00 00 
       008           03 AA 00 00 00 00 00 00 
       021           00 AB 03 00 00 00 00 00 
       00A           00 7E 00 00 00 00 00 00 
       009           42 87 00 00 00 00 00 00 
       008           10 0A 00 00 00 00 00 00 
       009           42 87 00 00 00 00 00 00 
       008           00 82 00 00 00 00 00 00 
       00A           00 7E 00 00 00 00 00 00 
       009           42 87 00 00 00 00 00 00 
       008           04 AA 00 00 00 00 00 00 
       022           00 AB 04 00 00 00 00 00 
       009           42 87 00 00 00 00 00 00 
       008           00 83 00 00 00 00 00 00 
       00A           00 7E 00 00 00 00 00 00 
       009           42 87 00 00 00 00 00 00 
       008           00 84 00 00 00 00 00 00 
       009           42 87 00 00 00 00 00 00 
       008           01 AA 00 00 00 00 00 00 
       01F           00 AB 01 00 00 00 00 00 
       00A           00 7E 00 00 00 00 00 00 
       009           42 87 00 00 00 00 00 00 
       008           00 85 00 00 00 20 20 31 
       009           42 87 00 00 00 00 00 00 
       008           00 86 00 00 00 01 01 05 
       00A           00 7E 00 00 00 00 00 00 
       009           42 87 00 00 00 00 00 00 
       008           14 0A 10 05 06 17 04 20 
       009           42 87 00 00 00 00 00 00 
       008           01 BC 01 00 00 00 00 00 
       00A           00 7E 00 00 00 00 00 00 
       009           42 87 00 00 00 00 00 00 
       008           02 AA 00 00 00 00 00 00 
       020           00 AB 02 00 00 00 00 00 
       009           42 87 00 00 00 00 00 00 
       008           00 01 01 00 00 01 08 00 
       00A           00 7E 00 00 00 00 00 00 
       009           42 87 00 00 00 00 00 00 
       008           01 0A 00 00 00 00 00 00 
       009           42 87 00 00 00 00 00 00 
       008           03 AA 00 00 00 00 00 00 
       021           00 AB 03 00 00 00 00 00 
       00A           00 7E 00 00 00 00 00 00 
       009           42 87 00 00 00 00 00 00 
       008           02 0A 00 00 00 00 00 00 
       009           42 87 00 00 00 00 00 00 
       008           03 0A 00 00 00 00 00 00 
       00A           00 7E 00 00 00 00 00 00 
       009           42 87 00 00 00 00 00 00 
       008           04 AA 00 00 00 00 00 00 
       022           00 AB 04 00 00 00 00 00 
       009           42 87 00 00 00 00 00 00 
       008           04 0A 04 00 00 00 01 13 
       00A           00 7E 00 00 00 00 00 00 
       009           42 87 00 00 00 00 00 00 
       008           05 0A 00 00 00 00 00 00 
       009           42 87 00 00 00 00 00 00 
       008           14 0A 10 05 06 17 04 20 
       00A           00 7E 00 00 00 00 00 00 
       009           42 87 00 00 00 00 00 00 
       008           06 0A 00 00 00 00 00 00 
       009           42 87 00 00 00 00 00 00 
       008           07 0A 00 00 00 00 00 00 
       00A           00 7E 00 00 00 00 00 00 
       009           42 87 00 00 00 00 00 00 
       008           01 AA 00 00 00 00 00 00 
       01F           00 AB 01 00 00 00 00 00 
       009           42 87 00 00 00 00 00 00 
       008           08 0A 00 00 00 00 00 00 
       00A           00 7E 00 00 00 00 00 00 
       009           42 87 00 00 00 00 00 00 
       008           09 0A 00 00 00 00 00 00 
       009           42 87 00 00 00 00 00 00 
       008           01 BC 01 00 00 00 00 00 
       00A           00 7E 00 00 00 00 00 00 
       009           42 87 00 00 00 00 00 00 
       008           0A 0A 00 00 00 17 04 21 
       009           42 87 00 00 00 00 00 00 
       008           0B 0A 00 00 00 00 00 00 
       00A           00 7E 00 00 00 00 00 00 
       009           42 87 00 00 00 00 00 00 
       008           02 AA 00 00 00 00 00 00 
       020           00 AB 02 00 00 00 00 00 
       009           42 87 00 00 00 00 00 00 
       008           0C 0A 00 00 00 00 00 00 
       00A           00 7E 00 00 00 00 00 00 
       009           42 87 00 00 00 00 00 00 
       008           0D 0A 00 00 00 00 00 00 
       009           42 87 00 00 00 00 00 00 
       008           03 AA 00 00 00 00 00 00 
       021           00 AB 03 00 00 00 00 00 
       00A           00 7E 00 00 00 00 00 00 
       009           42 87 00 00 00 00 00 00 
       008           0E 0A 00 00 00 00 00 00 
       009           42 87 00 00 00 00 00 00 
       008           0F 0A 00 00 00 00 00 00 
       00A           00 7E 00 00 00 00 00 00 
       009           42 87 00 00 00 00 00 00 
       008           04 AA 00 00 00 00 00 00 
       022           00 AB 04 00 00 00 00 00 
       009           42 87 00 00 00 00 00 00 
       008           10 0A 00 00 00 00 00 00 
       00A           00 7E 00 00 00 00 00 00 
       009           42 87 00 00 00 00 00 00 
       008           00 82 00 00 00 00 00 00 
       009           42 87 00 00 00 00 00 00 
       008           01 AA 00 00 00 00 00 00 
       01F           00 AB 01 00 00 00 00 00 
       00A           00 7E 00 00 00 00 00 00 
       009           42 87 00 00 00 00 00 00 
       008           00 83 00 00 00 00 00 00 
       009           42 87 00 00 00 00 00 00 
       008           00 84 00 00 00 00 00 00 
       00A           00 7E 00 00 00 00 00 00 
       009           42 87 00 00 00 00 00 00 
       008           02 AA 00 00 00 00 00 00 
       020           00 AB 02 00 00 00 00 00 
       009           42 87 00 00 00 00 00 00 
       008           00 85 00 00 00 20 20 31 
       00A           00 7E 00 00 00 00 00 00 
       009           42 87 00 00 00 00 00 00 
       008           00 86 00 00 00 01 01 05 
       009           42 87 00 00 00 00 00 00 
       008           14 0A 10 05 06 17 04 22 
       00A           00 7E 00 00 00 00 00 00 
       009           42 87 00 00 00 00 00 00 
       008           01 BC 01 00 00 00 00 00 
       009           42 87 00 00 00 00 00 00 
       008           03 AA 00 00 00 00 00 00 
       021           00 AB 03 00 00 00 00 00 
       00A           00 7E 00 00 00 00 00 00 
       009           42 87 00 00 00 00 00 00 
       008           00 01 01 00 00 01 08 00 
       009           42 87 00 00 00 00 00 00 
       008           01 0A 00 00 00 00 00 00 
       00A           00 7E 00 00 00 00 00 00 
       009           42 87 00 00 00 00 00 00 
       008           04 AA 00 00 00 00 00 00 
       022           00 AB 04 00 00 00 00 00 
       009           42 87 00 00 00 00 00 00 
       008           02 0A 00 00 00 00 00 00 
       00A           00 7E 00 00 00 00 00 00 
       009           42 87 00 00 00 00 00 00 
       008           03 0A 00 00 00 00 00 00 
       009           42 87 00 00 00 00 00 00 
       008           01 AA 00 00 00 00 00 00 
       01F           00 AB 01 00 00 00 00 00 
       00A           00 7E 00 00 00 00 00 00 
       009           42 87 00 00 00 00 00 00 
       008           04 0A 04 00 00 00 01 13 
       009           42 87 00 00 00 00 00 00 
       008           05 0A 00 00 00 00 00 00 
       00A           00 7E 00 00 00 00 00 00 
       009           42 87 00 00 00 00 00 00 
       008           14 0A 10 05 06 17 04 22 
       009           42 87 00 00 00 00 00 00 
       008           06 0A 00 00 00 00 00 00 
       00A           00 7E 00 00 00 00 00 00 
       009           42 87 00 00 00 00 00 00 
       008           07 0A 00 00 00 00 00 00 
       009           42 87 00 00 00 00 00 00 
       008           02 AA 00 00 00 00 00 00 
       020           00 AB 02 00 00 00 00 00 
       00A           00 7E 00 00 00 00 00 00 
       009           42 87 00 00 00 00 00 00 
       008           08 0A 00 00 00 00 00 00 
       009           42 87 00 00 00 00 00 00 
       008           09 0A 00 00 00 00 00 00 
       00A           00 7E 00 00 00 00 00 00 
       009           42 87 00 00 00 00 00 00 
       008           01 BC 01 00 00 00 00 00 
       009           42 87 00 00 00 00 00 00 
       008           0A 0A 00 00 00 17 04 23 
       00A           00 7E 00 00 00 00 00 00 
       009           42 87 00 00 00 00 00 00 
       008           0B 0A 00 00 00 00 00 00 
       009           42 87 00 00 00 00 00 00 
       008           03 AA 00 00 00 00 00 00 
       021           00 AB 03 00 00 00 00 00 
       00A           00 7E 00 00 00 00 00 00 
       009           42 87 00 00 00 00 00 00 
       008           0C 0A 00 00 00 00 00 00 
       009           42 87 00 00 00 00 00 00 
       008           0D 0A 00 00 00 00 00 00 
       00A           00 7E 00 00 00 00 00 00 
       009           42 87 00 00 00 00 00 00 
       008           04 AA 00 00 00 00 00 00 
       022           00 AB 04 00 00 00 00 00 
       009           42 87 00 00 00 00 00 00 
       008           0E 0A 00 00 00 00 00 00 
       00A           00 7E 00 00 00 00 00 00 
       009           42 87 00 00 00 00 00 00 
       008           0F 0A 00 00 00 00 00 00 
       009           42 87 00 00 00 00 00 00 
       008           01 AA 00 00 00 00 00 00 
       01F           00 AB 01 00 00 00 00 00 
       00A           00 7E 00 00 00 00 00 00 
       009           42 87 00 00 00 00 00 00 
       008           10 0A 00 00 00 00 00 00 
       009           42 87 00 00 00 00 00 00 
       008           00 82 00 00 00 00 00 00 
       00A           00 7E 00 00 00 00 00 00 
       009           42 87 00 00 00 00 00 00 
       008           02 AA 00 00 00 00 00 00 
       020           00 AB 02 00 00 00 00 00 
       009           42 87 00 00 00 00 00 00 
       008           00 83 00 00 00 00 00 00 
       00A           00 7E 00 00 00 00 00 00 
       009           42 87 00 00 00 00 00 00 
       008           00 84 00 00 00 00 00 00 
       009           42 87 00 00 00 00 00 00 
       008           03 AA 00 00 00 00 00 00 
       021           00 AB 03 00 00 00 00 00 
       00A           00 7E 00 00 00 00 00 00 
       009           42 87 00 00 00 00 00 00 
       008           00 85 00 00 00 20 20 31 
       009           42 87 00 00 00 00 00 00 
       008           00 86 00 00 00 01 01 05 
       00A           00 7E 00 00 00 00 00 00 
       009           42 87 00 00 00 00 00 00 
       008           14 0A 10 05 06 17 04 23 
       009           42 87 00 00 00 00 00 00 
       008           01 BC 01 00 00 00 00 00 
       00A           00 7E 00 00 00 00 00 00 
       009           42 87 00 00 00 00 00 00 
       008           04 AA 00 00 00 00 00 00 
       022           00 AB 04 00 00 00 00 00 
       009           42 87 00 00 00 00 00 00 
       008           00 01 01 00 00 01 08 00 
       00A           00 7E 00 00 00 00 00 00 
       009           42 87 00 00 00 00 00 00 
       008           01 0A 00 00 00 00 00 00 
       009           42 87 00 00 00 00 00 00 
       008           01 AA 00 00 00 00 00 00 
       01F           00 AB 01 00 00 00 00 00 
       00A           00 7E 00 00 00 00 00 00 
       009           42 87 00 00 00 00 00 00 
       008           02 0A 00 00 00 00 00 00 
       009           42 87 00 00 00 00 00 00 
       008           03 0A 00 00 00 00 00 00 
       00A           00 7E 00 00 00 00 00 00 
       009           42 87 00 00 00 00 00 00 
       008           02 AA 00 00 00 00 00 00 
       020           00 AB 02 00 00 00 00 00 
       009           42 87 00 00 00 00 00 00 
       008           04 0A 04 00 00 00 01 13 
       00A           00 7E 00 00 00 00 00 00 
       009           42 87 00 00 00 00 00 00 
       008           05 0A 00 00 00 00 00 00 
       009           42 87 00 00 00 00 00 00 
       008           14 0A 10 05 06 17 04 24 
       00A           00 7E 00 00 00 00 00 00 
       009           42 87 00 00 00 00 00 00 
       008           06 0A 00 00 00 00 00 00 
       009           42 87 00 00 00 00 00 00 
       008           07 0A 00 00 00 00 00 00 
       00A           00 7E 00 00 00 00 00 00 
       009           42 87 00 00 00 00 00 00 
       008           03 AA 00 00 00 00 00 00 
       021           00 AB 03 00 00 00 00 00 
       009           42 87 00 00 00 00 00 00 
       008           08 0A 00 00 00 00 00 00 
       00A           00 7E 00 00 00 00 00 00 
       009           42 87 00 00 00 00 00 00 
       008           09 0A 00 00 00 00 00 00 
       009           42 87 00 00 00 00 00 00 
       008           01 BC 01 00 00 00 00 00 
       00A           00 7E 00 00 00 00 00 00 
       009           42 87 00 00 00 00 00 00 
       008           0A 0A 00 00 00 17 04 24 
       009           42 87 00 00 00 00 00 00 
       008           0B 0A 00 00 00 00 00 00 
       00A           00 7E 00 00 00 00 00 00 
       009           42 87 00 00 00 00 00 00 
       008           04 AA 00 00 00 00 00 00 
       022           00 AB 04 00 00 00 00 00 
       009           42 87 00 00 00 00 00 00 
       008           0C 0A 00 00 00 00 00 00 
       00A           00 7E 00 00 00 00 00 00 
       009           42 87 00 00 00 00 00 00 
       008           0D 0A 00 00 00 00 00 00 
       009           42 87 00 00 00 00 00 00 
       008           01 AA 00 00 00 00 00 00 
       01F           00 AB 01 00 00 00 00 00 
       00A           00 7E 00 00 00 00 00 00 
       009           42 87 00 00 00 00 00 00 
       008           0E 0A 00 00 00 00 00 00 
       009           42 87 00 00 00 00 00 00 
       008           0F 0A 00 00 00 00 00 00 
       00A           00 7E 00 00 00 00 00 00 
       009           42 87 00 00 00 00 00 00 
       008           02 AA 00 00 00 00 00 00 
       020           00 AB 02 00 00 00 00 00 
       009           42 87 00 00 00 00 00 00 
       008           10 0A 00 00 00 00 00 00 
       00A           00 7E 00 00 00 00 00 00 
       009           42 87 00 00 00 00 00 00 
       008           00 82 00 00 00 00 00 00 
       009           42 87 00 00 00 00 00 00 
       008           03 AA 00 00 00 00 00 00 
       021           00 AB 03 00 00 00 00 00 
       00A           00 7E 00 00 00 00 00 00 
       009           42 87 00 00 00 00 00 00 
       008           00 83 00 00 00 00 00 00 
       009           42 87 00 00 00 00 00 00 
       008           00 84 00 00 00 00 00 00 
       00A           00 7E 00 00 00 00 00 00 
       009           42 87 00 00 00 00 00 00 
       008           04 AA 00 00 00 00 00 00 
       022           00 AB 04 00 00 00 00 00 
       009           42 87 00 00 00 00 00 00 
       008           00 85 00 00 00 20 20 31 
       00A           00 7E 00 00 00 00 00 00 
       009           42 87 00 00 00 00 00 00 
       008           00 86 00 00 00 01 01 05 
       009           42 87 00 00 00 00 00 00 
       008           14 0A 10 05 06 17 04 25 
       00A           00 7E 00 00 00 00 00 00 
       009           42 87 00 00 00 00 00 00 
       008           01 BC 01 00 00 00 00 00 
       009           42 87 00 00 00 00 00 00 
       008           01 AA 00 00 00 00 00 00 
       01F           00 AB 01 00 00 00 00 00 
       00A           00 7E 00 00 00 00 00 00 
       009           42 87 00 00 00 00 00 00 
       008           00 01 01 00 00 01 08 00 
       009           42 87 00 00 00 00 00 00 
       008           01 0A 00 00 00 00 00 00 
       00A           00 7E 00 00 00 00 00 00 
       009           42 87 00 00 00 00 00 00 
       008           02 AA 00 00 00 00 00 00 
       020           00 AB 02 00 00 00 00 00 
       009           42 87 00 00 00 00 00 00 
       008           02 0A 00 00 00 00 00 00 
       00A           00 7E 00 00 00 00 00 00 
       009           42 87 00 00 00 00 00 00 
       008           03 0A 00 00 00 00 00 00 
       009           42 87 00 00 00 00 00 00 
       008           03 AA 00 00 00 00 00 00 
       021           00 AB 03 00 00 00 00 00 
       00A           00 7E 00 00 00 00 00 00 
       009           42 87 00 00 00 00 00 00 
       008           04 0A 04 00 00 00 01 13 
       009           42 87 00 00 00 00 00 00 
       008           05 0A 00 00 00 00 00 00 
       00A           00 7E 00 00 00 00 00 00 
       009           42 87 00 00 00 00 00 00 
       008           14 0A 10 05 06 17 04 26 
       009           42 87 00 00 00 00 00 00 
       008           06 0A 00 00 00 00 00 00 
       00A           00 7E 00 00 00 00 00 00 
       009           42 87 00 00 00 00 00 00 
       008           07 0A 00 00 00 00 00 00 
       009           42 87 00 00 00 00 00 00 
       008           04 AA 00 00 00 00 00 00 
       022           00 AB 04 00 00 00 00 00 
       00A           00 7E 00 00 00 00 00 00 
       009           42 87 00 00 00 00 00 00 
       008           08 0A 00 00 00 00 00 00 
       009           42 87 00 00 00 00 00 00 
       008           09 0A 00 00 00 00 00 00 
       00A           00 7E 00 00 00 00 00 00 
       009           42 87 00 00 00 00 00 00 
       008           04 0A 04 00 00 01 01 13 
       009           42 87 00 00 00 00 00 00 
       008           00 BC 01 00 00 00 00 00 
       00A           00 7E 00 00 00 00 00 00 
       009           42 87 00 00 00 00 00 00 
       008           0A 0A 00 00 00 17 04 26 
       009           42 87 00 00 00 00 00 00 
       008           0B 0A 00 00 00 00 00 00 
       00A           00 7E 00 00 00 00 00 00 
       009           42 87 00 00 00 00 00 00 
       008           01 AA 00 00 00 00 00 00 
       01F           00 AB 01 00 00 00 00 00 
       009           42 87 00 00 00 00 00 00 
       008           00 01 01 02 00 01 09 00 
       00A           00 7E 00 00 00 00 00 00 
       009           42 87 00 00 00 00 00 00 
       008           0C 0A 00 00 00 00 00 00 
       009           42 87 00 00 00 00 00 00 
       008           0D 0A 00 00 00 00 00 00 
       00A           00 7E 00 00 00 00 00 00 
       008           02 AA 00 00 00 00 00 00 
       009           42 87 00 00 00 00 00 00 
       008           0E 0A 00 00 00 00 00 00 
       009           42 87 00 00 00 00 00 00 
       00A           00 7E 00 00 00 00 00 00 
       008           0F 0A 00 00 00 00 00 00 
       009           42 87 00 00 00 00 00 00 
       00A           00 7E 00 00 00 00 00 00 
       008           10 0A 00 00 00 00 00 00 
       00A           00 7E 00 00 00 00 00 00 
       009           42 87 00 00 00 00 00 00 
       008           00 83 00 00 00 00 00 00 
       009           42 87 00 00 00 00 00 00 
       008           00 84 00 00 00 00 00 00 
       008           01 AA 00 00 00 00 00 00 
       009           42 87 00 00 00 00 00 00 
       00A           00 7E 00 00 00 00 00 00 
       009           42 87 00 00 00 00 00 00 
       008           00 85 00 00 00 20 20 31 
       008           00 86 00 00 00 01 01 05 
       008           14 0A 10 05 06 17 04 27 
       009           42 87 00 00 00 00 00 00 
       008           00 BC 01 00 00 00 00 00 
       00A           00 7E 00 00 00 00 00 00 
       009           42 87 00 00 00 00 00 00 
       008           00 01 01 02 00 01 09 00 
       009           42 87 00 00 00 00 00 00 
       008           03 AA 00 00 00 00 00 00 
       009           42 87 00 00 00 00 00 00 
       00A           00 7E 00 00 00 00 00 00 
       021           00 AB 03 00 00 00 00 00 
       008           02 0A 00 00 00 00 00 00 
       009           42 87 00 00 00 00 00 00 
       008           03 0A 00 00 00 00 00 00 
       00A           00 7E 00 00 00 00 00 00 
       008           04 0A 04 00 00 01 01 13 
       00A           00 7E 00 00 00 00 00 00 
       009           42 87 00 00 00 00 00 00 
       008           05 0A 00 00 00 00 00 00 
       009           42 87 00 00 00 00 00 00 
       008           07 0A 00 00 00 00 00 00 
       009           42 87 00 00 00 00 00 00 
       00A           00 7E 00 00 00 00 00 00 
       008           01 AA 00 00 00 00 00 00 
       01F           00 AB 01 00 00 00 00 00 
       009           42 87 00 00 00 00 00 00 
       008           08 0A 00 00 00 00 00 00 
       008           09 0A 00 00 00 00 00 00 
       009           42 87 00 00 00 00 00 00 
       00A           00 7E 00 00 00 00 00 00 
       009           42 87 00 00 00 00 00 00 
       020           00 AB 02 00 00 00 00 00 
       008           00 BC 01 00 00 00 00 00 
       00A           00 7E 00 00 00 00 00 00 
       009           42 87 00 00 00 00 00 00 
       008           0A 0A 00 00 00 17 04 28 
       009           42 87 00 00 00 00 00 00 
       008           0B 0A 00 00 00 00 00 00 
       00A           00 7E 00 00 00 00 00 00 
       009           42 87 00 00 00 00 00 00 
       008           02 AA 00 00 00 00 00 00 
       020           00 AB 02 00 00 00 00 00 
       009           42 87 00 00 00 00 00 00 
       008           0C 0A 00 00 00 00 00 00 
       00A           00 7E 00 00 00 00 00 00 
       009           42 87 00 00 00 00 00 00 
       008           0D 0A 00 00 00 00 00 00 
       009           42 87 00 00 00 00 00 00 
       008           03 AA 00 00 00 00 00 00 
       021           00 AB 03 00 00 00 00 00 
       009           42 87 00 00 00 00 00 00 
       00A           00 7E 00 00 00 00 00 00 
       008           0E 0A 00 00 00 00 00 00 
       009           42 87 00 00 00 00 00 00 
       008           0F 0A 00 00 00 00 00 00 
       009           42 87 00 00 00 00 00 00 
       00A           00 7E 00 00 00 00 00 00 
       008           04 AA 00 00 00 00 00 00 
       022           00 AB 04 00 00 00 00 00 
       009           42 87 00 00 00 00 00 00 
       008           10 0A 00 00 00 00 00 00 
       00A           00 7E 00 00 00 00 00 00 
       009           42 87 00 00 00 00 00 00 
       008           00 82 00 00 00 00 00 00 
       009           42 87 00 00 00 00 00 00 
       008           01 AA 00 00 00 00 00 00 
       01F           00 AB 01 00 00 00 00 00 
       00A           00 7E 00 00 00 00 00 00 
       009           42 87 00 00 00 00 00 00 
       008           00 83 00 00 00 00 00 00 
       008           00 84 00 00 00 00 00 00 
       00A           00 7E 00 00 00 00 00 00 
       008           02 AA 00 00 00 00 00 00 
       020           00 AB 02 00 00 00 00 00 
       00A           00 7E 00 00 00 00 00 00 
       009           42 87 00 00 00 00 00 00 
       008           00 86 00 00 00 01 01 05 
       009           42 87 00 00 00 00 00 00 
       008           14 0A 10 05 06 17 04 29 
       009           42 87 00 00 00 00 00 00 
       00A           00 7E 00 00 00 00 00 00 
       008           00 BC 01 00 00 00 00 00 
       009           42 87 00 00 00 00 00 00 
       008           03 AA 00 00 00 00 00 00 
       021           00 AB 03 00 00 00 00 00 
       00A           00 7E 00 00 00 00 00 00 
       009           42 87 00 00 00 00 00 00 
       008           00 01 01 02 00 01 09 00 
       009           42 87 00 00 00 00 00 00 
       008           01 0A 00 00 00 00 00 00 
       00A           00 7E 00 00 00 00 00 00 
       009           42 87 00 00 00 00 00 00 
       008           04 AA 00 00 00 00 00 00 
       022           00 AB 04 00 00 00 00 00 
       009           42 87 00 00 00 00 00 00 
       008           02 0A 00 00 00 00 00 00 
       00A           00 7E 00 00 00 00 00 00 
       009           42 87 00 00 00 00 00 00 
       008           03 0A 00 00 00 00 00 00 
       009           42 87 00 00 00 00 00 00 
       008           01 AA 00 00 00 00 00 00 
       009           42 87 00 00 00 00 00 00 
       00A           00 7E 00 00 00 00 00 00 
       008           04 0A 04 00 00 01 01 13 
       009           42 87 00 00 00 00 00 00 
       008           05 0A 00 00 00 00 00 00 
       009           42 87 00 00 00 00 00 00 
       00A           00 7E 00 00 00 00 00 00 
       008           14 0A 10 05 06 17 04 29 
       009           42 87 00 00 00 00 00 00 
       008           06 0A 00 00 00 00 00 00 
       009           42 87 00 00 00 00 00 00 
       00A           00 7E 00 00 00 00 00 00 
       008           07 0A 00 00 00 00 00 00 
       009           42 87 00 00 00 00 00 00 
       008           02 AA 00 00 00 00 00 00 
       00A           00 7E 00 00 00 00 00 00 
       009           42 87 00 00 00 00 00 00 
       008           08 0A 00 00 00 00 00 00 
       009           42 87 00 00 00 00 00 00 
       008           09 0A 00 00 00 00 00 00 
       00A           00 7E 00 00 00 00 00 00 
       009           42 87 00 00 00 00 00 00 
       008           00 BC 01 00 00 00 00 00 
       009           42 87 00 00 00 00 00 00 
       008           0A 0A 00 43 00 17 04 30 
       00A           00 7E 00 00 00 00 00 00 
       009           42 87 00 00 00 00 00 00 
       008           0B 0A 00 00 00 00 00 00 
       009           42 87 00 00 00 00 00 00 
       008           03 AA 00 00 00 00 00 00 
       021           00 AB 03 00 00 00 00 00 
       00A           00 7E 00 00 00 00 00 00 
       009           42 87 00 00 00 00 00 00 
       008           0C 0A 00 00 00 00 00 00 
       009           42 87 00 00 00 00 00 00 
       008           0D 0A 00 00 00 00 00 00 
       009           42 87 00 00 00 00 00 00 
       00A           00 7E 00 00 00 00 00 00 
       008           04 AA 00 00 00 00 00 00 
       022           00 AB 04 00 00 00 00 00 
       009           42 87 00 00 00 00 00 00 
       008           0E 0A 00 00 00 00 00 00 
       00A           00 7E 00 00 00 00 00 00 
       009           42 87 00 00 00 00 00 00 
       008           0F 0A 00 00 00 00 00 00 
       009           42 87 00 00 00 00 00 00 
       008           01 AA 00 00 00 00 00 00 
       01F           00 AB 01 00 00 00 00 00 
       00A           00 7E 00 00 00 00 00 00 
       009           42 87 00 00 00 00 00 00 
       008           10 0A 00 00 00 00 00 00 
       009           42 87 00 00 00 00 00 00 
       008           00 82 00 00 00 00 00 00 
       00A           00 7E 00 00 00 00 00 00 
       009           42 87 00 00 00 00 00 00 
       008           02 AA 00 00 00 00 00 00 
       020           00 AB 02 00 00 00 00 00 
       009           42 87 00 00 00 00 00 00 
       008           00 83 00 00 00 00 00 00 
       009           42 87 00 00 00 00 00 00 
       00A           00 7E 00 00 00 00 00 00 
       008           00 84 00 00 00 00 00 00 
       009           42 87 00 00 00 00 00 00 
       008           03 AA 00 00 00 00 00 00 
       021           00 AB 03 00 00 00 00 00 
       00A           00 7E 00 00 00 00 00 00 
       009           42 87 00 00 00 00 00 00 
       008           00 85 00 00 00 20 20 31 
       009           42 87 00 00 00 00 00 00 
       008           00 86 00 00 00 01 01 05 
       00A           00 7E 00 00 00 00 00 00 
       009           42 87 00 00 00 00 00 00 
       009           42 87 00 00 00 00 00 00 
       008           00 BC 01 00 00 00 00 00 
       008           04 AA 00 00 00 00 00 00 
       009           42 87 00 00 00 00 00 00 
       022           00 AB 04 00 00 00 00 00 
       00A           00 7E 00 00 00 00 00 00 
       009           42 87 00 00 00 00 00 00 
       008           00 01 01 02 00 01 09 00 
       009           42 87 00 00 00 00 00 00 
       008           01 0A 00 00 00 00 00 00 
       00A           00 7E 00 00 00 00 00 00 
       009           42 87 00 00 00 00 00 00 
       008           01 AA 00 00 00 00 00 00 
       01F           00 AB 01 00 00 00 00 00 
       009           42 87 00 00 00 00 00 00 
       008           02 0A 00 00 00 00 00 00 
       00A           00 7E 00 00 00 00 00 00 
       009           42 87 00 00 00 00 00 00 
       008           0A 0A 00 38 00 17 04 31 
       009           42 87 00 00 00 00 00 00 
       008           04 0A 04 00 00 00 01 20 
       00A           00 7E 00 00 00 00 00 00 
       009           42 87 00 00 00 00 00 00 
       008           0A 0A 00 00 00 17 04 31 
       009           42 87 00 00 00 00 00 00 
       008           00 01 01 80 02 01 08 40 
       00A           00 7E 00 00 00 00 00 00 
       009           42 87 00 00 00 00 00 00 
       008           0A 0A 00 00 00 17 04 31 
       009           42 87 00 00 00 00 00 00 
       008           03 0A 00 00 00 00 00 00 
       00A           00 7E 00 00 00 00 00 00 
       009           42 87 00 00 00 00 00 00 
       008           02 AA 00 00 00 00 00 00 
       020           00 AB 02 00 00 00 00 00 
       009           42 87 00 00 00 00 00 00 
       008           04 0A 04 00 00 00 01 20 
       00A           00 7E 00 00 00 00 00 00 
       009           42 87 00 00 00 00 00 00 
       008           05 0A 00 00 00 00 00 00 
       009           42 87 00 00 00 00 00 00 
       008           14 0A 10 05 06 17 04 31 
       00A           00 7E 00 00 00 00 00 00 
       009           42 87 00 00 00 00 00 00 
       009           42 87 00 00 00 00 00 00 
       009           42 87 00 00 00 00 00 00 
       008           06 0A 00 00 00 00 00 00 
       009           42 87 00 00 00 00 00 00 
       008           07 0A 00 00 00 00 00 00 
       00A           00 7E 00 00 00 00 00 00 
       009           42 87 00 00 00 00 00 00 
       008           03 AA 00 00 00 00 00 00 
       021           00 AB 03 00 00 00 00 00 
       009           42 87 00 00 00 00 00 00 
       008           08 0A 00 00 00 00 00 00 
       00A           00 7E 00 00 00 00 00 00 
       009           42 87 00 00 00 00 00 00 
       008           09 0A 00 00 00 00 00 00 
       009           42 87 00 00 00 00 00 00 
       008           01 BC 01 00 00 00 00 00 
       00A           00 7E 00 00 00 00 00 00 
       009           42 87 00 00 00 00 00 00 
       008           0A 0A 00 00 00 17 04 32 
       009           42 87 00 00 00 00 00 00 
       008           0A 0A 00 00 00 17 04 32 
       00A           00 7E 00 00 00 00 00 00 
       009           42 87 00 00 00 00 00 00 
       008           0B 0A 00 00 00 00 00 00 
       009           42 87 00 00 00 00 00 00 
       008           04 AA 00 00 00 00 00 00 
       022           00 AB 04 00 00 00 00 00 
       00A           00 7E 00 00 00 00 00 00 
       009           42 87 00 00 00 00 00 00 
       008           0C 0A 00 00 00 00 00 00 
       009           42 87 00 00 00 00 00 00 
       008           0D 0A 00 00 00 00 00 00 
       00A           00 7E 00 00 00 00 00 00 
       009           42 87 00 00 00 00 00 00 
       008           01 AA 00 00 00 00 00 00 
       01F           00 AB 01 00 00 00 00 00 
       009           42 87 00 00 00 00 00 00 
       008           0E 0A 00 00 00 00 00 00 
       00A           00 7E 00 00 00 00 00 00 
       009           42 87 00 00 00 00 00 00 
       008           0F 0A 00 00 00 00 00 00 
       009           42 87 00 00 00 00 00 00 
       008           02 AA 00 00 00 00 00 00 
       020           00 AB 02 00 00 00 00 00 
       00A           00 7E 00 00 00 00 00 00 
       009           42 87 00 00 00 00 00 00 
       008           0A 0A 00 00 00 17 04 33 
       009           42 87 00 00 00 00 00 00 
       008           10 0A 00 00 00 00 00 00 
       00A           00 7E 00 00 00 00 00 00 
       009           42 87 00 00 00 00 00 00 
       008           00 82 00 00 00 00 00 00 
       009           42 87 00 00 00 00 00 00 
       008           03 AA 00 00 00 00 00 00 
       021           00 AB 03 00 00 00 00 00 
       00A           00 7E 00 00 00 00 00 00 
       009           42 87 00 00 00 00 00 00 
       008           00 83 00 00 00 00 00 00 
       009           42 87 00 00 00 00 00 00 
       008           00 84 00 00 00 00 00 00 
       00A           00 7E 00 00 00 00 00 00 
       009           42 87 00 00 00 00 00 00 
       008           04 AA 00 00 00 00 00 00 
       022           00 AB 04 00 00 00 00 00 
       009           42 87 00 00 00 00 00 00 
       008           00 85 00 00 00 20 20 31 
       00A           00 7E 00 00 00 00 00 00 
       009           42 87 00 00 00 00 00 00 
       008           00 86 00 00 00 01 01 05 
       009           42 87 00 00 00 00 00 00 
       008           14 0A 10 05 06 17 04 33 
       00A           00 7E 00 00 00 00 00 00 
       009           42 87 00 00 00 00 00 00 
       008           01 BC 01 00 00 00 00 00 
       009           42 87 00 00 00 00 00 00 
       008           01 AA 00 00 00 00 00 00 
       01F           00 AB 01 00 00 00 00 00 
       00A           00 7E 00 00 00 00 00 00 
       009           42 87 00 00 00 00 00 00 
       008           00 01 01 80 02 01 08 40 
       009           42 87 00 00 00 00 00 00 
       008           01 0A 00 00 00 00 00 00 
       00A           00 7E 00 00 00 00 00 00 
       009           42 87 00 00 00 00 00 00 
       008           02 AA 00 00 00 00 00 00 
       020           00 AB 02 00 00 00 00 00 
       009           42 87 00 00 00 00 00 00 
       008           02 0A 00 00 00 00 00 00 
       00A           00 7E 00 00 00 00 00 00 
       009           42 87 00 00 00 00 00 00 
       008           03 0A 00 00 00 00 00 00 
       009           42 87 00 00 00 00 00 00 
       008           03 AA 00 00 00 00 00 00 
       021           00 AB 03 00 00 00 00 00 
       00A           00 7E 00 00 00 00 00 00 
       009           42 87 00 00 00 00 00 00 
       008           04 0A 04 00 00 00 01 20 
       009           42 87 00 00 00 00 00 00 
       008           05 0A 00 00 00 00 00 00 
       00A           00 7E 00 00 00 00 00 00 
       009           42 87 00 00 00 00 00 00 
       008           0A 0A 00 00 00 17 04 34 
       009           42 87 00 00 00 00 00 00 
       008           14 0A 10 05 06 17 04 34 
       00A           00 7E 00 00 00 00 00 00 
       009           42 87 00 00 00 00 00 00 
       008           06 0A 00 00 00 00 00 00 
       009           42 87 00 00 00 00 00 00 
       008           07 0A 00 00 00 00 00 00 
       00A           00 7E 00 00 00 00 00 00 
       009           42 87 00 00 00 00 00 00 
       008           04 AA 00 00 00 00 00 00 
       022           00 AB 04 00 00 00 00 00 
       009           42 87 00 00 00 00 00 00 
       008           08 0A 00 00 00 00 00 00 
       00A           00 7E 00 00 00 00 00 00 
       009           42 87 00 00 00 00 00 00 
       008           09 0A 00 00 00 00 00 00 
       009           42 87 00 00 00 00 00 00 
       008           01 BC 01 00 00 00 00 00 
       00A           00 7E 00 00 00 00 00 00 
       009           42 87 00 00 00 00 00 00 
       008           0A 0A 00 00 00 17 04 34 
       009           42 87 00 00 00 00 00 00 
       008           0B 0A 00 00 00 00 00 00 
       00A           00 7E 00 00 00 00 00 00 
       009           42 87 00 00 00 00 00 00 
       008           01 AA 00 00 00 00 00 00 
       01F           00 AB 01 00 00 00 00 00 
       009           42 87 00 00 00 00 00 00 
       008           0C 0A 00 00 00 00 00 00 
       00A           00 7E 00 00 00 00 00 00 
       009           42 87 00 00 00 00 00 00 
       008           0D 0A 00 00 00 00 00 00 
       009           42 87 00 00 00 00 00 00 
       008           02 AA 00 00 00 00 00 00 
       020           00 AB 02 00 00 00 00 00 
       00A           00 7E 00 00 00 00 00 00 
       009           42 87 00 00 00 00 00 00 
       008           0E 0A 00 00 00 00 00 00 
       009           42 87 00 00 00 00 00 00 
       008           0F 0A 00 00 00 00 00 00 
       00A           00 7E 00 00 00 00 00 00 
       009           42 87 00 00 00 00 00 00 
       008           03 AA 00 00 00 00 00 00 
       021           00 AB 03 00 00 00 00 00 
       009           42 87 00 00 00 00 00 00 
       008           10 0A 00 00 00 00 00 00 
       00A           00 7E 00 00 00 00 00 00 
       009           42 87 00 00 00 00 00 00 
       008           00 82 00 00 00 00 00 00 
       009           42 87 00 00 00 00 00 00 
       008           04 AA 00 00 00 00 00 00 
       022           00 AB 04 00 00 00 00 00 
       00A           00 7E 00 00 00 00 00 00 
       009           42 87 00 00 00 00 00 00 
       008           0A 0A 00 00 00 17 04 35 
       009           42 87 00 00 00 00 00 00 
       008           00 83 00 00 00 00 00 00 
       00A           00 7E 00 00 00 00 00 00 
       009           42 87 00 00 00 00 00 00 
       008           00 84 00 00 00 00 00 00 
       009           42 87 00 00 00 00 00 00 
       008           01 AA 00 00 00 00 00 00 
       01F           00 AB 01 00 00 00 00 00 
       00A           00 7E 00 00 00 00 00 00 
       009           42 87 00 00 00 00 00 00 
       008           00 85 00 00 00 20 20 31 
       009           42 87 00 00 00 00 00 00 
       008           00 86 00 00 00 01 01 05 
       00A           00 7E 00 00 00 00 00 00 
       009           42 87 00 00 00 00 00 00 
       008           14 0A 10 05 06 17 04 35 
       009           42 87 00 00 00 00 00 00 
       008           01 BC 01 00 00 00 00 00 
       00A           00 7E 00 00 00 00 00 00 
       009           42 87 00 00 00 00 00 00 
       008           02 AA 00 00 00 00 00 00 
       020           00 AB 02 00 00 00 00 00 
       009           42 87 00 00 00 00 00 00 
       008           00 01 01 80 02 01 08 40 
       00A           00 7E 00 00 00 00 00 00 
       009           42 87 00 00 00 00 00 00 
       008           01 0A 00 00 00 00 00 00 
       009           42 87 00 00 00 00 00 00 
       008           03 AA 00 00 00 00 00 00 
       021           00 AB 03 00 00 00 00 00 
       00A           00 7E 00 00 00 00 00 00 
       009           42 87 00 00 00 00 00 00 
       008           02 0A 00 00 00 00 00 00 
       009           42 87 00 00 00 00 00 00 
       008           03 0A 00 00 00 00 00 00 
       00A           00 7E 00 00 00 00 00 00 
       009           42 87 00 00 00 00 00 00 
       008           04 AA 00 00 00 00 00 00 
       022           00 AB 04 00 00 00 00 00 
