
          009              42 87 00 00 00 00 00 00 
          008              07 0A 00 00 00 00 00 00 
          00A              00 7E 00 00 00 00 00 00 
          008              03 AA 00 00 00 00 00 00 
          021              00 AB 03 00 00 00 00 00 
          008              08 0A 00 00 00 00 00 00 
          008              09 0A 00 00 00 00 00 00 
          008              01 BC 01 00 00 00 00 00 
          008              0A 0A 00 00 00 18 10 14 
          008              0B 0A 00 00 00 00 00 00 
          008              04 AA 00 00 00 00 00 00 
          022              00 AB 04 00 00 00 00 00 
          008              0C 0A 00 00 00 00 00 00 
          008              0D 0A 00 00 00 00 00 00 
          008              01 AA 00 00 00 00 00 00 
          01F              00 AB 01 00 00 00 00 00 
          008              0E 0A 00 00 00 00 00 00 
          008              0F 0A 00 00 00 00 00 00 
          008              02 AA 00 00 00 00 00 00 
          020              00 AB 02 00 00 00 00 00 
          008              10 0A 00 00 00 00 00 00 
          008              00 82 00 01 00 00 00 00 
          008              00 83 00 00 00 00 00 00 
          008              00 84 00 00 00 00 00 00 
          008              00 85 00 00 00 20 20 31 
          008              00 86 00 00 00 01 01 05 
          008              14 0A 10 05 04 18 10 15 
          008              00 01 01 00 00 01 0C 00 
          008              01 0A 00 00 00 00 00 00 
          008              02 0A 00 00 00 00 00 00 
          008              03 0A 00 00 00 00 00 00 
          008              04 0A 04 00 00 00 01 17 
          008              05 0A 00 00 00 00 00 00 
          008              14 0A 10 05 04 18 10 16 
          008              06 0A 00 00 00 00 00 00 
          00A              01 6E 03 00 00 00 00 00 
          008              09 0A 04 00 00 00 00 00 
          008              00 01 01 01 00 01 0C 00 
          008              03 0A 04 00 00 00 00 00 
          008              04 0A 04 00 00 01 01 17 
          00A              00 6E 03 00 00 00 00 00 
          008              07 0A 04 00 00 00 00 00 
          008              00 01 01 02 00 01 0D 00 
          008              00 BC 01 00 00 00 00 00 
          008              0A 0A 00 00 00 18 10 16 
          00A              01 6E 04 00 00 00 00 00 
          008              03 0A 0C 00 00 00 00 00 
          008              07 0A 0C 00 00 00 00 00 
          008              09 0A 0C 00 00 00 00 00 
          00A              00 6E 04 00 00 00 00 00 
          008              00 86 00 00 00 02 01 05 
          008              14 0A 10 05 04 18 10 17 
          008              14 0A 10 05 04 18 10 18 
          008              0A 0A 00 00 00 18 10 18 
          008              00 01 01 02 00 01 05 00 
          008              00 82 00 00 00 00 00 00 
          008              00 86 00 00 00 03 01 05 
          008              14 0A 10 05 04 18 10 19 
          008              00 01 01 02 00 01 01 00 
          008              14 0A 10 05 04 18 10 20 
          008              0A 0A 02 A3 01 18 10 20 
          008              00 85 00 00 00 20 20 32 
          008              00 01 02 02 00 02 01 00 
          008              04 0A 04 00 00 01 02 17 
          008              00 01 02 02 00 02 09 00 
          008              14 0A 10 05 04 18 10 21 
          008              00 BC 02 00 00 00 00 00 
          008              00 01 02 02 00 02 0D 00 
          008              14 0A 10 05 04 18 10 22 
          008              00 01 02 02 00 02 05 00 
          008              0A 0A 02 A9 02 18 10 22 
          008              00 01 03 02 00 03 01 00 
          008              04 0A 04 00 00 01 03 17 
          008              00 85 00 00 00 20 20 33 
          008              14 0A 10 05 04 18 10 23 
          008              00 BC 03 00 00 00 00 00 
          008              00 01 03 02 00 03 09 00 
          008              02 82 00 00 00 00 00 00 
          008              00 01 03 02 00 03 59 00 
          008              04 0A 05 00 00 01 03 17 
          008              14 0A 10 05 04 18 10 24 
          008              00 01 03 02 00 03 49 00 
          008              0A 0A 00 36 04 18 10 25 
          008              02 82 00 01 00 00 00 00 
          008              00 01 03 02 00 03 4D 00 
          008              00 01 03 02 00 03 5D 00 
          008              04 0A 04 00 00 00 03 17 
          008              00 01 03 01 00 03 0D 00 
          008              14 0A 10 05 04 18 10 26 
          008              00 01 03 01 00 03 1D 00 
          008              00 01 03 01 00 03 1C 00 
          008              00 01 03 01 00 03 0C 00 
          008              04 0A 04 20 00 00 03 17 
          008              07 0A 08 00 00 00 00 00 
          008              09 0A 08 00 00 00 00 00 
          008              10 82 00 01 00 00 00 00 
          008              00 01 03 09 00 03 0C 00 
          008              03 0A 08 00 00 00 00 00 
          008              00 01 03 09 00 03 1C 00 
          009              43 87 00 00 00 00 00 00 
          008              01 BC 03 00 00 00 00 00 
          008              00 86 00 00 00 03 01 01 
          008              00 86 00 00 00 03 01 00 
          008              0A 0A 00 00 04 18 10 27 
          009              41 87 00 00 00 00 00 00 
          008              00 86 00 00 00 03 01 02 
          008              14 0A 10 05 04 18 10 29 
          008              0A 0A 00 00 04 18 10 30 
          008              14 0A 10 05 04 18 10 31 
          008              08 82 00 01 00 00 00 00 
          008              00 01 03 11 00 03 1C 00 
          008              04 0A 04 40 00 00 03 17 
          008              00 01 03 11 00 03 0C 00 
          008              14 0A 10 05 04 18 10 32 
          008              00 01 03 02 00 03 0D 00 
          008              0A 0A 00 00 04 18 10 32 
          008              00 86 00 00 00 04 01 05 
          008              14 0A 10 05 04 18 10 33 
          008              14 0A 10 05 04 18 10 34 
          008              0A 0A 00 11 04 18 10 34 
          008              00 01 03 02 00 03 05 00 
          008              14 0A 10 05 04 18 10 35 
          008              14 0A 10 05 04 18 10 36 
          008              0A 0A 02 8A 05 18 10 36 
          008              00 85 00 00 00 20 20 34 
          008              00 01 04 02 00 04 01 00 
          008              04 0A 04 00 00 01 04 17 
          008              00 01 04 02 00 04 09 00 
          008              04 0A 06 00 00 01 04 17 
          008              01 82 00 00 00 00 00 00 
          008              00 01 04 02 00 04 A9 00 
          008              14 0A 10 05 04 18 10 37 
          008              00 BC 04 00 00 00 00 00 
          008              00 01 04 02 00 04 89 00 
          008              00 01 04 02 00 04 8D 00 
          008              01 82 00 01 00 00 00 00 
          008              14 0A 10 05 04 18 10 38 
          008              00 01 04 02 00 04 AD 00 
          008              0A 0A 00 52 06 18 10 38 
          008              04 0A 06 00 00 00 04 17 
          008              00 01 04 01 00 04 0D 00 
          008              04 0A 04 00 00 00 04 17 
          008              00 01 04 01 00 04 2D 00 
          008              00 01 04 04 00 04 2C 00 
          008              00 01 04 04 00 04 0C 00 
          008              14 0A 10 05 04 18 10 40 
          008              00 01 04 0C 00 04 0C 00 
          008              00 01 04 0C 00 04 2C 00 
          008              04 0A 04 20 00 00 04 17 
          008              00 86 00 00 00 04 01 01 
          008              00 86 00 00 00 04 01 00 
          008              00 86 00 00 00 04 01 02 
          008              01 BC 04 00 00 00 00 00 
          008              0A 0A 00 00 06 18 10 41 
          008              14 0A 10 05 04 18 10 42 
          008              0A 0A 00 00 06 18 10 43 
          008              04 0A 04 40 00 00 04 17 
          008              00 01 04 14 00 04 0C 00 
          008              00 01 04 14 00 04 2C 00 
          008              14 0A 10 05 04 18 10 44 
          008              00 86 00 00 00 04 01 04 
          008              00 01 04 00 00 04 0C 00 
          008              14 0A 10 05 04 18 10 45 
          008              0A 0A 00 00 06 18 10 45 
          008              14 0A 10 05 04 18 10 46 
          008              0A 0A 00 00 06 18 10 47 
          008              14 0A 10 05 04 18 10 48 
          008              00 01 04 08 00 04 0C 00 
