         00A             00 7E 00 00 00 00 00 00 
         009             42 87 00 00 00 00 00 00 
         008             07 0A 00 00 00 00 00 00 
         008             01 AA 00 00 00 00 00 00 
         01F             00 AB 01 00 00 00 00 00 
         008             08 0A 00 00 00 00 00 00 
         008             09 0A 00 00 00 00 00 00 
         008             01 BC 01 00 00 00 00 00 
         008             0A 0A 00 00 00 16 27 56 
         008             0B 0A 00 00 00 00 00 00 
         008             02 AA 00 00 00 00 00 00 
         020             00 AB 02 00 00 00 00 00 
         008             0C 0A 00 00 00 00 00 00 
         008             0D 0A 00 00 00 00 00 00 
         008             03 AA 00 00 00 00 00 00 
         021             00 AB 03 00 00 00 00 00 
         008             0E 0A 00 00 00 00 00 00 
         008             0F 0A 00 00 00 00 00 00 
         008             04 AA 00 00 00 00 00 00 
         022             00 AB 04 00 00 00 00 00 
         008             10 0A 00 00 00 00 00 00 
         008             20 82 00 01 00 00 00 00 
         008             00 83 00 00 00 00 00 00 
         008             00 84 00 00 00 00 00 00 
         008             00 85 00 00 00 20 20 31 
         008             00 86 00 00 00 01 01 05 
         008             14 0A 10 05 04 16 27 57 
         008             00 01 01 00 00 01 0C 00 
         008             01 0A 00 00 00 00 00 00 
         008             02 0A 00 00 00 00 00 00 
         008             03 0A 00 00 00 00 00 00 
         008             04 0A 00 00 00 00 01 1E 
         008             05 0A 00 00 00 00 00 00 
         008             14 0A 10 05 04 16 27 58 
         008             06 0A 00 00 00 00 00 00 
         008             0A 0A 00 00 00 16 27 58 
         008             14 0A 10 05 04 16 27 59 
         00A             01 6E 04 00 00 00 00 00 
         008             07 0A 08 00 00 00 00 00 
         008             09 0A 08 00 00 00 00 00 
         008             00 01 01 01 00 01 0C 00 
         008             03 0A 08 00 00 00 00 00 
         00A             00 6E 04 00 00 00 00 00 
         008             04 0A 00 00 00 01 01 1E 
         008             00 01 01 02 00 01 0D 00 
         008             14 0A 10 05 04 16 28 00 
         008             00 BC 01 00 00 00 00 00 
         008             0A 0A 00 00 00 16 28 00 
         008             04 0A 04 00 00 01 01 1E 
         008             00 82 00 01 00 00 00 00 
         008             00 86 00 00 00 02 01 05 
         008             14 0A 10 05 04 16 28 01 
         008             14 0A 10 05 04 16 28 02 
         008             0A 0A 00 87 00 16 28 02 
         008             00 01 01 02 00 01 05 00 
         008             00 82 00 00 00 00 00 00 
         008             00 86 00 00 00 03 01 05 
         008             14 0A 10 05 04 16 28 03 
         008             00 01 01 02 00 01 01 00 
         008             00 85 00 00 00 20 20 32 
         008             00 01 02 02 00 02 01 00 
         008             04 0A 04 00 00 01 02 1E 
         008             00 BC 02 00 00 00 00 00 
         008             0A 0A 02 BD 01 16 28 04 
         008             00 01 02 02 00 02 09 00 
         008             14 0A 10 05 04 16 28 05 
         008             00 01 02 02 00 02 0D 00 
         008             00 01 02 02 00 02 05 00 
         008             14 0A 10 05 04 16 28 06 
         008             0A 0A 02 BD 03 16 28 06 
         008             00 85 00 00 00 20 20 33 
         008             00 86 00 00 00 04 01 05 
         008             00 01 03 02 00 03 01 00 
         008             04 0A 04 00 00 01 03 1E 
         008             00 01 03 02 00 03 09 00 
         008             14 0A 10 05 04 16 28 07 
         008             00 BC 03 00 00 00 00 00 
         008             00 01 03 02 00 03 0D 00 
         008             14 0A 10 05 04 16 28 08 
         008             00 01 03 02 00 03 05 00 
         008             0A 0A 02 B9 04 16 28 08 
         008             04 0A 04 00 00 01 04 1E 
         008             00 85 00 00 00 20 20 34 
         008             00 01 04 02 00 04 01 00 
         008             14 0A 10 05 04 16 28 09 
         008             00 BC 04 00 00 00 00 00 
         008             00 01 04 02 00 04 09 00 
         008             00 01 04 02 00 04 A9 00 
         008             04 0A 06 00 00 01 04 1E 
         008             01 82 00 00 00 00 00 00 
         008             14 0A 10 05 04 16 28 10 
         008             0A 0A 01 96 06 16 28 10 
         008             00 01 04 02 00 04 89 00 
         008             01 82 00 01 00 00 00 00 
         008             00 01 04 02 00 04 8D 00 
         008             00 01 04 02 00 04 AD 00 
         008             14 0A 10 05 04 16 28 12 
         008             00 01 04 01 00 04 0D 00 
         008             04 0A 04 00 00 00 04 1E 
         008             14 0A 10 05 04 16 28 13 
         008             00 01 04 04 00 04 2C 00 
         008             00 01 04 04 00 04 0C 00 
         008             01 BC 04 00 00 00 00 00 
         008             10 82 00 01 00 00 00 00 
         008             00 01 04 0C 00 04 0C 00 
         008             04 0A 04 20 00 00 04 1E 
         009             43 87 00 00 00 00 00 00 
         008             00 01 04 0C 00 04 2C 00 
         008             00 86 00 00 00 04 01 01 
         008             0A 0A 00 00 06 16 28 13 
         008             00 86 00 00 00 04 01 00 
         009             41 87 00 00 00 00 00 00 
         008             00 86 00 00 00 04 01 02 
         008             14 0A 10 05 04 16 28 15 
         008             0A 0A 00 00 06 16 28 16 
         008             14 0A 10 05 04 16 28 17 
         008             00 01 04 14 00 04 2C 00 
         008             00 01 04 14 00 04 0C 00 
         008             04 0A 04 40 00 00 04 1E 
         008             08 82 00 01 00 00 00 00 
         008             00 01 04 10 00 04 0C 00 
         008             00 01 04 00 00 04 0C 00 
         008             0A 0A 00 00 06 16 28 18 
         008             14 0A 10 05 04 16 28 19 
         008             0A 0A 00 00 06 16 28 20 
