
        008           00 85 00 00 00 20 20 31 
        009           42 87 00 00 00 00 00 00 
        008           00 86 00 00 00 01 01 05 
        00A           00 7E 00 00 00 00 00 00 
        008           14 0A 10 05 04 17 46 36 
        008           01 BC 01 00 00 00 00 00 
        008           02 AA 00 00 00 00 00 00 
        020           00 AB 02 00 00 00 00 00 
        008           00 01 01 00 00 01 0C 00 
        008           01 0A 00 00 00 00 00 00 
        008           03 AA 00 00 00 00 00 00 
        021           00 AB 03 00 00 00 00 00 
        008           02 0A 00 00 00 00 00 00 
        008           03 0A 00 00 00 00 00 00 
        008           04 AA 00 00 00 00 00 00 
        022           00 AB 04 00 00 00 00 00 
        008           04 0A 00 00 00 00 01 1E 
        008           05 0A 00 00 00 00 00 00 
        008           14 0A 10 05 04 17 46 37 
        008           06 0A 00 00 00 00 00 00 
        008           07 0A 00 00 00 00 00 00 
        008           01 AA 00 00 00 00 00 00 
        01F           00 AB 01 00 00 00 00 00 
        008           08 0A 00 00 00 00 00 00 
        008           09 0A 00 00 00 00 00 00 
        008           0A 0A 00 00 00 17 46 37 
        008           0B 0A 00 00 00 00 00 00 
        008           0C 0A 00 00 00 00 00 00 
        008           0D 0A 00 00 00 00 00 00 
        008           0E 0A 00 00 00 00 00 00 
        008           0F 0A 00 00 00 00 00 00 
        008           10 0A 00 00 00 00 00 00 
        008           20 82 00 01 00 00 00 00 
        008           00 83 00 00 00 00 00 00 
        008           00 84 00 00 00 00 00 00 
        008           14 0A 10 05 04 17 46 38 
        008           14 0A 10 05 04 17 46 39 
        008           0A 0A 00 00 00 17 46 39 
        008           14 0A 10 05 04 17 46 40 
        008           0A 0A 00 00 00 17 46 41 
        008           14 0A 10 05 04 17 46 41 
        008           14 0A 10 05 04 17 46 42 
        008           0A 0A 00 00 00 17 46 42 
        00A           01 6E 03 00 00 00 00 00 
        008           07 0A 04 00 00 00 00 00 
        008           09 0A 04 00 00 00 00 00 
        00A           00 6E 03 00 00 00 00 00 
        008           00 01 01 01 00 01 0C 00 
        008           03 0A 04 00 00 00 00 00 
        008           04 0A 00 00 00 01 01 1E 
        008           00 01 01 02 00 01 0D 00 
        008           04 0A 04 00 00 01 01 1E 
        008           00 82 00 01 00 00 00 00 
        008           14 0A 10 05 04 17 46 44 
        008           00 BC 01 00 00 00 00 00 
        008           00 86 00 00 00 02 01 05 
        008           0A 0A 00 00 00 17 46 45 
        008           00 01 01 02 00 01 05 00 
        008           00 82 00 00 00 00 00 00 
        008           00 86 00 00 00 03 01 05 
        008           14 0A 10 05 04 17 46 46 
        008           00 01 01 02 00 01 01 00 
        008           0A 0A 02 AC 01 17 46 46 
        008           00 85 00 00 00 20 20 32 
        008           00 01 02 02 00 02 01 00 
        008           04 0A 04 00 00 01 02 1E 
        008           00 01 02 02 00 02 09 00 
        008           14 0A 10 05 04 17 46 48 
        008           00 BC 02 00 00 00 00 00 
        008           00 01 02 02 00 02 0D 00 
        008           00 01 02 02 00 02 05 00 
        008           0A 0A 02 B8 02 17 46 49 
        008           14 0A 10 05 04 17 46 50 
        008           00 85 00 00 00 20 20 33 
        008           00 01 03 02 00 03 01 00 
        008           04 0A 04 00 00 01 03 1E 
        008           00 BC 03 00 00 00 00 00 
        008           02 82 00 00 00 00 00 00 
        008           00 01 03 02 00 03 51 00 
        008           04 0A 05 00 00 01 03 1E 
        008           0A 0A 01 C2 04 17 46 51 
        008           00 01 03 02 00 03 41 00 
        008           14 0A 10 05 04 17 46 52 
        008           04 0A 04 00 00 00 03 1E 
        008           00 01 03 01 00 03 01 00 
        008           00 01 03 01 00 03 11 00 
        008           00 01 03 01 00 03 10 00 
        008           0A 0A 00 00 04 17 46 53 
        008           00 01 03 01 00 03 00 00 
        008           14 0A 10 05 04 17 46 54 
        008           01 BC 03 00 00 00 00 00 
        008           0A 0A 00 00 04 17 46 55 
        008           14 0A 10 05 04 17 46 56 
        008           0A 0A 00 00 04 17 46 57 
        008           14 0A 10 05 04 17 46 58 
        008           0A 0A 00 61 04 17 46 58 
        008           14 0A 10 05 04 17 46 59 
        008           14 0A 10 05 04 17 47 00 
        008           0A 0A 00 92 04 17 47 00 
        008           14 0A 10 05 04 17 47 01 
        008           14 0A 10 05 04 17 47 02 
        008           0A 0A 00 96 04 17 47 02 
        008           14 0A 10 05 04 17 47 03 
        008           0A 0A 00 91 05 17 47 04 
        008           14 0A 10 05 04 17 47 05 
        008           00 01 04 02 00 04 01 00 
        008           04 0A 04 00 00 01 04 1E 
        008           00 85 00 00 00 20 20 34 
        008           00 BC 04 00 00 00 00 00 
        008           0A 0A 00 92 05 17 47 06 
        008           14 0A 10 05 04 17 47 06 
        008           14 0A 10 05 04 17 47 07 
        008           0A 0A 00 98 05 17 47 07 
        008           00 01 04 02 00 04 09 00 
        008           14 0A 10 05 04 17 47 08 
        008           14 0A 10 05 04 17 47 09 
        008           0A 0A 00 44 05 17 47 09 
        008           14 0A 10 05 04 17 47 10 
        008           0A 0A 00 3C 05 17 47 11 
        008           14 0A 10 05 04 17 47 12 
        008           0A 0A 00 3F 06 17 47 13 
        008           14 0A 10 05 04 17 47 13 
        008           14 0A 10 05 04 17 47 14 
        008           0A 0A 00 3C 06 17 47 14 
        008           00 01 04 02 00 04 0D 00 
        008           00 86 00 00 00 04 01 05 
        008           00 01 04 01 00 04 0D 00 
        008           04 0A 04 00 00 00 04 1E 
        008           14 0A 10 05 04 17 47 16 
        008           00 01 04 01 00 04 0C 00 
        008           10 82 00 01 00 00 00 00 
        008           00 01 04 09 00 04 0C 00 
        008           04 0A 04 20 00 00 04 1E 
        009           43 87 00 00 00 00 00 00 
        008           01 BC 04 00 00 00 00 00 
        008           00 86 00 00 00 04 01 01 
        008           0A 0A 00 00 06 17 47 17 
        008           00 86 00 00 00 04 01 00 
        008           00 01 04 09 00 04 1C 00 
        009           41 87 00 00 00 00 00 00 
        008           00 86 00 00 00 04 01 02 
        008           00 01 04 01 00 04 1C 00 
        008           14 0A 10 05 04 17 47 18 
        008           0A 0A 00 00 06 17 47 19 
        008           14 0A 10 05 04 17 47 20 
        008           00 01 04 11 00 04 1C 00 
        008           04 0A 04 40 00 00 04 1E 
        008           08 82 00 01 00 00 00 00 
        008           00 01 04 11 00 04 0C 00 
        008           14 0A 10 05 04 17 47 21 
        008           00 01 04 10 00 04 0C 00 
        008           00 01 04 00 00 04 0C 00 
        008           0A 0A 00 00 06 17 47 21 
        008           14 0A 10 05 04 17 47 22 
        008           14 0A 10 05 04 17 47 23 
        008           0A 0A 00 00 06 17 47 23 
        008           14 0A 10 05 04 17 47 24 
        008           0A 0A 00 00 06 17 47 25 
        008           14 0A 10 05 04 17 47 26 
        008           14 0A 10 05 04 17 47 27 
        008           0A 0A 00 00 06 17 47 27 
        008           14 0A 10 05 04 17 47 28 
        008           0A 0A 00 00 06 17 47 29 
        008           14 0A 10 05 04 17 47 30 
        008           0A 0A 00 00 06 17 47 30 
        008           14 0A 10 05 04 17 47 31 
        008           14 0A 10 05 04 17 47 32 
        008           0A 0A 00 00 06 17 47 32 
        008           14 0A 10 05 04 17 47 33 
        008           14 0A 10 05 04 17 47 34 
        008           0A 0A 00 00 06 17 47 34 
        008           14 0A 10 05 04 17 47 35 
        008           0A 0A 00 00 06 17 47 36 
        008           14 0A 10 05 04 17 47 36 
        008           14 0A 10 05 04 17 47 37 
        008           0A 0A 00 00 06 17 47 37 
        008           14 0A 10 05 04 17 47 38 
        008           14 0A 10 05 04 17 47 39 
        008           0A 0A 00 00 06 17 47 39 