  
        009           42 87 00 00 00 00 00 00 
        008           04 AA 00 00 00 00 00 00 
        022           00 AB 04 00 00 00 00 00 
        00A           00 7E 00 00 00 00 00 00 
        008           0E 0A 00 00 00 00 00 00 
        008           0F 0A 00 00 00 00 00 00 
        008           01 AA 00 00 00 00 00 00 
        01F           00 AB 01 00 00 00 00 00 
        008           10 0A 00 00 00 00 00 00 
        008           00 82 00 01 00 00 00 00 
        008           02 AA 00 00 00 00 00 00 
        020           00 AB 02 00 00 00 00 00 
        008           00 83 00 00 00 00 00 00 
        008           00 84 00 00 00 00 00 00 
        008           03 AA 00 00 00 00 00 00 
        021           00 AB 03 00 00 00 00 00 
        008           00 85 00 00 00 20 20 31 
        008           00 86 00 00 00 01 01 05 
        008           14 0A 10 05 04 18 53 44 
        008           01 BC 01 00 00 00 00 00 
        008           00 01 01 00 00 01 0C 00 
        008           01 0A 00 00 00 00 00 00 
        008           02 0A 00 00 00 00 00 00 
        008           03 0A 00 00 00 00 00 00 
        008           04 0A 04 00 00 00 01 17 
        008           05 0A 00 00 00 00 00 00 
        008           06 0A 00 00 00 00 00 00 
        008           07 0A 00 00 00 00 00 00 
        008           08 0A 00 00 00 00 00 00 
        008           09 0A 00 00 00 00 00 00 
        008           0A 0A 00 00 00 18 53 44 
        008           0B 0A 00 00 00 00 00 00 
        008           0C 0A 00 00 00 00 00 00 
        008           0D 0A 00 00 00 00 00 00 
        00A           01 6E 03 00 00 00 00 00 
        008           00 01 01 01 00 01 0C 00 
        008           03 0A 04 00 00 00 00 00 
        00A           00 6E 03 00 00 00 00 00 
        008           04 0A 04 00 00 01 01 17 
        008           07 0A 04 00 00 00 00 00 
        008           09 0A 04 00 00 00 00 00 
        008           00 01 01 02 00 01 0D 00 
        008           14 0A 10 05 04 18 53 46 
        008           00 BC 01 00 00 00 00 00 
        008           0A 0A 00 00 00 18 53 46 
        008           00 86 00 00 00 02 01 05 
        008           14 0A 10 05 04 18 53 47 
        008           14 0A 10 05 04 18 53 48 
        008           00 01 01 02 00 01 05 00 
        008           00 82 00 00 00 00 00 00 
        008           00 86 00 00 00 03 01 05 
        008           0A 0A 01 AA 00 18 53 48 
        008           00 01 01 02 00 01 01 00 
        008           14 0A 10 05 04 18 53 49 
        008           04 0A 04 00 00 01 02 17 
        008           00 85 00 00 00 20 20 32 
        008           00 01 02 02 00 02 01 00 
        008           14 0A 10 05 04 18 53 50 
        008           00 BC 02 00 00 00 00 00 
        008           00 01 02 02 00 02 09 00 
        008           0A 0A 02 A4 01 18 53 50 
        008           00 01 02 02 00 02 0D 00 
        008           00 01 02 02 00 02 05 00 
        008           14 0A 10 05 04 18 53 51 
        008           14 0A 10 05 04 18 53 52 
        008           0A 0A 02 B2 03 18 53 52 
        008           00 85 00 00 00 20 20 33 
        008           00 01 03 02 00 03 01 00 
        008           04 0A 04 00 00 01 03 17 
        008           00 01 03 02 00 03 09 00 
        008           02 82 00 00 00 00 00 00 
        008           00 01 03 02 00 03 59 00 
        008           04 0A 05 00 00 01 03 17 
        008           14 0A 10 05 04 18 53 54 
        008           00 BC 03 00 00 00 00 00 
        008           00 01 03 02 00 03 49 00 
        008           02 82 00 01 00 00 00 00 
        008           00 01 03 02 00 03 4D 00 
        008           00 01 03 02 00 03 5D 00 
        008           0A 0A 00 00 04 18 53 55 
        008           00 01 03 01 00 03 5D 00 
        008           00 01 03 01 00 03 0D 00 
        008           04 0A 04 00 00 00 03 17 
        008           00 01 03 01 00 03 1D 00 
        008           00 01 03 01 00 03 1C 00 
        008           00 01 03 01 00 03 0C 00 
        008           14 0A 10 05 04 18 53 56 
        008           10 82 00 01 00 00 00 00 
        008           00 01 03 09 00 03 0C 00 
        008           04 0A 04 20 00 00 03 17 
        009           43 87 00 00 00 00 00 00 
        008           00 86 00 00 00 03 01 01 
        008           00 86 00 00 00 03 01 00 
        008           00 01 03 09 00 03 1C 00 
        008           01 BC 03 00 00 00 00 00 
        009           41 87 00 00 00 00 00 00 
        008           00 86 00 00 00 03 01 02 
        008           14 0A 10 05 04 18 53 57 
        008           0A 0A 00 00 04 18 53 57 
        008           14 0A 10 05 04 18 53 58 
        008           14 0A 10 05 04 18 53 59 
        008           0A 0A 00 00 04 18 53 59 
        008           04 0A 04 40 00 00 03 17 
        008           08 82 00 01 00 00 00 00 
        008           00 01 03 11 00 03 1C 00 
        008           00 01 03 11 00 03 0C 00 
        008           00 01 03 10 00 03 0C 00 
        008           00 01 03 00 00 03 0C 00 
        008           14 0A 10 05 04 18 54 01 
        008           0A 0A 00 00 04 18 54 02 
        008           14 0A 10 05 04 18 54 03 
        008           0A 0A 00 00 04 18 54 03 
        008           14 0A 10 05 04 18 54 04 
