            009            42 87 00 00 00 00 00 00 
            008            0D 0A 00 00 00 00 00 00 
            00A            00 7E 00 00 00 00 00 00 
            008            02 AA 00 00 00 00 00 00 
            020            00 AB 02 00 00 00 00 00 
            008            0E 0A 00 00 00 00 00 00 
            008            0F 0A 00 00 00 00 00 00 
            008            03 AA 00 00 00 00 00 00 
            021            00 AB 03 00 00 00 00 00 
            008            10 0A 00 00 00 00 00 00 
            008            20 82 00 01 00 00 00 00 
            008            04 AA 00 00 00 00 00 00 
            022            00 AB 04 00 00 00 00 00 
            008            00 83 00 00 00 00 00 00 
            008            00 84 00 00 00 00 00 00 
            008            01 AA 00 00 00 00 00 00 
            01F            00 AB 01 00 00 00 00 00 
            008            00 85 00 00 00 20 20 31 
            008            00 86 00 00 00 01 01 05 
            008            14 0A 10 05 04 17 20 27 
            008            01 BC 01 00 00 00 00 00 
            008            00 01 01 00 00 01 0C 00 
            008            01 0A 00 00 00 00 00 00 
            008            02 0A 00 00 00 00 00 00 
            008            03 0A 00 00 00 00 00 00 
            008            04 0A 00 00 00 00 01 1E 
            008            05 0A 00 00 00 00 00 00 
            008            06 0A 00 00 00 00 00 00 
            008            07 0A 00 00 00 00 00 00 
            008            08 0A 00 00 00 00 00 00 
            008            09 0A 00 00 00 00 00 00 
            008            0A 0A 00 00 00 17 20 27 
            008            0B 0A 00 00 00 00 00 00 
            008            0C 0A 00 00 00 00 00 00 
            008            14 0A 10 05 04 17 20 28 
            008            14 0A 10 05 04 17 20 29 
            008            0A 0A 00 00 00 17 20 29 
            008            14 0A 10 05 04 17 20 30 
            008            14 0A 10 05 04 17 20 31 
            008            0A 0A 00 00 00 17 20 31 
            008            14 0A 10 05 04 17 20 32 
            008            0A 0A 00 00 00 17 20 33 
            008            14 0A 10 05 04 17 20 33 
            00A            01 6E 04 00 00 00 00 00 
            008            00 01 01 01 00 01 0C 00 
            008            03 0A 08 00 00 00 00 00 
            008            04 0A 00 00 00 01 01 1E 
            008            07 0A 08 00 00 00 00 00 
            008            09 0A 08 00 00 00 00 00 
            00A            00 6E 04 00 00 00 00 00 
            008            00 01 01 02 00 01 0D 00 
            008            14 0A 10 05 04 17 20 34 
            008            00 82 00 01 00 00 00 00 
            008            04 0A 04 00 00 01 01 1E 
            008            00 BC 01 00 00 00 00 00 
            008            0A 0A 00 00 00 17 20 35 
            008            00 86 00 00 00 02 01 05 
            008            14 0A 10 05 04 17 20 36 
            008            0A 0A 00 B5 00 17 20 37 
            008            00 01 01 02 00 01 05 00 
            008            00 82 00 00 00 00 00 00 
            008            00 86 00 00 00 03 01 05 
            008            14 0A 10 05 04 17 20 38 
            008            00 01 01 02 00 01 01 00 
            008            00 85 00 00 00 20 20 32 
            008            00 01 02 02 00 02 01 00 
            008            04 0A 04 00 00 01 02 1E 
            008            00 BC 02 00 00 00 00 00 
            008            0A 0A 02 BF 01 17 20 39 
            008            00 01 02 02 00 02 09 00 
            008            14 0A 10 05 04 17 20 40 
            008            00 01 02 02 00 02 0D 00 
            008            00 01 02 02 00 02 05 00 
            008            0A 0A 02 BB 03 17 20 41 
            008            00 85 00 00 00 20 20 33 
            008            00 86 00 00 00 04 01 05 
            008            00 01 03 02 00 03 01 00 
            008            04 0A 04 00 00 01 03 1E 
            008            14 0A 10 05 04 17 20 42 
            008            00 BC 03 00 00 00 00 00 
            008            0A 0A 02 B5 04 17 20 43 
            008            14 0A 10 05 04 17 20 43 
            008            00 85 00 00 00 20 20 34 
            008            00 01 04 02 00 04 01 00 
            008            04 0A 04 00 00 01 04 1E 
            008            14 0A 10 05 04 17 20 45 
            008            00 01 04 02 00 04 09 00 
            008            00 BC 04 00 00 00 00 00 
            008            01 82 00 00 00 00 00 00 
            008            00 01 04 02 00 04 A9 00 
            008            04 0A 06 00 00 01 04 1E 
            008            0A 0A 02 B9 05 17 20 45 
            008            00 01 04 02 00 04 89 00 
            008            01 82 00 01 00 00 00 00 
            008            00 01 04 02 00 04 8D 00 
            008            00 01 04 02 00 04 AD 00 
            008            14 0A 10 05 04 17 20 46 
            008            04 0A 06 00 00 00 04 1E 
            008            04 0A 04 00 00 00 04 1E 
            008            00 01 04 01 00 04 0D 00 
            008            14 0A 10 05 04 17 20 47 
            008            00 01 04 01 00 04 2D 00 
            008            00 01 04 04 00 04 2C 00 
            008            00 01 04 04 00 04 0C 00 
            008            0A 0A 00 00 06 17 20 48 
            008            04 0A 04 20 00 00 04 1E 
            008            10 82 00 01 00 00 00 00 
            008            00 01 04 0C 00 04 0C 00 
            008            00 01 04 0C 00 04 2C 00 
            009            43 87 00 00 00 00 00 00 
            008            00 86 00 00 00 04 01 01 
            008            00 86 00 00 00 04 01 00 
            009            41 87 00 00 00 00 00 00 
            008            00 86 00 00 00 04 01 02 
            008            14 0A 10 05 04 17 20 49 
            008            01 BC 04 00 00 00 00 00 
            008            14 0A 10 05 04 17 20 50 
            008            0A 0A 00 00 06 17 20 50 
            008            14 0A 10 05 04 17 20 51 
            008            08 82 00 01 00 00 00 00 
            008            00 01 04 14 00 04 2C 00 
            008            00 01 04 14 00 04 0C 00 
            008            04 0A 04 40 00 00 04 1E 
            008            00 86 00 00 00 04 01 04 
            008            00 01 04 00 00 04 0C 00 
            008            0A 0A 00 00 06 17 20 52 
            008            14 0A 10 05 04 17 20 53 
            008            14 0A 10 05 04 17 20 54 
            008            0A 0A 00 00 06 17 20 54 
            008            14 0A 10 05 04 17 20 55 
