740      1D 00 48 FF 00 FF 00      5
740      1D 00 47 00 03 D8 00 00      1
600      1D 00 40 D8 00 00 00      1
500      1D 00 40 D8 00 00 00      1
749      0D 00 AE 03 6C 00      3
748      0D 00 AE 03 6C 00      3
749      0D 00 AE 04 00 00      5
748      0D 00 AE 04 00 00      5
749      0D 00 AE 05 00 00      6
748      0D 00 AE 05 00 00      6
100      1D 00 73 FF 08 E1      1
742      1D 00 50 FF 08      21
249      0D 00 AE 10      263
249      0D 00 AE 10      262
249      0D 00 AE 10      261
781      11 00 50 0C 0D F8      2
249      0D 00 AE 10      260
781      11 00 50 0C 0D F8      1
249      0D 00 AE 10      259
180      15 00 20 08 08 73      1
180      15 00 36 01 01 74      1
200      15 00 01 04 04      5
200      19 00 01 04 04      5
749      05 00 AE 40 01 00 00      5
749      09 00 AE 40 01 00 00      5
740      1D 00 48 FF 00 FF 02      24
749      0D 00 AE 05 00 02      57
748      0D 00 AE 05 00 02      57
100      1D 00 71 FF 10 E2      1
740      1D 00 47 10 03 D8 00 00      1
600      1D 00 40 D8 00 00 10      2
500      1D 00 40 D8 00 00 10      2
749      0D 00 AE 03 6C 00      2
748      0D 00 AE 03 6C 00      2
749      0D 00 AE 04 01 00      56
748      0D 00 AE 04 01 00      56
749      0D 00 AE 05 00 02      56
748      0D 00 AE 05 00 02      56
741      1D 00 42      5
100      1D 00 E9 01 00 E3      1
180      15 00 20 08 00 75      1
180      15 00 36 01 00 76      1
249      0D 00 AE 10      258
249      0D 00 AE 10      257
249      0D 00 AE 10      256
1C0      15 00 22 20 20      1
1C0      15 00 22 20 00      1
249      0D 00 AE 10      255
249      0D 00 AE 10      254
740      1D 00 48 FF 00 FF 02      23
740      1D 00 47 11 03 D8 00 00      1
600      1D 00 40 D8 00 00 10      1
500      1D 00 40 D8 00 00 10      1
749      0D 00 AE 03 6C 00      1
748      0D 00 AE 03 6C 00      1
749      0D 00 AE 04 01 00      55
748      0D 00 AE 04 01 00      55
749      0D 00 AE 05 00 02      55
748      0D 00 AE 05 00 02      55
100      1D 00 73 FF 08 E4      1
742      1D 00 50 FF 08      20
249      0D 00 AE 10      253
249      0D 00 AE 0D FF FF 00 00      3
249      0D 00 AE 10      252
740      1D 00 47 11 04 64 00 00      2
600      1D 00 40 64 00 00 10      4
500      1D 00 40 64 00 00 10      4
749      0D 00 AE 03 32 00      4
748      0D 00 AE 03 32 00      4
749      0D 00 AE 04 01 00      54
748      0D 00 AE 04 01 00      54
749      0D 00 AE 05 00 02      54
748      0D 00 AE 05 00 02      54
100      15 00 60 08 00 E5      1
200      15 04 01 04 04      1
749      05 04 AE 40 01 00 00      1
24A      0D 00 AE 0B 04 00      1
748      0D 00 AE 0B 04 00      1
749      0D 00 AE 0B 04 00      1
100      1D 00 71 FF 90 E6      1
249      0D 00 AE 10      251
1C1      15 00 23 80 80      1
1C1      15 00 23 80 00      1
249      0D 00 AE 10      250
249      0D 00 AE 10      249
1C1      15 00 24 02 02      1
249      0D 00 AE 10      248
1C1      15 00 24 02 00      1
249      0D 00 AE 10      247
249      0D 00 AE 10      246
1C1      15 00 24 04 04      1
249      0D 00 AE 10      245
1C1      15 00 24 04 00      1
100      1D 00 E9 01 01 E7      1
180      14 00 34 08 E0 77      1
180      14 00 34 08 E8 78      1
249      0D 00 AE 10      244
100      1D 00 73 FF 04 E8      1
742      1D 00 20 FF 04      5
180      14 00 34 08 E0 79      1
740      1D 00 48 FF 00 FF 02      22
740      1D 00 47 11 04 64 00 00      1
600      1D 00 40 64 00 00 10      3
500      1D 00 40 64 00 00 10      3
749      0D 00 AE 03 32 00      3
748      0D 00 AE 03 32 00      3
749      0D 00 AE 04 01 00      53
748      0D 00 AE 04 01 00      53
749      0D 00 AE 05 00 02      53
748      0D 00 AE 05 00 02      53
100      1D 00 73 FF 04 E9      1
742      1D 00 50 FF 04      6
180      14 00 34 08 E8 7A      1
249      0D 00 AE 10      243
249      0D 00 AE 10      242
741      1D 00 40 08 38      1
741      1D 00 41      5
249      0D 00 AE 10      241
781      11 00 50 0D 0D 4A      11
249      0D 00 AE 10      240
781      11 00 50 0D 0D 4A      10
249      0D 00 AE 10      239
781      11 00 50 0C 0C CF      2
249      0D 00 AE 10      238
180      15 00 32 01 31 7B      1
249      0D 00 AE 10      237
781      11 00 50 0C 0C CF      1
249      0D 00 AE 10      236
249      0D 00 AE 10      235
249      0D 00 AE 10      234
740      1D 00 48 FF 00 FF 02      21
740      1D 00 47 10 04 64 00 00      2
600      1D 00 40 64 00 00 10      2
500      1D 00 40 64 00 00 10      2
749      0D 00 AE 03 32 00      2
748      0D 00 AE 03 32 00      2
749      0D 00 AE 04 01 00      52
748      0D 00 AE 04 01 00      52
749      0D 00 AE 05 00 02      52
748      0D 00 AE 05 00 02      52
100      1D 00 73 FF 04 EA      1
742      1D 00 50 FF 04      5
249      0D 00 AE 10      233
249      0D 00 AE 10      232
781      11 00 50 0D 0D 4A      9
100      1D 00 73 FF 08 EB      1
742      1D 00 20 FF 08      5
249      0D 00 AE 10      231
781      11 00 50 0D 0D 4A      8
249      0D 00 AE 10      230
180      15 00 32 01 30 7C      1
781      11 00 50 0D 0D 4A      7
249      0D 00 AE 10      229
781      11 00 50 0D 0D 4A      6
249      0D 00 AE 10      228
781      11 00 50 0D 0D 4A      5
249      0D 00 AE 10      227
249      0D 00 AE 10      226
781      11 00 50 0D 0D 4A      4
249      0D 00 AE 10      225
781      11 00 50 0D 0D 4A      3
740      1D 00 48 FF 00 FF 02      20
740      1D 00 47 10 04 64 00 00      1
600      1D 00 40 64 00 00 10      1
500      1D 00 40 64 00 00 10      1
749      0D 00 AE 03 32 00      1
748      0D 00 AE 03 32 00      1
749      0D 00 AE 04 01 00      51
748      0D 00 AE 04 01 00      51
749      0D 00 AE 05 00 02      51
748      0D 00 AE 05 00 02      51
100      1D 00 73 FF 08 EC      1
742      1D 00 50 FF 08      19
249      0D 00 AE 10      224
781      11 00 50 0D 0D 4A      2
249      0D 00 AE 10      223
100      1D 00 71 FF 10 ED      1
200      15 04 01 04 00      1
749      05 04 AE 40 00 00 00      1
200      15 00 01 04 04      4
200      19 00 01 04 04      4
749      05 00 AE 40 01 00 00      4
749      09 00 AE 40 01 00 00      4
249      0D 00 AE 10      222
781      11 00 50 0D 0D 4A      1
741      1D 00 42      4
100      1D 00 E9 01 00 EE      1
249      0D 00 AE 10      221
249      0D 00 AE 10      220
249      0D 00 AE 10      219
249      0D 00 AE 10      218
249      0D 00 AE 10      217
740      1D 00 47 11 05 66 00 00      1
600      1D 00 40 66 00 00 10      1
500      1D 00 40 66 00 00 10      1
749      0D 00 AE 03 33 00      1
748      0D 00 AE 03 33 00      1
749      0D 00 AE 04 01 00      50
748      0D 00 AE 04 01 00      50
749      0D 00 AE 05 00 02      50
748      0D 00 AE 05 00 02      50
249      0D 00 AE 10      216
249      0D 00 AE 10      215
740      1D 00 47 11 06 68 00 00      2
600      1D 00 40 68 00 00 10      2
500      1D 00 40 68 00 00 10      2
749      0D 00 AE 03 34 00      2
748      0D 00 AE 03 34 00      2
749      0D 00 AE 04 01 00      49
748      0D 00 AE 04 01 00      49
749      0D 00 AE 05 00 02      49
748      0D 00 AE 05 00 02      49
740      1D 00 48 FF 00 FF 02      19
740      1D 00 47 11 06 68 00 00      1
600      1D 00 40 68 00 00 10      1
500      1D 00 40 68 00 00 10      1
749      0D 00 AE 03 34 00      1
748      0D 00 AE 03 34 00      1
749      0D 00 AE 04 01 00      48
748      0D 00 AE 04 01 00      48
749      0D 00 AE 05 00 02      48
748      0D 00 AE 05 00 02      48
100      1D 00 73 FF 08 EF      1
742      1D 00 50 FF 08      18
249      0D 00 AE 10      214
249      0D 00 AE 10      213
249      0D 00 AE 10      212
740      1D 00 47 11 07 6A 00 00      1
600      1D 00 40 6A 00 00 10      1
500      1D 00 40 6A 00 00 10      1
749      0D 00 AE 03 35 00      1
748      0D 00 AE 03 35 00      1
749      0D 00 AE 04 01 00      47
748      0D 00 AE 04 01 00      47
749      0D 00 AE 05 00 02      47
748      0D 00 AE 05 00 02      47
249      0D 00 AE 10      211
249      0D 00 AE 10      210
249      0D 00 AE 10      209
740      1D 00 47 11 08 6C 00 00      1
600      1D 00 40 6C 00 00 10      1
500      1D 00 40 6C 00 00 10      1
749      0D 00 AE 03 36 00      1
748      0D 00 AE 03 36 00      1
749      0D 00 AE 04 01 00      46
748      0D 00 AE 04 01 00      46
749      0D 00 AE 05 00 02      46
748      0D 00 AE 05 00 02      46
249      0D 00 AE 10      208
249      0D 00 AE 10      207
249      0D 00 AE 10      206
740      1D 00 47 11 09 6E 00 00      2
600      1D 00 40 6E 00 00 10      2
500      1D 00 40 6E 00 00 10      2
749      0D 00 AE 03 37 00      2
748      0D 00 AE 03 37 00      2
749      0D 00 AE 04 01 00      45
748      0D 00 AE 04 01 00      45
749      0D 00 AE 05 00 02      45
748      0D 00 AE 05 00 02      45
249      0D 00 AE 10      205
740      1D 00 48 FF 00 FF 02      18
740      1D 00 47 11 09 6E 00 00      1
600      1D 00 40 6E 00 00 10      1
500      1D 00 40 6E 00 00 10      1
749      0D 00 AE 03 37 00      1
748      0D 00 AE 03 37 00      1
749      0D 00 AE 04 01 00      44
748      0D 00 AE 04 01 00      44
749      0D 00 AE 05 00 02      44
748      0D 00 AE 05 00 02      44
100      1D 00 73 FF 08 F0      1
742      1D 00 50 FF 08      17
249      0D 00 AE 10      204
249      0D 00 AE 10      203
740      1D 00 47 11 0A 70 00 00      1
600      1D 00 40 70 00 00 10      1
500      1D 00 40 70 00 00 10      1
749      0D 00 AE 03 38 00      1
748      0D 00 AE 03 38 00      1
749      0D 00 AE 04 01 00      43
748      0D 00 AE 04 01 00      43
749      0D 00 AE 05 00 02      43
748      0D 00 AE 05 00 02      43
249      0D 00 AE 10      202
249      0D 00 AE 10      201
249      0D 00 AE 10      200
740      1D 00 47 11 0B 72 00 00      1
600      1D 00 40 72 00 00 10      1
500      1D 00 40 72 00 00 10      1
749      0D 00 AE 03 39 00      1
748      0D 00 AE 03 39 00      1
749      0D 00 AE 04 01 00      42
748      0D 00 AE 04 01 00      42
749      0D 00 AE 05 00 02      42
748      0D 00 AE 05 00 02      42
249      0D 00 AE 10      199
249      0D 00 AE 10      198
249      0D 00 AE 10      197
740      1D 00 47 11 0C 9E D8 00      2
600      1D 00 40 9E D8 00 10      2
500      1D 00 40 9E D8 00 10      2
749      0D 00 AE 03 4F 6C      2
748      0D 00 AE 03 4F 6C      2
749      0D 00 AE 04 01 00      41
748      0D 00 AE 04 01 00      41
749      0D 00 AE 05 00 02      41
748      0D 00 AE 05 00 02      41
249      0D 00 AE 10      196
249      0D 00 AE 0D 2A 15 00 00      1
249      0D 00 AE 31 F6 08 00 00      2
249      0D 00 AE 10      195
740      1D 00 48 FF 00 FF 02      17
740      1D 00 47 11 0C 9E D8 00      1
600      1D 00 40 9E D8 00 10      1
500      1D 00 40 9E D8 00 10      1
749      0D 00 AE 03 4F 6C      1
748      0D 00 AE 03 4F 6C      1
749      0D 00 AE 04 01 00      40
748      0D 00 AE 04 01 00      40
749      0D 00 AE 05 00 02      40
748      0D 00 AE 05 00 02      40
100      1D 00 73 FF 08 F1      1
742      1D 00 50 FF 08      16
740      1D 00 47 11 0D D8 D8 00      1
600      1D 00 40 D8 D8 00 10      1
500      1D 00 40 D8 D8 00 10      1
749      0D 00 AE 03 6C 6C      1
748      0D 00 AE 03 6C 6C      1
749      0D 00 AE 04 01 00      39
748      0D 00 AE 04 01 00      39
749      0D 00 AE 05 00 02      39
748      0D 00 AE 05 00 02      39
249      0D 00 AE 10      194
249      0D 00 AE 10      193
249      0D 00 AE 10      192
740      1D 00 47 11 0E 64 D8 00      1
600      1D 00 40 64 D8 00 10      1
500      1D 00 40 64 D8 00 10      1
749      0D 00 AE 03 32 6C      1
748      0D 00 AE 03 32 6C      1
749      0D 00 AE 04 01 00      38
748      0D 00 AE 04 01 00      38
749      0D 00 AE 05 00 02      38
748      0D 00 AE 05 00 02      38
249      0D 00 AE 10      191
249      0D 00 AE 10      190
249      0D 00 AE 10      189
740      1D 00 47 11 0F 66 D8 00      1
600      1D 00 40 66 D8 00 10      1
500      1D 00 40 66 D8 00 10      1
749      0D 00 AE 03 33 6C      1
748      0D 00 AE 03 33 6C      1
749      0D 00 AE 04 01 00      37
748      0D 00 AE 04 01 00      37
749      0D 00 AE 05 00 02      37
748      0D 00 AE 05 00 02      37
249      0D 00 AE 10      188
249      0D 00 AE 10      187
249      0D 00 AE 10      186
740      1D 00 47 11 10 68 D8 00      2
600      1D 00 40 68 D8 00 10      2
500      1D 00 40 68 D8 00 10      2
749      0D 00 AE 03 34 6C      2
748      0D 00 AE 03 34 6C      2
749      0D 00 AE 04 01 00      36
748      0D 00 AE 04 01 00      36
749      0D 00 AE 05 00 02      36
748      0D 00 AE 05 00 02      36
740      1D 00 48 FF 00 FF 02      16
740      1D 00 47 11 10 68 D8 00      1
600      1D 00 40 68 D8 00 10      1
500      1D 00 40 68 D8 00 10      1
749      0D 00 AE 03 34 6C      1
748      0D 00 AE 03 34 6C      1
749      0D 00 AE 04 01 00      35
748      0D 00 AE 04 01 00      35
749      0D 00 AE 05 00 02      35
748      0D 00 AE 05 00 02      35
100      1D 00 73 FF 08 F2      1
742      1D 00 50 FF 08      15
249      0D 00 AE 10      185
249      0D 00 AE 10      184
249      0D 00 AE 10      183
740      1D 00 47 11 11 6A D8 00      1
600      1D 00 40 6A D8 00 10      1
500      1D 00 40 6A D8 00 10      1
749      0D 00 AE 03 35 6C      1
748      0D 00 AE 03 35 6C      1
749      0D 00 AE 04 01 00      34
748      0D 00 AE 04 01 00      34
749      0D 00 AE 05 00 02      34
748      0D 00 AE 05 00 02      34
249      0D 00 AE 10      182
249      0D 00 AE 10      181
249      0D 00 AE 10      180
740      1D 00 47 11 12 6C D8 00      1
600      1D 00 40 6C D8 00 10      1
500      1D 00 40 6C D8 00 10      1
749      0D 00 AE 03 36 6C      1
748      0D 00 AE 03 36 6C      1
749      0D 00 AE 04 01 00      33
748      0D 00 AE 04 01 00      33
749      0D 00 AE 05 00 02      33
748      0D 00 AE 05 00 02      33
249      0D 00 AE 10      179
249      0D 00 AE 10      178
249      0D 00 AE 10      177
740      1D 00 47 11 13 6E D8 00      2
600      1D 00 40 6E D8 00 10      2
500      1D 00 40 6E D8 00 10      2
749      0D 00 AE 03 37 6C      2
748      0D 00 AE 03 37 6C      2
749      0D 00 AE 04 01 00      32
748      0D 00 AE 04 01 00      32
749      0D 00 AE 05 00 02      32
748      0D 00 AE 05 00 02      32
249      0D 00 AE 10      176
740      1D 00 48 FF 00 FF 02      15
740      1D 00 47 11 13 6E D8 00      1
600      1D 00 40 6E D8 00 10      1
500      1D 00 40 6E D8 00 10      1
749      0D 00 AE 03 37 6C      1
748      0D 00 AE 03 37 6C      1
749      0D 00 AE 04 01 00      31
748      0D 00 AE 04 01 00      31
749      0D 00 AE 05 00 02      31
748      0D 00 AE 05 00 02      31
100      1D 00 73 FF 08 F3      1
742      1D 00 50 FF 08      14
249      0D 00 AE 10      175
740      1D 00 47 11 14 70 D8 00      1
600      1D 00 40 70 D8 00 10      1
500      1D 00 40 70 D8 00 10      1
749      0D 00 AE 03 38 6C      1
748      0D 00 AE 03 38 6C      1
749      0D 00 AE 04 01 00      30
748      0D 00 AE 04 01 00      30
749      0D 00 AE 05 00 02      30
748      0D 00 AE 05 00 02      30
249      0D 00 AE 10      174
249      0D 00 AE 10      173
249      0D 00 AE 10      172
740      1D 00 47 11 15 72 D8 00      1
600      1D 00 40 72 D8 00 10      1
500      1D 00 40 72 D8 00 10      1
749      0D 00 AE 03 39 6C      1
748      0D 00 AE 03 39 6C      1
749      0D 00 AE 04 01 00      29
748      0D 00 AE 04 01 00      29
749      0D 00 AE 05 00 02      29
748      0D 00 AE 05 00 02      29
249      0D 00 AE 10      171
249      0D 00 AE 10      170
249      0D 00 AE 10      169
740      1D 00 47 11 16 9E 64 00      4
600      1D 00 40 9E 64 00 10      5
500      1D 00 40 9E 64 00 10      5
749      0D 00 AE 03 4F 32      5
748      0D 00 AE 03 4F 32      5
749      0D 00 AE 04 01 00      28
748      0D 00 AE 04 01 00      28
749      0D 00 AE 05 00 02      28
748      0D 00 AE 05 00 02      28
100      1D 00 71 FF 90 F4      1
100      15 00 62 20 00 F5      1
200      15 16 01 04 04      1
749      05 16 AE 40 01 00 00      1
24A      0D 00 AE 0B 16 00      1
748      0D 00 AE 0B 16 00      1
749      0D 00 AE 0B 16 00      1
249      0D 00 AE 10      168
249      0D 00 AE 10      167
249      0D 00 AE 10      166
740      1D 00 48 FF 00 FF 02      14
740      1D 00 47 11 16 9E 64 00      3
600      1D 00 40 9E 64 00 10      4
500      1D 00 40 9E 64 00 10      4
749      0D 00 AE 03 4F 32      4
748      0D 00 AE 03 4F 32      4
749      0D 00 AE 04 01 00      27
748      0D 00 AE 04 01 00      27
749      0D 00 AE 05 00 02      27
748      0D 00 AE 05 00 02      27
100      1D 00 73 FF 08 F6      1
742      1D 00 50 FF 08      13
249      0D 00 AE 10      165
249      0D 00 AE 10      164
249      0D 00 AE 10      163
100      1D 00 E9 01 01 F7      1
180      14 00 34 08 E0 7D      1
180      14 00 34 08 E8 7E      1
180      14 00 34 08 E0 7F      1
180      14 00 34 08 E8 80      1
180      14 00 34 08 E0 81      1
180      14 00 34 08 E8 82      1
249      0D 00 AE 10      162
100      1D 00 73 FF 04 F8      1
742      1D 00 20 FF 04      4
180      14 00 34 08 E0 83      1
180      14 00 34 08 E8 84      1
249      0D 00 AE 10      161
249      0D 00 AE 10      160
741      1D 00 40 20 CB      1
741      1D 00 41      4
249      0D 00 AE 10      159
781      11 00 50 0C 0C 76      2
249      0D 00 AE 10      158
781      11 00 50 0C 0B FA      3
249      0D 00 AE 10      157
781      11 00 50 0B 0B 03      1
249      0D 00 AE 10      156
740      1D 00 48 FF 00 FF 02      13
740      1D 00 47 11 16 9E 64 00      2
600      1D 00 40 9E 64 00 10      3
500      1D 00 40 9E 64 00 10      3
749      0D 00 AE 03 4F 32      3
748      0D 00 AE 03 4F 32      3
749      0D 00 AE 04 01 00      26
748      0D 00 AE 04 01 00      26
749      0D 00 AE 05 00 02      26
748      0D 00 AE 05 00 02      26
100      1D 00 73 FF 04 F9      1
742      1D 00 50 FF 04      4
180      15 00 32 01 31 85      1
781      11 00 50 0E 0E 60      4
249      0D 00 AE 10      155
781      11 00 50 0E 0D E6      23
249      0D 00 AE 10      154
781      11 00 50 0E 0D E6      22
249      0D 00 AE 10      153
781      11 00 50 0E 0D E6      21
249      0D 00 AE 10      152
781      11 00 50 0E 0D E6      20
249      0D 00 AE 10      151
249      0D 00 AE 10      150
100      1D 00 73 FF 08 FA      1
742      1D 00 20 FF 08      4
781      11 00 50 0D 0D 6B      12
249      0D 00 AE 10      149
249      0D 00 AE 10      148
180      15 00 32 01 30 86      1
249      0D 00 AE 10      147
781      11 00 50 0E 0D E6      19
740      1D 00 48 FF 00 FF 02      12
740      1D 00 47 10 16 9E 64 00      1
600      1D 00 40 9E 64 00 10      2
500      1D 00 40 9E 64 00 10      2
749      0D 00 AE 03 4F 32      2
748      0D 00 AE 03 4F 32      2
749      0D 00 AE 04 01 00      25
748      0D 00 AE 04 01 00      25
749      0D 00 AE 05 00 02      25
748      0D 00 AE 05 00 02      25
100      1D 00 73 FF 08 FB      1
742      1D 00 50 FF 08      12
781      11 00 50 0D 0C F1      2
249      0D 00 AE 10      146
249      0D 00 AE 10      145
249      0D 00 AE 10      144
249      0D 00 AE 10      143
781      11 00 50 0D 0C F1      1
249      0D 00 AE 10      142
249      0D 00 AE 10      141
200      15 16 01 04 00      1
749      05 16 AE 40 00 00 00      1
200      15 00 01 04 04      3
200      19 00 01 04 04      3
749      05 00 AE 40 01 00 00      3
749      09 00 AE 40 01 00 00      3
100      1D 00 71 FF 10 FC      1
249      0D 00 AE 10      140
741      1D 00 42      3
100      1D 00 E9 01 00 FD      1
249      0D 00 AE 0D FF FF 00 00      2
249      0D 00 AE 10      139
249      0D 00 AE 10      138
249      0D 00 AE 10      137
740      1D 00 48 FF 00 FF 02      11
740      1D 00 47 11 16 9E 64 00      1
600      1D 00 40 9E 64 00 10      1
500      1D 00 40 9E 64 00 10      1
749      0D 00 AE 03 4F 32      1
748      0D 00 AE 03 4F 32      1
749      0D 00 AE 04 01 00      24
748      0D 00 AE 04 01 00      24
749      0D 00 AE 05 00 02      24
748      0D 00 AE 05 00 02      24
100      1D 00 73 FF 08 FE      1
742      1D 00 50 FF 08      11
249      0D 00 AE 10      136
249      0D 00 AE 10      135
740      1D 00 47 11 17 D8 64 00      1
600      1D 00 40 D8 64 00 10      1
500      1D 00 40 D8 64 00 10      1
749      0D 00 AE 03 6C 32      1
748      0D 00 AE 03 6C 32      1
749      0D 00 AE 04 01 00      23
748      0D 00 AE 04 01 00      23
749      0D 00 AE 05 00 02      23
748      0D 00 AE 05 00 02      23
249      0D 00 AE 10      134
249      0D 00 AE 10      133
740      1D 00 47 11 18 64 64 00      1
600      1D 00 40 64 64 00 10      1
500      1D 00 40 64 64 00 10      1
749      0D 00 AE 03 32 32      1
748      0D 00 AE 03 32 32      1
749      0D 00 AE 04 01 00      22
748      0D 00 AE 04 01 00      22
749      0D 00 AE 05 00 02      22
748      0D 00 AE 05 00 02      22
249      0D 00 AE 10      132
740      1D 00 47 11 19 66 64 00      2
600      1D 00 40 66 64 00 10      2
500      1D 00 40 66 64 00 10      2
749      0D 00 AE 03 33 32      2
748      0D 00 AE 03 33 32      2
749      0D 00 AE 04 01 00      21
748      0D 00 AE 04 01 00      21
749      0D 00 AE 05 00 02      21
748      0D 00 AE 05 00 02      21
249      0D 00 AE 10      131
249      0D 00 AE 10      130
249      0D 00 AE 10      129
249      0D 00 AE 10      128
249      0D 00 AE 10      127
740      1D 00 48 FF 00 FF 02      10
740      1D 00 47 11 19 66 64 00      1
600      1D 00 40 66 64 00 10      1
500      1D 00 40 66 64 00 10      1
749      0D 00 AE 03 33 32      1
748      0D 00 AE 03 33 32      1
749      0D 00 AE 04 01 00      20
748      0D 00 AE 04 01 00      20
749      0D 00 AE 05 00 02      20
748      0D 00 AE 05 00 02      20
100      1D 00 73 FF 08 FF      1
742      1D 00 50 FF 08      10
740      1D 00 47 11 1A 68 64 00      1
600      1D 00 40 68 64 00 10      1
500      1D 00 40 68 64 00 10      1
749      0D 00 AE 03 34 32      1
748      0D 00 AE 03 34 32      1
749      0D 00 AE 04 01 00      19
748      0D 00 AE 04 01 00      19
749      0D 00 AE 05 00 02      19
748      0D 00 AE 05 00 02      19
249      0D 00 AE 10      126
249      0D 00 AE 10      125
249      0D 00 AE 10      124
740      1D 00 47 11 1B 6A 64 00      1
600      1D 00 40 6A 64 00 10      1
500      1D 00 40 6A 64 00 10      1
749      0D 00 AE 03 35 32      1
748      0D 00 AE 03 35 32      1
749      0D 00 AE 04 01 00      18
748      0D 00 AE 04 01 00      18
749      0D 00 AE 05 00 02      18
748      0D 00 AE 05 00 02      18
249      0D 00 AE 10      123
249      0D 00 AE 10      122
249      0D 00 AE 10      121
740      1D 00 47 11 1C 6C 64 00      1
600      1D 00 40 6C 64 00 10      1
500      1D 00 40 6C 64 00 10      1
749      0D 00 AE 03 36 32      1
748      0D 00 AE 03 36 32      1
749      0D 00 AE 04 01 00      17
748      0D 00 AE 04 01 00      17
749      0D 00 AE 05 00 02      17
748      0D 00 AE 05 00 02      17
249      0D 00 AE 10      120
249      0D 00 AE 10      119
249      0D 00 AE 10      118
740      1D 00 47 11 1D 6E 64 00      2
600      1D 00 40 6E 64 00 10      2
500      1D 00 40 6E 64 00 10      2
749      0D 00 AE 03 37 32      2
748      0D 00 AE 03 37 32      2
749      0D 00 AE 04 01 00      16
748      0D 00 AE 04 01 00      16
749      0D 00 AE 05 00 02      16
748      0D 00 AE 05 00 02      16
249      0D 00 AE 10      117
740      1D 00 48 FF 00 FF 02      9
740      1D 00 47 11 1D 6E 64 00      1
600      1D 00 40 6E 64 00 10      1
500      1D 00 40 6E 64 00 10      1
749      0D 00 AE 03 37 32      1
748      0D 00 AE 03 37 32      1
749      0D 00 AE 04 01 00      15
748      0D 00 AE 04 01 00      15
749      0D 00 AE 05 00 02      15
748      0D 00 AE 05 00 02      15
100      1D 00 73 FF 08 00      1
742      1D 00 50 FF 08      9
249      0D 00 AE 10      116
249      0D 00 AE 10      115
740      1D 00 47 11 1E 70 64 00      1
600      1D 00 40 70 64 00 10      1
500      1D 00 40 70 64 00 10      1
749      0D 00 AE 03 38 32      1
748      0D 00 AE 03 38 32      1
749      0D 00 AE 04 01 00      14
748      0D 00 AE 04 01 00      14
749      0D 00 AE 05 00 02      14
748      0D 00 AE 05 00 02      14
249      0D 00 AE 10      114
249      0D 00 AE 10      113
740      1D 00 47 11 1F 72 64 00      1
600      1D 00 40 72 64 00 10      1
500      1D 00 40 72 64 00 10      1
749      0D 00 AE 03 39 32      1
748      0D 00 AE 03 39 32      1
749      0D 00 AE 04 01 00      13
748      0D 00 AE 04 01 00      13
749      0D 00 AE 05 00 02      13
748      0D 00 AE 05 00 02      13
249      0D 00 AE 10      112
249      0D 00 AE 10      111
249      0D 00 AE 10      110
100      15 00 63 80 00 01      1
200      15 20 01 04 04      1
749      05 20 AE 40 01 00 00      1
24A      0D 00 AE 0B 20 00      1
748      0D 00 AE 0B 20 00      1
749      0D 00 AE 0B 20 00      1
100      1D 00 71 FF 90 02      1
740      1D 00 47 11 20 9E 66 00      4
600      1D 00 40 9E 66 00 10      5
500      1D 00 40 9E 66 00 10      5
749      0D 00 AE 03 4F 33      5
748      0D 00 AE 03 4F 33      5
749      0D 00 AE 04 01 00      12
748      0D 00 AE 04 01 00      12
749      0D 00 AE 05 00 02      12
748      0D 00 AE 05 00 02      12
249      0D 00 AE 10      109
249      0D 00 AE 10      108
740      1D 00 48 FF 00 FF 02      8
740      1D 00 47 11 20 9E 66 00      3
600      1D 00 40 9E 66 00 10      4
500      1D 00 40 9E 66 00 10      4
749      0D 00 AE 03 4F 33      4
748      0D 00 AE 03 4F 33      4
749      0D 00 AE 04 01 00      11
748      0D 00 AE 04 01 00      11
749      0D 00 AE 05 00 02      11
748      0D 00 AE 05 00 02      11
100      1D 00 73 FF 08 03      1
742      1D 00 50 FF 08      8
249      0D 00 AE 10      107
249      0D 00 AE 10      106
249      0D 00 AE 10      105
249      0D 00 AE 10      104
100      1D 00 E9 01 01 04      1
180      14 00 34 08 E0 87      1
249      0D 00 AE 10      103
100      1D 00 73 FF 04 05      1
742      1D 00 20 FF 04      3
180      14 00 34 08 E8 88      1
249      0D 00 AE 10      102
249      0D 00 AE 10      101
249      0D 00 AE 10      100
741      1D 00 40 2E 6B      1
741      1D 00 41      3
781      11 00 50 0E 0D E6      18
249      0D 00 AE 10      99
781      11 00 50 0E 0D E6      17
249      0D 00 AE 10      98
740      1D 00 48 FF 00 FF 02      7
740      1D 00 47 11 20 9E 66 00      2
600      1D 00 40 9E 66 00 10      3
500      1D 00 40 9E 66 00 10      3
749      0D 00 AE 03 4F 33      3
748      0D 00 AE 03 4F 33      3
749      0D 00 AE 04 01 00      10
748      0D 00 AE 04 01 00      10
749      0D 00 AE 05 00 02      10
748      0D 00 AE 05 00 02      10
100      1D 00 73 FF 04 06      1
742      1D 00 50 FF 04      3
781      11 00 FA 04      2
249      0D 00 AE 10      97
180      15 00 32 01 31 89      1
249      0D 00 AE 10      96
781      11 00 50 0E 0D E6      16
249      0D 00 AE 10      95
781      11 00 50 0E 0D E6      15
249      0D 00 AE 10      94
781      11 00 50 0E 0D E6      14
249      0D 00 AE 10      93
781      11 00 50 0E 0D E6      13
249      0D 00 AE 10      92
781      11 00 50 0E 0D E6      12
249      0D 00 AE 10      91
100      1D 00 73 FF 08 07      1
742      1D 00 20 FF 08      3
249      0D 00 AE 10      90
781      11 00 50 0E 0D E6      11
180      15 00 32 01 30 8A      1
249      0D 00 AE 10      89
249      0D 00 AE 10      88
740      1D 00 48 FF 00 FF 02      6
740      1D 00 47 10 20 9E 66 00      1
600      1D 00 40 9E 66 00 10      2
500      1D 00 40 9E 66 00 10      2
749      0D 00 AE 03 4F 33      2
748      0D 00 AE 03 4F 33      2
749      0D 00 AE 04 01 00      9
748      0D 00 AE 04 01 00      9
749      0D 00 AE 05 00 02      9
748      0D 00 AE 05 00 02      9
100      1D 00 73 FF 08 08      1
742      1D 00 50 FF 08      7
249      0D 00 AE 10      87
249      0D 00 AE 10      86
781      11 00 50 0E 0D E6      10
249      0D 00 AE 10      85
249      0D 00 AE 10      84
249      0D 00 AE 10      83
249      0D 00 AE 0D 2B 15 00 00      1
249      0D 00 AE 31 F6 08 00 00      1
781      11 00 50 0C 0C 76      1
249      0D 00 AE 10      82
200      15 20 01 04 00      1
200      15 00 01 04 04      2
200      19 00 01 04 04      2
100      1D 00 71 FF 10 09      1
749      05 20 AE 40 00 00 00      1
749      05 00 AE 40 01 00 00      2
749      09 00 AE 40 01 00 00      2
781      11 00 50 0E 0D E6      9
249      0D 00 AE 10      81
741      1D 00 42      2
100      1D 00 E9 01 00 0A      1
249      0D 00 AE 10      80
249      0D 00 AE 10      79
249      0D 00 AE 10      78
740      1D 00 48 FF 00 FF 02      5
740      1D 00 47 11 20 9E 66 00      1
600      1D 00 40 9E 66 00 10      1
500      1D 00 40 9E 66 00 10      1
749      0D 00 AE 03 4F 33      1
748      0D 00 AE 03 4F 33      1
749      0D 00 AE 04 01 00      8
748      0D 00 AE 04 01 00      8
749      0D 00 AE 05 00 02      8
748      0D 00 AE 05 00 02      8
100      1D 00 73 FF 08 0B      1
742      1D 00 50 FF 08      6
249      0D 00 AE 10      77
249      0D 00 AE 10      76
740      1D 00 47 11 21 D8 66 00      1
600      1D 00 40 D8 66 00 10      1
500      1D 00 40 D8 66 00 10      1
749      0D 00 AE 03 6C 33      1
748      0D 00 AE 03 6C 33      1
749      0D 00 AE 04 01 00      7
748      0D 00 AE 04 01 00      7
749      0D 00 AE 05 00 02      7
748      0D 00 AE 05 00 02      7
249      0D 00 AE 10      75
249      0D 00 AE 10      74
740      1D 00 47 11 22 64 66 00      3
600      1D 00 40 64 66 00 10      5
500      1D 00 40 64 66 00 10      5
749      0D 00 AE 03 32 33      5
748      0D 00 AE 03 32 33      5
749      0D 00 AE 04 01 00      6
748      0D 00 AE 04 01 00      6
749      0D 00 AE 05 00 02      6
748      0D 00 AE 05 00 02      6
100      1D 00 71 FF 90 0C      1
100      15 00 64 02 00 0D      1
200      15 22 01 04 04      1
749      05 22 AE 40 01 00 00      1
24A      0D 00 AE 0B 22 00      1
748      0D 00 AE 0B 22 00      1
749      0D 00 AE 0B 22 00      1
249      0D 00 AE 10      73
249      0D 00 AE 10      72
249      0D 00 AE 10      71
249      0D 00 AE 10      70
249      0D 00 AE 10      69
740      1D 00 48 FF 00 FF 02      4
740      1D 00 47 11 22 64 66 00      2
600      1D 00 40 64 66 00 10      4
500      1D 00 40 64 66 00 10      4
749      0D 00 AE 03 32 33      4
748      0D 00 AE 03 32 33      4
749      0D 00 AE 04 01 00      5
748      0D 00 AE 04 01 00      5
749      0D 00 AE 05 00 02      5
748      0D 00 AE 05 00 02      5
100      1D 00 73 FF 08 0E      1
742      1D 00 50 FF 08      5
249      0D 00 AE 10      68
100      1D 00 E9 01 01 0F      1
180      14 00 34 08 E0 8B      1
249      0D 00 AE 10      67
180      14 00 34 08 E8 8C      1
180      14 00 34 08 E0 8D      1
100      1D 00 73 FF 04 10      1
742      1D 00 20 FF 04      2
249      0D 00 AE 10      66
180      14 00 34 08 E8 8E      1
249      0D 00 AE 10      65
249      0D 00 AE 10      64
741      1D 00 40 31 28      1
741      1D 00 41      2
781      11 00 50 0E 0D E6      8
249      0D 00 AE 10      63
781      11 00 50 0D 0D 6B      11
249      0D 00 AE 10      62
781      11 00 50 0E 0D E6      7
249      0D 00 AE 10      61
781      11 00 50 0D 0D 6B      10
180      15 00 32 01 31 8F      1
249      0D 00 AE 10      60
781      11 00 50 0D 0D 6B      9
249      0D 00 AE 10      59
740      1D 00 48 FF 00 FF 02      3
740      1D 00 47 10 22 64 66 00      2
600      1D 00 40 64 66 00 10      3
500      1D 00 40 64 66 00 10      3
749      0D 00 AE 03 32 33      3
748      0D 00 AE 03 32 33      3
749      0D 00 AE 04 01 00      4
748      0D 00 AE 04 01 00      4
749      0D 00 AE 05 00 02      4
748      0D 00 AE 05 00 02      4
100      1D 00 73 FF 04 11      1
742      1D 00 50 FF 04      2
249      0D 00 AE 10      58
249      0D 00 AE 10      57
249      0D 00 AE 10      56
781      11 00 50 0E 0D E6      6
249      0D 00 AE 10      55
100      1D 00 73 FF 08 12      1
742      1D 00 20 FF 08      2
249      0D 00 AE 10      54
781      11 00 50 0D 0D 6B      8
249      0D 00 AE 10      53
180      15 00 32 01 30 90      1
781      11 00 50 0D 0D 6B      7
249      0D 00 AE 10      52
781      11 00 50 0E 0D E6      5
249      0D 00 AE 10      51
249      0D 00 AE 10      50
781      11 00 50 0E 0D E6      4
249      0D 00 AE 10      49
740      1D 00 48 FF 00 FF 02      2
740      1D 00 47 10 22 64 66 00      1
600      1D 00 40 64 66 00 10      2
500      1D 00 40 64 66 00 10      2
749      0D 00 AE 03 32 33      2
748      0D 00 AE 03 32 33      2
749      0D 00 AE 04 01 00      3
748      0D 00 AE 04 01 00      3
749      0D 00 AE 05 00 02      3
748      0D 00 AE 05 00 02      3
100      1D 00 73 FF 08 13      1
742      1D 00 50 FF 08      4
781      11 00 50 0E 0D E6      3
249      0D 00 AE 10      48
249      0D 00 AE 10      47
249      0D 00 AE 10      46
781      11 00 50 0E 0D E6      2
249      0D 00 AE 10      45
249      0D 00 AE 10      44
249      0D 00 AE 10      43
100      1D 00 71 FF 10 14      1
200      15 22 01 04 00      1
200      15 00 01 04 04      1
200      19 00 01 04 04      1
749      05 22 AE 40 00 00 00      1
749      05 00 AE 40 01 00 00      1
749      09 00 AE 40 01 00 00      1
741      1D 00 42      1
100      1D 00 E9 01 00 15      1
249      0D 00 AE 10      42
249      0D 00 AE 10      41
249      0D 00 AE 10      40
249      0D 00 AE 10      39
740      1D 00 48 FF 00 FF 02      1
740      1D 00 47 11 22 64 66 00      1
600      1D 00 40 64 66 00 10      1
500      1D 00 40 64 66 00 10      1
749      0D 00 AE 03 32 33      1
748      0D 00 AE 03 32 33      1
749      0D 00 AE 04 01 00      2
748      0D 00 AE 04 01 00      2
749      0D 00 AE 05 00 02      2
748      0D 00 AE 05 00 02      2
100      1D 00 73 FF 08 16      1
742      1D 00 50 FF 08      3
249      0D 00 AE 10      38
740      1D 00 47 11 23 66 66 00      1
600      1D 00 40 66 66 00 10      1
500      1D 00 40 66 66 00 10      1
749      0D 00 AE 03 33 33      5
748      0D 00 AE 03 33 33      5
749      0D 00 AE 04 01 00      1
748      0D 00 AE 04 01 00      1
749      0D 00 AE 05 00 02      1
748      0D 00 AE 05 00 02      1
200      15 00 01 04 00      1
200      19 00 01 04 00      1
749      05 00 AE 40 00 00 00      1
749      09 00 AE 40 00 00 00      1
740      1D 00 48 FF 00 FF 00      4
749      0D 00 AE 05 00 00      5
748      0D 00 AE 05 00 00      5
100      1D 00 71 FF 00 17      1
740      1D 00 47 01 23 66 66 00      2
600      1D 00 40 66 66 00 00      4
500      1D 00 40 66 66 00 00      4
749      0D 00 AE 03 33 33      4
748      0D 00 AE 03 33 33      4
749      0D 00 AE 04 00 00      4
748      0D 00 AE 04 00 00      4
749      0D 00 AE 05 00 00      4
748      0D 00 AE 05 00 00      4
100      15 00 64 04 00 18      1
24A      0D 00 AE 0B 23 00      1
748      0D 00 AE 0B 23 00      1
749      0D 00 AE 0B 23 00      1
249      0D 00 AE 10      37
249      0D 00 AE 10      36
249      0D 00 AE 10      35
249      0D 00 AE 10      34
249      0D 00 AE 10      33
100      1D 00 E9 01 01 19      1
180      14 00 34 08 E0 91      1
180      14 00 34 08 E8 92      1
180      14 00 34 08 E0 93      1
249      0D 00 AE 10      32
100      1D 00 73 FF 04 1A      1
742      1D 00 20 FF 04      1
180      14 00 34 08 E8 94      1
249      0D 00 AE 10      31
249      0D 00 AE 10      30
741      1D 00 40 32 87      1
741      1D 00 41      1
249      0D 00 AE 10      29
740      1D 00 48 FF 00 FF 00      3
740      1D 00 47 01 23 66 66 00      1
600      1D 00 40 66 66 00 00      3
500      1D 00 40 66 66 00 00      3
749      0D 00 AE 03 33 33      3
748      0D 00 AE 03 33 33      3
749      0D 00 AE 04 00 00      3
748      0D 00 AE 04 00 00      3
749      0D 00 AE 05 00 00      3
748      0D 00 AE 05 00 00      3
100      1D 00 73 FF 04 1B      1
742      1D 00 50 FF 04      1
781      11 00 50 0D 0D 6B      6
249      0D 00 AE 10      28
781      11 00 50 0D 0D 6B      5
249      0D 00 AE 10      27
781      11 00 50 0D 0D 6B      4
249      0D 00 AE 0D FF FF 00 00      1
249      0D 00 AE 10      26
180      15 00 32 01 31 95      1
249      0D 00 AE 10      25
781      11 00 50 0D 0D 6B      3
249      0D 00 AE 10      24
249      0D 00 AE 10      23
781      11 00 50 0D 0D 6B      2
249      0D 00 AE 10      22
781      11 00 50 0D 0D 6B      1
249      0D 00 AE 10      21
249      0D 00 AE 10      20
781      11 00 50 0E 0D E6      1
100      1D 00 73 FF 08 1C      1
742      1D 00 20 FF 08      1
740      1D 00 48 FF 00 FF 00      2
740      1D 00 47 00 23 66 66 00      2
600      1D 00 40 66 66 00 00      2
500      1D 00 40 66 66 00 00      2
749      0D 00 AE 03 33 33      2
748      0D 00 AE 03 33 33      2
749      0D 00 AE 04 00 00      2
748      0D 00 AE 04 00 00      2
749      0D 00 AE 05 00 00      2
748      0D 00 AE 05 00 00      2
100      1D 00 73 FF 08 1D      1
742      1D 00 50 FF 08      2
249      0D 00 AE 10      19
249      0D 00 AE 10      18
180      15 00 32 01 30 96      1
249      0D 00 AE 10      17
249      0D 00 AE 10      16
781      11 00 50 0F 0E DA      1
249      0D 00 AE 10      15
781      11 00 50 0E 0E 60      3
249      0D 00 AE 10      14
781      11 00 50 0E 0E 60      2
249      0D 00 AE 10      13
249      0D 00 AE 10      12
781      11 00 50 0E 0E 60      1
249      0D 00 AE 10      11
249      0D 00 AE 10      10
740      1D 00 48 FF 00 FF 00      1
740      1D 00 47 00 23 66 66 00      1
600      1D 00 40 66 66 00 00      1
500      1D 00 40 66 66 00 00      1
749      0D 00 AE 03 33 33      1
748      0D 00 AE 03 33 33      1
749      0D 00 AE 04 00 00      1
748      0D 00 AE 04 00 00      1
749      0D 00 AE 05 00 00      1
748      0D 00 AE 05 00 00      1
100      1D 00 73 FF 08 1E      1
742      1D 00 50 FF 08      1
249      0D 00 AE 10      9
249      0D 00 AE 10      8
249      0D 00 AE 10      7
249      0D 00 AE 10      6
249      0D 00 AE 10      5
781      11 00 FA 04      1
249      0D 00 AE 10      4
781      11 00 50 0C 0B FA      2
249      0D 00 AE 10      3
249      0D 00 AE 10      2
781      11 00 50 0C 0B FA      1
249      0D 00 AE 10      1
