050      FF 78 76 BF 00 
008      02 AA 00 00 00 00 00 00 
020      00 AB 02 66 00 00 00 00 
008      06 0A 00 00 00 00 00 00 
050      FF 78 76 BF 00 
400      00 77 00 00 00 00 00 00 
008      07 0A 00 00 00 00 00 00 
400      00 77 00 00 00 00 00 00 
050      FF 78 76 BF 00 
008      01 BC 01 00 00 00 00 00 
008      08 0A 00 00 00 00 00 00 
400      00 77 00 00 00 00 00 00 
050      FF 78 76 BF 00 
008      09 0A 00 00 00 00 00 00 
050      FF 78 76 BF 00 
008      03 AA 00 00 00 00 00 00 
021      00 AB 03 66 00 00 00 00 
400      00 77 00 00 00 00 00 00 
008      0A 0A 00 00 00 12 25 19 
400      00 77 00 00 00 00 00 00 
050      FF 78 76 BF 00 
008      0B 0A 00 00 00 00 00 00 
008      01 AA 00 00 00 00 00 00 
050      FF 78 76 BF 00 
01F      00 AB 01 66 00 00 00 00 
400      00 77 00 00 00 00 00 00 
008      0C 0A 00 00 00 00 00 00 
050      FF 78 76 BF 00 
008      0D 0A 00 00 00 00 00 00 
400      00 77 00 00 00 00 00 00 
008      02 AA 00 00 00 00 00 00 
020      00 AB 02 66 00 00 00 00 
050      FF 78 76 BF 00 
400      00 77 00 00 00 00 00 00 
008      0E 0A 00 00 00 00 00 00 
050      FF 78 76 BF 00 
008      0F 0A 00 00 00 00 00 00 
400      00 77 00 00 00 00 00 00 
008      03 AA 00 00 00 00 00 00 
021      00 AB 03 66 00 00 00 00 
050      FF 78 76 BF 00 
008      10 0A 00 00 00 00 00 00 
400      00 77 00 00 00 00 00 00 
008      00 82 28 01 00 00 00 00 
050      FF 78 76 BF 00 
400      00 77 00 00 00 00 00 00 
008      01 AA 00 00 00 00 00 00 
01F      00 AB 01 66 00 00 00 00 
050      FF 78 76 BF 00 
008      00 83 00 00 00 00 00 00 
400      00 77 00 00 00 00 00 00 
008      00 84 00 00 00 00 00 00 
050      FF 78 76 BF 00 
008      02 AA 00 00 00 00 00 00 
020      00 AB 02 66 00 00 00 00 
400      00 77 00 00 00 00 00 00 
050      FF 78 76 BF 00 
008      00 85 00 00 00 00 00 00 
400      00 77 00 00 00 00 00 00 
008      00 86 00 00 00 01 03 05 
050      FF 78 76 BF 00 
008      03 AA 00 00 00 00 00 00 
021      00 AB 03 66 00 00 00 00 
400      00 77 00 00 00 00 00 00 
008      01 BC 01 00 00 00 00 00 
050      FF 78 76 BF 00 
008      01 AA 00 00 00 00 00 00 
01F      00 AB 01 66 00 00 00 00 
400      00 77 00 00 00 00 00 00 
050      FF 78 76 BF 00 
03081009      00 00 00 00 00 00 00 00 
400      00 77 00 00 00 00 00 00 
008      00 01 01 00 00 01 0C 00 
050      FF 78 76 BF 00 
008      01 0A 00 00 00 00 00 00 
400      00 77 00 00 00 00 00 00 
050      FF 78 76 BF 00 
008      02 AA 00 00 00 00 00 00 
020      00 AB 02 66 00 00 00 00 
008      02 0A 00 00 00 00 00 00 
050      FF 78 76 BF 00 
400      00 77 00 00 00 00 00 00 
008      03 0A 00 00 00 00 00 00 
050      01 6E 02 66 
400      00 77 00 00 00 00 00 00 
008      00 01 01 01 00 01 0C 00 
050      FF 78 76 BF 00 
008      03 0A 02 00 00 00 00 00 
050      FF 78 76 BF 00 
400      00 77 00 00 00 00 00 00 
008      04 0A 04 00 66 01 01 08 
008      07 0A 02 00 00 00 00 00 
050      FF 78 76 BF 00 
400      00 77 00 00 00 00 00 00 
008      09 0A 02 00 00 00 00 00 
050      FF 78 76 BF 00 
008      08 82 2A 01 00 00 00 00 
400      00 77 00 00 00 00 00 00 
050      00 6E 02 66 
008      00 01 01 02 00 01 0D 00 
050      FF 78 76 BF 00 
008      03 AA 00 00 00 00 00 00 
400      00 77 00 00 00 00 00 00 
021      00 AB 03 66 00 00 00 00 
008      04 0A 04 00 66 01 01 08 
050      FF 78 76 BF 00 
008      05 0A 00 00 00 00 00 00 
400      00 77 00 00 00 00 00 00 
050      FF 78 76 BF 00 
008      01 AA 00 00 00 00 00 00 
01F      00 AB 01 66 00 00 00 00 
400      00 77 00 00 00 00 00 00 
008      06 0A 00 00 00 00 00 00 
050      FF 78 76 BF 00 
008      07 0A 02 00 00 00 00 00 
400      00 77 00 00 00 00 00 00 
008      00 BC 01 00 00 00 00 00 
050      FF 78 76 BF 00 
008      08 0A 00 00 00 00 00 00 
400      00 77 00 00 00 00 00 00 
050      FF 78 76 BF 00 
008      09 0A 02 00 00 00 00 00 
400      00 77 00 00 00 00 00 00 
008      02 AA 00 00 00 00 00 00 
020      00 AB 02 66 00 00 00 00 
050      FF 78 76 BF 00 
008      0A 0A 00 00 00 12 25 21 
400      00 77 00 00 00 00 00 00 
050      FF 78 76 BF 00 
008      0B 0A 00 00 00 00 00 00 
008      03 AA 00 00 00 00 00 00 
021      00 AB 03 66 00 00 00 00 
400      00 77 00 00 00 00 00 00 
050      FF 78 76 BF 00 
008      0C 0A 00 00 00 00 00 00 
400      00 77 00 00 00 00 00 00 
008      0D 0A 00 00 00 00 00 00 
050      FF 78 76 BF 00 
008      00 86 00 00 00 02 03 05 
400      00 77 00 00 00 00 00 00 
050      FF 78 76 BF 00 
008      01 AA 00 00 00 00 00 00 
01F      00 AB 01 66 00 00 00 00 
008      0E 0A 00 00 00 00 00 00 
050      FF 78 76 BF 00 
400      00 77 00 00 00 00 00 00 
050      01 6E 03 66 
008      03 0A 06 00 00 00 00 00 
400      00 77 00 00 00 00 00 00 
050      FF 78 76 BF 00 
008      07 0A 06 00 00 00 00 00 
008      09 0A 06 00 00 00 00 00 
050      FF 78 76 BF 00 
400      00 77 00 00 00 00 00 00 
008      0F 0A 00 00 00 00 00 00 
008      02 AA 00 00 00 00 00 00 
050      FF 78 76 BF 00 
020      00 AB 02 66 00 00 00 00 
400      00 77 00 00 00 00 00 00 
008      10 0A 00 00 00 00 00 00 
400      00 77 00 00 00 00 00 00 
050      FF 78 76 BF 00 
008      08 82 2A 01 00 00 00 00 
050      00 6E 03 66 
008      03 AA 00 00 00 00 00 00 
021      00 AB 03 66 00 00 00 00 
050      FF 78 76 BF 00 
400      00 77 00 00 00 00 00 00 
008      00 83 00 00 00 00 00 00 
050      FF 78 76 BF 00 
008      00 84 00 00 00 00 00 00 
400      00 77 00 00 00 00 00 00 
008      01 AA 00 00 00 00 00 00 
01F      00 AB 01 66 00 00 00 00 
050      FF 78 76 BF 00 
400      00 77 00 00 00 00 00 00 
008      00 85 00 00 00 00 00 00 
008      00 86 00 00 00 02 03 05 
050      FF 78 76 BF 00 
400      00 77 00 00 00 00 00 00 
008      02 AA 00 00 00 00 00 00 
020      00 AB 02 66 00 00 00 00 
050      FF 78 76 BF 00 
008      00 BC 01 00 00 00 00 00 
400      00 77 00 00 00 00 00 00 
008      03 AA 00 00 00 00 00 00 
021      00 AB 03 66 00 00 00 00 
050      FF 78 76 BF 00 
400      00 77 00 00 00 00 00 00 
008      00 01 01 02 00 01 05 00 
050      FF 78 76 BF 00 
03081009      00 00 00 00 00 00 00 00 
400      00 77 00 00 00 00 00 00 
008      00 01 01 02 00 01 05 00 
050      FF 78 76 BF 00 
008      01 0A 00 00 00 00 00 00 
400      00 77 00 00 00 00 00 00 
008      01 AA 00 00 00 00 00 00 
01F      00 AB 01 66 00 00 00 00 
050      FF 78 76 BF 00 
008      02 0A 00 00 00 00 00 00 
400      00 77 00 00 00 00 00 00 
050      FF 78 76 BF 00 
008      03 0A 06 00 00 00 00 00 
008      02 AA 00 00 00 00 00 00 
400      00 77 00 00 00 00 00 00 
020      00 AB 02 66 00 00 00 00 
050      FF 78 76 BF 00 
008      08 82 2A 00 00 00 00 00 
050      FF 78 76 BF 00 
008      04 0A 04 00 66 01 01 08 
400      00 77 00 00 00 00 00 00 
008      05 0A 00 00 00 00 00 00 
400      00 77 00 00 00 00 00 00 
050      FF 78 76 BF 00 
008      03 AA 00 00 00 00 00 00 
021      00 AB 03 66 00 00 00 00 
008      06 0A 00 00 00 00 00 00 
400      00 77 00 00 00 00 00 00 
050      FF 78 76 BF 00 
008      07 0A 06 00 00 00 00 00 
050      FF 78 76 BF 00 
008      00 BC 01 00 00 00 00 00 
400      00 77 00 00 00 00 00 00 
008      08 0A 00 00 00 00 00 00 
400      00 77 00 00 00 00 00 00 
050      FF 78 76 BF 00 
008      09 0A 06 00 00 00 00 00 
050      FF 78 76 BF 00 
008      01 AA 00 00 00 00 00 00 
400      00 77 00 00 00 00 00 00 
01F      00 AB 01 66 00 00 00 00 
008      0A 0A 00 00 00 12 25 23 
050      FF 78 76 BF 00 
008      0B 0A 00 00 00 00 00 00 
400      00 77 00 00 00 00 00 00 
008      02 AA 00 00 00 00 00 00 
020      00 AB 02 66 00 00 00 00 
050      FF 78 76 BF 00 
400      00 77 00 00 00 00 00 00 
008      00 01 01 02 00 01 01 00 
050      FF 78 76 BF 00 
008      0C 0A 00 00 00 00 00 00 
400      00 77 00 00 00 00 00 00 
008      0D 0A 00 00 00 00 00 00 
050      FF 78 76 BF 00 
008      03 AA 00 00 00 00 00 00 
021      00 AB 03 66 00 00 00 00 
400      00 77 00 00 00 00 00 00 
008      0E 0A 00 00 00 00 00 00 
050      FF 78 76 BF 00 
400      00 77 00 00 00 00 00 00 
008      0F 0A 00 00 00 00 00 00 
050      FF 78 76 BF 00 
008      01 AA 00 00 00 00 00 00 
01F      00 AB 01 66 00 00 00 00 
400      00 77 00 00 00 00 00 00 
008      10 0A 00 00 00 00 00 00 
050      FF 78 76 BF 00 
008      08 82 2A 00 00 00 00 00 
400      00 77 00 00 00 00 00 00 
050      FF 78 76 BF 00 
008      02 AA 00 00 00 00 00 00 
020      00 AB 02 66 00 00 00 00 
400      00 77 00 00 00 00 00 00 
008      00 83 00 00 00 00 00 00 
050      FF 78 76 BF 00 
008      00 84 00 00 00 00 00 00 
400      00 77 00 00 00 00 00 00 
008      03 AA 00 00 00 00 00 00 
050      FF 78 76 BF 00 
021      00 AB 03 66 00 00 00 00 
008      00 85 00 00 00 00 00 00 
400      00 77 00 00 00 00 00 00 
050      FF 78 76 BF 00 
008      00 86 00 00 00 02 03 05 
400      00 77 00 00 00 00 00 00 
008      01 AA 00 00 00 00 00 00 
01F      00 AB 01 66 00 00 00 00 
050      FF 78 76 BF 00 
008      00 BC 01 00 00 00 00 00 
400      00 77 00 00 00 00 00 00 
050      FF 78 76 BF 00 
008      02 AA 00 00 00 00 00 00 
020      00 AB 02 66 00 00 00 00 
03081009      00 00 00 00 00 00 00 00 
050      FF 78 76 BF 00 
400      00 77 00 00 00 00 00 00 
008      00 01 01 02 00 01 01 00 
400      00 77 00 00 00 00 00 00 
008      01 0A 00 00 00 00 00 00 
050      FF 78 76 BF 00 
008      03 AA 00 00 00 00 00 00 
021      00 AB 03 66 00 00 00 00 
050      FF 78 76 BF 00 
400      00 77 00 00 00 00 00 00 
008      02 0A 00 00 00 00 00 00 
008      03 0A 06 00 00 00 00 00 
050      FF 78 76 BF 00 
400      00 77 00 00 00 00 00 00 
008      01 AA 00 00 00 00 00 00 
01F      00 AB 01 66 00 00 00 00 
050      FF 78 76 BF 00 
400      00 77 00 00 00 00 00 00 
008      04 0A 04 00 66 01 01 08 
008      05 0A 00 00 00 00 00 00 
050      FF 78 76 BF 00 
400      00 77 00 00 00 00 00 00 
008      02 AA 00 00 00 00 00 00 
020      00 AB 02 66 00 00 00 00 
008      06 0A 00 00 00 00 00 00 
050      FF 78 76 BF 00 
400      00 77 00 00 00 00 00 00 
008      07 0A 06 00 00 00 00 00 
050      FF 78 76 BF 00 
008      00 BC 01 00 00 00 00 00 
400      00 77 00 00 00 00 00 00 
008      08 0A 00 00 00 00 00 00 
050      FF 78 76 BF 00 
008      09 0A 06 00 00 00 00 00 
400      00 77 00 00 00 00 00 00 
050      FF 78 76 BF 00 
008      03 AA 00 00 00 00 00 00 
021      00 AB 03 66 00 00 00 00 
008      0A 0A 00 00 02 12 25 25 
400      00 77 00 00 00 00 00 00 
050      FF 78 76 BF 00 
008      0B 0A 00 00 00 00 00 00 
400      00 77 00 00 00 00 00 00 
008      01 AA 00 00 00 00 00 00 
01F      00 AB 01 66 00 00 00 00 
050      FF 78 76 BF 00 
008      0C 0A 00 00 00 00 00 00 
400      00 77 00 00 00 00 00 00 
050      FF 78 76 BF 00 
008      0D 0A 00 00 00 00 00 00 
008      02 AA 00 00 00 00 00 00 
020      00 AB 02 66 00 00 00 00 
400      00 77 00 00 00 00 00 00 
050      FF 78 76 BF 00 
008      0E 0A 00 00 00 00 00 00 
400      00 77 00 00 00 00 00 00 
050      FF 78 76 BF 00 
008      0F 0A 00 00 00 00 00 00 
008      03 AA 00 00 00 00 00 00 
021      00 AB 03 66 00 00 00 00 
400      00 77 00 00 00 00 00 00 
050      FF 78 76 BF 00 
008      10 0A 00 00 00 00 00 00 
008      08 82 2A 00 00 00 00 00 
050      FF 78 76 BF 00 
400      00 77 00 00 00 00 00 00 
008      01 AA 00 00 00 00 00 00 
01F      00 AB 01 66 00 00 00 00 
400      00 77 00 00 00 00 00 00 
050      FF 78 76 BF 00 
008      00 83 00 00 00 00 00 00 
008      00 84 00 00 00 00 00 00 
050      FF 78 76 BF 00 
400      00 77 00 00 00 00 00 00 
008      02 AA 00 00 00 00 00 00 
020      00 AB 02 66 00 00 00 00 
008      00 85 00 00 00 00 00 00 
050      FF 78 76 BF 00 
400      00 77 00 00 00 00 00 00 
008      00 86 00 00 00 02 03 05 
400      00 77 00 00 00 00 00 00 
050      FF 78 76 BF 00 
008      03 AA 00 00 00 00 00 00 
021      00 AB 03 66 00 00 00 00 
008      00 BC 01 00 00 00 00 00 
050      FF 78 76 BF 00 
400      00 77 00 00 00 00 00 00 
008      01 AA 00 00 00 00 00 00 
01F      00 AB 01 66 00 00 00 00 
050      FF 78 76 BF 00 
03081009      00 00 00 00 00 00 00 00 
400      00 77 00 00 00 00 00 00 
008      00 01 02 02 00 02 01 00 
050      FF 78 76 BF 00 
400      00 77 00 00 00 00 00 00 
008      04 0A 04 00 66 01 02 08 
008      00 01 02 02 00 02 01 00 
050      FF 78 76 BF 00 
400      00 77 00 00 00 00 00 00 
008      01 0A 00 00 00 00 00 00 
050      FF 78 76 BF 00 
008      02 AA 00 00 00 00 00 00 
020      00 AB 02 66 00 00 00 00 
400      00 77 00 00 00 00 00 00 
008      02 0A 00 00 00 00 00 00 
050      FF 78 76 BF 00 
400      00 77 00 00 00 00 00 00 
008      03 0A 06 00 00 00 00 00 
050      FF 78 76 BF 00 
008      03 AA 00 00 00 00 00 00 
021      00 AB 03 66 00 00 00 00 
400      00 77 00 00 00 00 00 00 
008      04 0A 04 00 66 01 02 08 
050      FF 78 76 BF 00 
008      05 0A 00 00 00 00 00 00 
400      00 77 00 00 00 00 00 00 
008      01 AA 00 00 00 00 00 00 
050      FF 78 76 BF 00 
01F      00 AB 01 66 00 00 00 00 
400      00 77 00 00 00 00 00 00 
008      06 0A 00 00 00 00 00 00 
050      FF 78 76 BF 00 
008      07 0A 06 00 00 00 00 00 
400      00 77 00 00 00 00 00 00 
008      00 BC 02 00 00 00 00 00 
050      FF 78 76 BF 00 
008      08 0A 00 00 00 00 00 00 
050      FF 78 76 BF 00 
400      00 77 00 00 00 00 00 00 
008      09 0A 06 00 00 00 00 00 
008      02 AA 00 00 00 00 00 00 
400      00 77 00 00 00 00 00 00 
020      00 AB 02 66 00 00 00 00 
050      FF 78 76 BF 00 
008      0A 0A 00 00 04 12 25 27 
008      0B 0A 00 00 00 00 00 00 
400      00 77 00 00 00 00 00 00 
050      FF 78 76 BF 00 
008      03 AA 00 00 00 00 00 00 
021      00 AB 03 66 00 00 00 00 
050      FF 78 76 BF 00 
008      0C 0A 00 00 00 00 00 00 
400      00 77 00 00 00 00 00 00 
008      0D 0A 00 00 00 00 00 00 
400      00 77 00 00 00 00 00 00 
050      FF 78 76 BF 00 
008      01 AA 00 00 00 00 00 00 
01F      00 AB 01 66 00 00 00 00 
050      FF 78 76 BF 00 
008      0E 0A 00 00 00 00 00 00 
400      00 77 00 00 00 00 00 00 
008      0F 0A 00 00 00 00 00 00 
050      FF 78 76 BF 00 
008      02 AA 00 00 00 00 00 00 
020      00 AB 02 66 00 00 00 00 
400      00 77 00 00 00 00 00 00 
008      10 0A 00 00 00 00 00 00 
050      FF 78 76 BF 00 
400      00 77 00 00 00 00 00 00 
008      08 82 2A 00 00 00 00 00 
050      FF 78 76 BF 00 
008      03 AA 00 00 00 00 00 00 
021      00 AB 03 66 00 00 00 00 
400      00 77 00 00 00 00 00 00 
008      00 83 00 00 00 00 00 00 
050      FF 78 76 BF 00 
008      00 84 00 00 00 00 00 00 
400      00 77 00 00 00 00 00 00 
050      FF 78 76 BF 00 
008      01 AA 00 00 00 00 00 00 
01F      00 AB 01 66 00 00 00 00 
400      00 77 00 00 00 00 00 00 
008      00 85 00 00 00 00 00 00 
050      FF 78 76 BF 00 
008      00 86 00 00 00 02 03 05 
400      00 77 00 00 00 00 00 00 
008      02 AA 00 00 00 00 00 00 
050      FF 78 76 BF 00 
020      00 AB 02 66 00 00 00 00 
008      00 BC 02 00 00 00 00 00 
400      00 77 00 00 00 00 00 00 
050      FF 78 76 BF 00 
008      03 AA 00 00 00 00 00 00 
021      00 AB 03 66 00 00 00 00 
400      00 77 00 00 00 00 00 00 
03081009      00 00 00 00 00 00 00 00 
050      FF 78 76 BF 00 
008      00 01 02 02 00 02 01 00 
400      00 77 00 00 00 00 00 00 
050      FF 78 76 BF 00 
008      01 0A 00 00 00 00 00 00 
008      0A 82 2A 00 00 00 00 00 
400      00 77 00 00 00 00 00 00 
050      FF 78 76 BF 00 
008      00 01 02 02 00 02 51 00 
400      00 77 00 00 00 00 00 00 
008      04 0A 05 00 66 01 02 08 
050      FF 78 76 BF 00 
008      01 AA 00 00 00 00 00 00 
01F      00 AB 01 66 00 00 00 00 
400      00 77 00 00 00 00 00 00 
050      FF 78 76 BF 00 
008      02 0A 00 00 00 00 00 00 
008      03 0A 06 00 00 00 00 00 
050      FF 78 76 BF 00 
400      00 77 00 00 00 00 00 00 
008      02 AA 00 00 00 00 00 00 
020      00 AB 02 66 00 00 00 00 
400      00 77 00 00 00 00 00 00 
008      04 0A 05 00 66 01 02 08 
050      FF 78 76 BF 00 
008      05 0A 00 00 00 00 00 00 
050      FF 78 76 BF 00 
400      00 77 00 00 00 00 00 00 
008      03 AA 00 00 00 00 00 00 
021      00 AB 03 66 00 00 00 00 
008      06 0A 00 00 00 00 00 00 
050      FF 78 76 BF 00 
400      00 77 00 00 00 00 00 00 
008      07 0A 06 00 00 00 00 00 
050      FF 78 76 BF 00 
400      00 77 00 00 00 00 00 00 
008      00 01 02 02 00 02 41 00 
008      00 BC 02 00 00 00 00 00 
050      FF 78 76 BF 00 
400      00 77 00 00 00 00 00 00 
008      08 0A 00 00 00 00 00 00 
008      09 0A 06 00 00 00 00 00 
050      FF 78 76 BF 00 
400      00 77 00 00 00 00 00 00 
008      00 01 02 02 00 02 49 00 
050      FF 78 76 BF 00 
008      01 AA 00 00 00 00 00 00 
400      00 77 00 00 00 00 00 00 
01F      00 AB 01 66 00 00 00 00 
008      0A 0A 00 00 05 12 25 29 
050      FF 78 76 BF 00 
008      0B 0A 00 00 00 00 00 00 
400      00 77 00 00 00 00 00 00 
050      FF 78 76 BF 00 
008      02 AA 00 00 00 00 00 00 
020      00 AB 02 66 00 00 00 00 
008      00 01 02 02 00 02 59 00 
400      00 77 00 00 00 00 00 00 
050      FF 78 76 BF 00 
008      0C 0A 00 00 00 00 00 00 
400      00 77 00 00 00 00 00 00 
008      0D 0A 00 00 00 00 00 00 
050      FF 78 76 BF 00 
008      03 AA 00 00 00 00 00 00 
021      00 AB 03 66 00 00 00 00 
400      00 77 00 00 00 00 00 00 
050      FF 78 76 BF 00 
008      0E 0A 00 00 00 00 00 00 
008      0F 0A 00 00 00 00 00 00 
400      00 77 00 00 00 00 00 00 
050      FF 78 76 BF 00 
008      01 AA 00 00 00 00 00 00 
01F      00 AB 01 66 00 00 00 00 
400      00 77 00 00 00 00 00 00 
050      FF 78 76 BF 00 
008      10 0A 00 00 00 00 00 00 
008      0A 82 2A 00 00 00 00 00 
400      00 77 00 00 00 00 00 00 
050      FF 78 76 BF 00 
008      02 AA 00 00 00 00 00 00 
020      00 AB 02 66 00 00 00 00 
008      00 83 00 00 00 00 00 00 
050      FF 78 76 BF 00 
400      00 77 00 00 00 00 00 00 
008      00 01 02 02 00 02 49 00 
400      00 77 00 00 00 00 00 00 
050      FF 78 76 BF 00 
008      00 84 00 00 00 00 00 00 
008      0A 82 2A 01 00 00 00 00 
050      FF 78 76 BF 00 
400      00 77 00 00 00 00 00 00 
008      00 01 02 02 00 02 4D 00 
050      FF 78 76 BF 00 
008      03 AA 00 00 00 00 00 00 
021      00 AB 03 66 00 00 00 00 
400      00 77 00 00 00 00 00 00 
008      00 85 00 00 00 00 00 00 
400      00 77 00 00 00 00 00 00 
050      FF 78 76 BF 00 
008      00 86 00 00 00 02 03 05 
008      01 AA 00 00 00 00 00 00 
01F      00 AB 01 66 00 00 00 00 
050      FF 78 76 BF 00 
400      00 77 00 00 00 00 00 00 
008      00 BC 02 00 00 00 00 00 
050      FF 78 76 BF 00 
008      00 01 02 02 00 02 5D 00 
400      00 77 00 00 00 00 00 00 
008      02 AA 00 00 00 00 00 00 
020      00 AB 02 66 00 00 00 00 
050      FF 78 76 BF 00 
400      00 77 00 00 00 00 00 00 
008      00 01 02 01 00 02 5D 00 
050      FF 78 76 BF 00 
008      00 01 02 01 00 02 1D 00 
400      00 77 00 00 00 00 00 00 
008      04 0A 04 00 66 00 02 08 
050      FF 78 76 BF 00 
008      00 82 28 01 00 00 00 00 
400      00 77 00 00 00 00 00 00 
03081009      00 00 00 00 00 00 00 00 
050      FF 78 76 BF 00 
400      00 77 00 00 00 00 00 00 
008      00 01 02 01 00 02 1D 00 
050      FF 78 76 BF 00 
008      01 0A 00 00 00 00 00 00 
400      00 77 00 00 00 00 00 00 
008      03 AA 00 00 00 00 00 00 
021      00 AB 03 66 00 00 00 00 
050      FF 78 76 BF 00 
008      02 0A 00 00 00 00 00 00 
400      00 77 00 00 00 00 00 00 
050      FF 78 76 BF 00 
008      03 0A 06 00 00 00 00 00 
400      00 77 00 00 00 00 00 00 
008      00 01 02 01 00 02 0D 00 
050      FF 78 76 BF 00 
008      01 AA 00 00 00 00 00 00 
01F      00 AB 01 66 00 00 00 00 
400      00 77 00 00 00 00 00 00 
008      04 0A 04 00 66 00 02 08 
050      FF 78 76 BF 00 
008      05 0A 00 00 00 00 00 00 
050      FF 78 76 BF 00 
400      00 77 00 00 00 00 00 00 
008      02 AA 00 00 00 00 00 00 
020      00 AB 02 66 00 00 00 00 
400      00 77 00 00 00 00 00 00 
008      00 01 02 01 00 02 0C 00 
050      FF 78 76 BF 00 
008      06 0A 00 00 00 00 00 00 
400      00 77 00 00 00 00 00 00 
008      07 0A 06 00 00 00 00 00 
050      FF 78 76 BF 00 
008      00 01 02 01 00 02 1C 00 
050      FF 78 76 BF 00 
400      00 77 00 00 00 00 00 00 
008      00 BC 02 00 00 00 00 00 
008      08 0A 00 00 00 00 00 00 
400      00 77 00 00 00 00 00 00 
050      FF 78 76 BF 00 
008      09 0A 06 00 00 00 00 00 
050      FF 78 76 BF 00 
008      03 AA 00 00 00 00 00 00 
400      00 77 00 00 00 00 00 00 
021      00 AB 03 66 00 00 00 00 
008      0A 0A 00 00 05 12 25 32 
050      FF 78 76 BF 00 
008      0B 0A 00 00 00 00 00 00 
400      00 77 00 00 00 00 00 00 
008      10 82 28 01 00 00 00 00 
050      FF 78 76 BF 00 
400      00 77 00 00 00 00 00 00 
008      00 01 02 09 00 02 1C 00 
050      FF 78 76 BF 00 
008      03 0A 04 00 00 00 00 00 
400      00 77 00 00 00 00 00 00 
008      04 0A 04 20 66 00 02 08 
050      FF 78 76 BF 00 
008      07 0A 04 00 00 00 00 00 
400      00 77 00 00 00 00 00 00 
050      FF 78 76 BF 00 
008      00 01 02 09 00 02 0C 00 
400      00 77 00 00 00 00 00 00 
008      09 0A 04 00 00 00 00 00 
050      FF 78 76 BF 00 
008      01 AA 00 00 00 00 00 00 
01F      00 AB 01 66 00 00 00 00 
400      00 77 00 00 00 00 00 00 
008      0C 0A 00 00 00 00 00 00 
050      FF 78 76 BF 00 
008      00 86 00 00 00 02 03 04 
400      00 77 00 00 00 00 00 00 
050      FF 78 76 BF 00 
008      0D 0A 00 00 00 00 00 00 
400      00 77 00 00 00 00 00 00 
008      10 82 20 01 00 00 00 00 
050      FF 78 76 BF 00 
050      FF 78 74 BF 00 
008      02 AA 00 00 00 00 00 00 
020      00 AB 02 66 00 00 00 00 
400      00 77 00 00 00 00 00 00 
050      FF 78 74 BF 00 
008      00 86 00 00 00 02 03 00 
008      00 01 02 09 00 02 1C 00 
400      00 77 00 00 00 00 00 00 
050      FF 78 74 BF 00 
008      0E 0A 00 00 00 00 00 00 
400      00 77 00 00 00 00 00 00 
008      0F 0A 00 00 00 00 00 00 
050      FF 78 74 BF 00 
008      03 AA 00 00 00 00 00 00 
021      00 AB 03 66 00 00 00 00 
400      00 77 00 00 00 00 00 00 
050      FF 78 74 BF 00 
008      10 0A 00 00 00 00 00 00 
008      10 82 20 01 00 00 00 00 
050      FF 78 74 BF 00 
400      00 77 00 00 00 00 00 00 
008      01 AA 00 00 00 00 00 00 
01F      00 AB 01 66 00 00 00 00 
400      00 77 00 00 00 00 00 00 
050      FF 78 74 BF 00 
008      00 83 00 00 00 00 00 00 
008      00 84 00 00 00 00 00 00 
050      FF 78 74 BF 00 
400      00 77 00 00 00 00 00 00 
008      02 AA 00 00 00 00 00 00 
020      00 AB 02 66 00 00 00 00 
008      00 85 00 00 00 00 00 00 
050      FF 78 74 BF 00 
400      00 77 00 00 00 00 00 00 
008      00 01 02 09 00 02 0C 00 
050      FF 78 74 BF 00 
400      00 77 00 00 00 00 00 00 
008      00 86 00 00 00 02 03 00 
008      03 AA 00 00 00 00 00 00 
021      00 AB 03 66 00 00 00 00 
050      FF 78 74 BF 00 
400      00 77 00 00 00 00 00 00 
008      01 BC 02 00 00 00 00 00 
050      FF 78 74 BF 00 
008      01 AA 00 00 00 00 00 00 
01F      00 AB 01 66 00 00 00 00 
400      00 77 00 00 00 00 00 00 
03081009      00 00 00 00 00 00 00 00 
050      FF 78 74 BF 00 
400      00 77 00 00 00 00 00 00 
008      00 01 02 09 00 02 0C 00 
008      01 0A 00 00 00 00 00 00 
050      FF 78 74 BF 00 
400      00 77 00 00 00 00 00 00 
008      02 AA 00 00 00 00 00 00 
020      00 AB 02 66 00 00 00 00 
050      FF 78 74 BF 00 
008      00 01 02 09 00 02 1C 00 
400      00 77 00 00 00 00 00 00 
008      02 0A 00 00 00 00 00 00 
050      FF 78 74 BF 00 
008      03 0A 04 00 00 00 00 00 
400      00 77 00 00 00 00 00 00 
008      03 AA 00 00 00 00 00 00 
050      FF 78 74 BF 00 
021      00 AB 03 66 00 00 00 00 
008      04 0A 04 20 66 00 02 08 
400      00 77 00 00 00 00 00 00 
050      FF 78 74 BF 00 
008      05 0A 00 00 00 00 00 00 
008      01 AA 00 00 00 00 00 00 
400      00 77 00 00 00 00 00 00 
01F      00 AB 01 66 00 00 00 00 
050      FF 78 74 BF 00 
008      06 0A 00 00 00 00 00 00 
400      00 77 00 00 00 00 00 00 
050      FF 78 74 BF 00 
008      07 0A 04 00 00 00 00 00 
008      01 BC 02 00 00 00 00 00 
400      00 77 00 00 00 00 00 00 
050      FF 78 74 BF 00 
008      08 0A 00 00 00 00 00 00 
008      09 0A 04 00 00 00 00 00 
050      FF 78 74 BF 00 
400      00 77 00 00 00 00 00 00 
008      00 01 02 09 00 02 0C 00 
400      00 77 00 00 00 00 00 00 
050      FF 78 75 BF 00 
050      FF 78 75 BF 00 
008      00 86 00 00 00 02 03 02 
008      00 01 02 01 00 02 0C 00 
050      FF 78 75 BF 00 
400      00 77 00 00 00 00 00 00 
008      04 0A 04 00 66 00 02 08 
050      FF 78 75 BF 00 
008      00 82 20 01 00 00 00 00 
400      00 77 00 00 00 00 00 00 
008      02 AA 00 00 00 00 00 00 
020      00 AB 02 66 00 00 00 00 
400      00 77 00 00 00 00 00 00 
050      FF 78 75 BF 00 
008      0A 0A 00 00 05 12 25 34 
008      0B 0A 00 00 00 00 00 00 
050      FF 78 75 BF 00 
400      00 77 00 00 00 00 00 00 
008      03 AA 00 00 00 00 00 00 
021      00 AB 03 66 00 00 00 00 
050      FF 78 75 BF 00 
008      00 01 02 01 00 02 1C 00 
400      00 77 00 00 00 00 00 00 
008      0C 0A 00 00 00 00 00 00 
050      FF 78 75 BF 00 
400      00 77 00 00 00 00 00 00 
008      0D 0A 00 00 00 00 00 00 
050      FF 78 75 BF 00 
008      01 AA 00 00 00 00 00 00 
01F      00 AB 01 66 00 00 00 00 
400      00 77 00 00 00 00 00 00 
008      0E 0A 00 00 00 00 00 00 
050      FF 78 75 BF 00 
008      0F 0A 00 00 00 00 00 00 
400      00 77 00 00 00 00 00 00 
008      02 AA 00 00 00 00 00 00 
050      FF 78 75 BF 00 
020      00 AB 02 66 00 00 00 00 
400      00 77 00 00 00 00 00 00 
008      10 0A 00 00 00 00 00 00 
050      FF 78 75 BF 00 
008      00 82 20 01 00 00 00 00 
400      00 77 00 00 00 00 00 00 
008      03 AA 00 00 00 00 00 00 
021      00 AB 03 66 00 00 00 00 
050      FF 78 75 BF 00 
008      00 83 00 00 00 00 00 00 
400      00 77 00 00 00 00 00 00 
050      FF 78 75 BF 00 
008      00 01 02 01 00 02 0C 00 
400      00 77 00 00 00 00 00 00 
008      00 84 00 00 00 00 00 00 
050      FF 78 75 BF 00 
008      01 AA 00 00 00 00 00 00 
01F      00 AB 01 66 00 00 00 00 
400      00 77 00 00 00 00 00 00 
008      00 85 00 00 00 00 00 00 
050      FF 78 75 BF 00 
008      00 86 00 00 00 02 03 02 
050      FF 78 75 BF 00 
400      00 77 00 00 00 00 00 00 
008      02 AA 00 00 00 00 00 00 
020      00 AB 02 66 00 00 00 00 
400      00 77 00 00 00 00 00 00 
008      01 BC 02 00 00 00 00 00 
050      FF 78 75 BF 00 
008      03 AA 00 00 00 00 00 00 
021      00 AB 03 66 00 00 00 00 
400      00 77 00 00 00 00 00 00 
050      FF 78 75 BF 00 
03081009      00 00 00 00 00 00 00 00 
008      00 01 02 01 00 02 1C 00 
050      FF 78 75 BF 00 
400      00 77 00 00 00 00 00 00 
008      00 01 02 01 00 02 1C 00 
008      01 0A 00 00 00 00 00 00 
400      00 77 00 00 00 00 00 00 
050      FF 78 75 BF 00 
008      01 AA 00 00 00 00 00 00 
01F      00 AB 01 66 00 00 00 00 
050      FF 78 75 BF 00 
008      02 0A 00 00 00 00 00 00 
400      00 77 00 00 00 00 00 00 
008      03 0A 04 00 00 00 00 00 
050      FF 78 75 BF 00 
008      02 AA 00 00 00 00 00 00 
400      00 77 00 00 00 00 00 00 
020      00 AB 02 66 00 00 00 00 
050      FF 78 75 BF 00 
008      04 0A 04 00 66 00 02 08 
400      00 77 00 00 00 00 00 00 
008      05 0A 00 00 00 00 00 00 
050      FF 78 75 BF 00 
008      03 AA 00 00 00 00 00 00 
021      00 AB 03 66 00 00 00 00 
400      00 77 00 00 00 00 00 00 
008      06 0A 00 00 00 00 00 00 
050      FF 78 75 BF 00 
008      07 0A 04 00 00 00 00 00 
400      00 77 00 00 00 00 00 00 
050      FF 78 75 BF 00 
008      00 01 02 01 00 02 0C 00 
400      00 77 00 00 00 00 00 00 
008      01 BC 02 00 00 00 00 00 
050      FF 78 75 BF 00 
008      08 0A 00 00 00 00 00 00 
400      00 77 00 00 00 00 00 00 
008      09 0A 04 00 00 00 00 00 
050      FF 78 75 BF 00 
008      01 AA 00 00 00 00 00 00 
01F      00 AB 01 66 00 00 00 00 
400      00 77 00 00 00 00 00 00 
050      FF 78 75 BF 00 
008      0A 0A 00 00 05 12 25 36 
400      00 77 00 00 00 00 00 00 
008      0B 0A 00 00 00 00 00 00 
050      FF 78 75 BF 00 
008      02 AA 00 00 00 00 00 00 
020      00 AB 02 66 00 00 00 00 
400      00 77 00 00 00 00 00 00 
050      FF 78 75 BF 00 
008      00 01 02 01 00 02 1C 00 
008      0C 0A 00 00 00 00 00 00 
400      00 77 00 00 00 00 00 00 
050      FF 78 75 BF 00 
008      0D 0A 00 00 00 00 00 00 
400      00 77 00 00 00 00 00 00 
008      03 AA 00 00 00 00 00 00 
050      FF 78 75 BF 00 
021      00 AB 03 66 00 00 00 00 
008      0E 0A 00 00 00 00 00 00 
400      00 77 00 00 00 00 00 00 
050      FF 78 75 BF 00 
008      0F 0A 00 00 00 00 00 00 
008      01 AA 00 00 00 00 00 00 
01F      00 AB 01 66 00 00 00 00 
050      FF 78 75 BF 00 
400      00 77 00 00 00 00 00 00 
008      10 0A 00 00 00 00 00 00 
400      00 77 00 00 00 00 00 00 
050      FF 78 75 BF 00 
008      00 82 20 01 00 00 00 00 
008      02 AA 00 00 00 00 00 00 
020      00 AB 02 66 00 00 00 00 
050      FF 78 75 BF 00 
400      00 77 00 00 00 00 00 00 
008      00 83 00 00 00 00 00 00 
008      00 84 00 00 00 00 00 00 
050      FF 78 75 BF 00 
400      00 77 00 00 00 00 00 00 
008      00 01 02 01 00 02 0C 00 
050      FF 78 75 BF 00 
400      00 77 00 00 00 00 00 00 
008      03 AA 00 00 00 00 00 00 
021      00 AB 03 66 00 00 00 00 
008      00 85 00 00 00 00 00 00 
050      FF 78 75 BF 00 
400      00 77 00 00 00 00 00 00 
008      00 86 00 00 00 02 03 02 
050      FF 78 75 BF 00 
008      01 AA 00 00 00 00 00 00 
01F      00 AB 01 66 00 00 00 00 
400      00 77 00 00 00 00 00 00 
008      01 BC 02 00 00 00 00 00 
050      FF 78 75 BF 00 
400      00 77 00 00 00 00 00 00 
008      02 AA 00 00 00 00 00 00 
020      00 AB 02 66 00 00 00 00 
03081009      00 00 00 00 00 00 00 00 
050      FF 78 75 BF 00 
400      00 77 00 00 00 00 00 00 
008      00 01 02 01 00 02 0C 00 
050      FF 78 75 BF 00 
008      00 01 02 01 00 02 1C 00 
400      00 77 00 00 00 00 00 00 
008      01 0A 00 00 00 00 00 00 
050      FF 78 75 BF 00 
400      00 77 00 00 00 00 00 00 
008      03 AA 00 00 00 00 00 00 
021      00 AB 03 66 00 00 00 00 
050      FF 78 75 BF 00 
008      02 0A 00 00 00 00 00 00 
400      00 77 00 00 00 00 00 00 
008      03 0A 04 00 00 00 00 00 
050      FF 78 75 BF 00 
008      01 AA 00 00 00 00 00 00 
01F      00 AB 01 66 00 00 00 00 
400      00 77 00 00 00 00 00 00 
008      04 0A 04 00 66 00 02 08 
050      FF 78 75 BF 00 
008      05 0A 00 00 00 00 00 00 
400      00 77 00 00 00 00 00 00 
050      FF 78 75 BF 00 
008      02 AA 00 00 00 00 00 00 
020      00 AB 02 66 00 00 00 00 
008      06 0A 00 00 00 00 00 00 
400      00 77 00 00 00 00 00 00 
050      FF 78 75 BF 00 
008      07 0A 04 00 00 00 00 00 
050      FF 78 75 BF 00 
008      00 01 02 01 00 02 0C 00 
400      00 77 00 00 00 00 00 00 
008      01 BC 02 00 00 00 00 00 
400      00 77 00 00 00 00 00 00 
050      FF 78 75 BF 00 
008      08 0A 00 00 00 00 00 00 
008      09 0A 04 00 00 00 00 00 
050      FF 78 75 BF 00 
400      00 77 00 00 00 00 00 00 
008      03 AA 00 00 00 00 00 00 
021      00 AB 03 66 00 00 00 00 
050      FF 78 75 BF 00 
008      0A 0A 00 00 05 12 25 38 
400      00 77 00 00 00 00 00 00 
008      0B 0A 00 00 00 00 00 00 
400      00 77 00 00 00 00 00 00 
050      FF 78 75 BF 00 
008      01 AA 00 00 00 00 00 00 
01F      00 AB 01 66 00 00 00 00 
050      FF 78 75 BF 00 
008      0C 0A 00 00 00 00 00 00 
400      00 77 00 00 00 00 00 00 
008      00 01 02 01 00 02 1C 00 
050      FF 78 75 BF 00 
008      0D 0A 00 00 00 00 00 00 
400      00 77 00 00 00 00 00 00 
008      02 AA 00 00 00 00 00 00 
020      00 AB 02 66 00 00 00 00 
050      FF 78 75 BF 00 
400      00 77 00 00 00 00 00 00 
008      0E 0A 00 00 00 00 00 00 
050      FF 78 75 BF 00 
008      0F 0A 00 00 00 00 00 00 
400      00 77 00 00 00 00 00 00 
008      03 AA 00 00 00 00 00 00 
021      00 AB 03 66 00 00 00 00 
050      FF 78 75 BF 00 
008      10 0A 00 00 00 00 00 00 
400      00 77 00 00 00 00 00 00 
008      00 82 20 01 00 00 00 00 
050      FF 78 75 BF 00 
400      00 77 00 00 00 00 00 00 
008      01 AA 00 00 00 00 00 00 
01F      00 AB 01 66 00 00 00 00 
050      FF 78 75 BF 00 
008      00 83 00 00 00 00 00 00 
400      00 77 00 00 00 00 00 00 
008      00 84 00 00 00 00 00 00 
050      FF 78 75 BF 00 
008      02 AA 00 00 00 00 00 00 
020      00 AB 02 66 00 00 00 00 
400      00 77 00 00 00 00 00 00 
050      FF 78 75 BF 00 
008      00 01 02 11 00 02 0C 00 
400      00 77 00 00 00 00 00 00 
008      04 0A 04 40 66 00 02 08 
050      FF 78 75 BF 00 
008      08 82 20 01 00 00 00 00 
400      00 77 00 00 00 00 00 00 
008      00 85 00 00 00 00 00 00 
050      FF 78 75 BF 00 
008      00 86 00 00 00 02 03 02 
050      FF 78 75 BF 00 
400      00 77 00 00 00 00 00 00 
008      03 AA 00 00 00 00 00 00 
021      00 AB 03 66 00 00 00 00 
400      00 77 00 00 00 00 00 00 
008      01 BC 02 00 00 00 00 00 
050      FF 78 75 BF 00 
008      01 AA 00 00 00 00 00 00 
01F      00 AB 01 66 00 00 00 00 
400      00 77 00 00 00 00 00 00 
050      FF 78 75 BF 00 
03081009      00 00 00 00 00 00 00 00 
008      00 01 02 11 00 02 1C 00 
050      FF 78 75 BF 00 
400      00 77 00 00 00 00 00 00 
008      00 01 02 11 00 02 1C 00 
400      00 77 00 00 00 00 00 00 
008      01 0A 00 00 00 00 00 00 
050      FF 78 75 BF 00 
008      02 AA 00 00 00 00 00 00 
020      00 AB 02 66 00 00 00 00 
050      FF 78 75 BF 00 
400      00 77 00 00 00 00 00 00 
008      02 0A 00 00 00 00 00 00 
008      03 0A 04 00 00 00 00 00 
050      FF 78 74 BF 00 
050      FF 78 74 BF 00 
400      00 77 00 00 00 00 00 00 
008      00 86 00 00 00 02 03 00 
050      FF 78 74 BF 00 
008      03 AA 00 00 00 00 00 00 
400      00 77 00 00 00 00 00 00 
021      00 AB 03 66 00 00 00 00 
008      04 0A 04 40 66 00 02 08 
050      FF 78 74 BF 00 
008      05 0A 00 00 00 00 00 00 
400      00 77 00 00 00 00 00 00 
008      01 AA 00 00 00 00 00 00 
01F      00 AB 01 66 00 00 00 00 
050      FF 78 74 BF 00 
008      00 01 02 11 00 02 0C 00 
400      00 77 00 00 00 00 00 00 
050      FF 78 74 BF 00 
008      06 0A 00 00 00 00 00 00 
400      00 77 00 00 00 00 00 00 
008      07 0A 04 00 00 00 00 00 
050      FF 78 74 BF 00 
008      01 BC 02 00 00 00 00 00 
400      00 77 00 00 00 00 00 00 
050      FF 78 74 BF 00 
008      08 0A 00 00 00 00 00 00 
008      09 0A 04 00 00 00 00 00 
400      00 77 00 00 00 00 00 00 
050      FF 78 74 BF 00 
008      02 AA 00 00 00 00 00 00 
020      00 AB 02 66 00 00 00 00 
400      00 77 00 00 00 00 00 00 
008      0A 0A 00 00 05 12 25 40 
050      FF 78 74 BF 00 
008      0B 0A 00 00 00 00 00 00 
400      00 77 00 00 00 00 00 00 
050      FF 78 74 BF 00 
008      00 01 02 11 00 02 1C 00 
008      03 AA 00 00 00 00 00 00 
021      00 AB 03 66 00 00 00 00 
400      00 77 00 00 00 00 00 00 
050      FF 78 74 BF 00 
008      0C 0A 00 00 00 00 00 00 
400      00 77 00 00 00 00 00 00 
050      FF 78 74 BF 00 
008      0D 0A 00 00 00 00 00 00 
008      01 AA 00 00 00 00 00 00 
01F      00 AB 01 66 00 00 00 00 
400      00 77 00 00 00 00 00 00 
050      FF 78 74 BF 00 
008      0E 0A 00 00 00 00 00 00 
008      0F 0A 00 00 00 00 00 00 
050      FF 78 74 BF 00 
400      00 77 00 00 00 00 00 00 
008      02 AA 00 00 00 00 00 00 
020      00 AB 02 66 00 00 00 00 
400      00 77 00 00 00 00 00 00 
050      FF 78 74 BF 00 
008      10 0A 00 00 00 00 00 00 
008      08 82 20 01 00 00 00 00 
050      FF 78 74 BF 00 
400      00 77 00 00 00 00 00 00 
008      03 AA 00 00 00 00 00 00 
021      00 AB 03 66 00 00 00 00 
008      00 83 00 00 00 00 00 00 
050      FF 78 74 BF 00 
400      00 77 00 00 00 00 00 00 
008      00 01 02 11 00 02 0C 00 
050      FF 78 74 BF 00 
400      00 77 00 00 00 00 00 00 
008      00 84 00 00 00 00 00 00 
008      01 AA 00 00 00 00 00 00 
01F      00 AB 01 66 00 00 00 00 
050      FF 78 74 BF 00 
400      00 77 00 00 00 00 00 00 
008      00 85 00 00 00 00 00 00 
050      FF 78 74 BF 00 
008      00 86 00 00 00 02 03 00 
400      00 77 00 00 00 00 00 00 
008      02 AA 00 00 00 00 00 00 
020      00 AB 02 66 00 00 00 00 
050      FF 78 74 BF 00 
400      00 77 00 00 00 00 00 00 
008      01 BC 02 00 00 00 00 00 
008      03 AA 00 00 00 00 00 00 
050      FF 78 74 BF 00 
021      00 AB 03 66 00 00 00 00 
400      00 77 00 00 00 00 00 00 
008      00 01 02 11 00 02 1C 00 
050      FF 78 74 BF 00 
03081009      00 00 00 00 00 00 00 00 
400      00 77 00 00 00 00 00 00 
008      00 01 02 11 00 02 1C 00 
050      FF 78 74 BF 00 
400      00 77 00 00 00 00 00 00 
008      01 0A 00 00 00 00 00 00 
050      FF 78 74 BF 00 
008      01 AA 00 00 00 00 00 00 
01F      00 AB 01 66 00 00 00 00 
400      00 77 00 00 00 00 00 00 
008      02 0A 00 00 00 00 00 00 
050      FF 78 74 BF 00 
008      03 0A 04 00 00 00 00 00 
400      00 77 00 00 00 00 00 00 
008      02 AA 00 00 00 00 00 00 
050      FF 78 74 BF 00 
020      00 AB 02 66 00 00 00 00 
008      04 0A 04 40 66 00 02 08 
400      00 77 00 00 00 00 00 00 
050      FF 78 74 BF 00 
008      05 0A 00 00 00 00 00 00 
008      03 AA 00 00 00 00 00 00 
400      00 77 00 00 00 00 00 00 
021      00 AB 03 66 00 00 00 00 
050      FF 78 74 BF 00 
008      06 0A 00 00 00 00 00 00 
050      FF 78 74 BF 00 
008      00 01 02 11 00 02 0C 00 
400      00 77 00 00 00 00 00 00 
008      07 0A 04 00 00 00 00 00 
400      00 77 00 00 00 00 00 00 
050      FF 78 74 BF 00 
008      01 BC 02 00 00 00 00 00 
008      08 0A 00 00 00 00 00 00 
050      FF 78 74 BF 00 
400      00 77 00 00 00 00 00 00 
008      09 0A 04 00 00 00 00 00 
050      FF 78 74 BF 00 
008      01 AA 00 00 00 00 00 00 
01F      00 AB 01 66 00 00 00 00 
400      00 77 00 00 00 00 00 00 
008      0A 0A 00 00 05 12 25 42 
400      00 77 00 00 00 00 00 00 
050      FF 78 74 BF 00 
008      0B 0A 00 00 00 00 00 00 
050      FF 78 74 BF 00 
008      02 AA 00 00 00 00 00 00 
020      00 AB 02 66 00 00 00 00 
400      00 77 00 00 00 00 00 00 
008      00 01 02 11 00 02 1C 00 
050      FF 78 74 BF 00 
008      0C 0A 00 00 00 00 00 00 
400      00 77 00 00 00 00 00 00 
008      0D 0A 00 00 00 00 00 00 
050      FF 78 74 BF 00 
400      00 77 00 00 00 00 00 00 
008      03 AA 00 00 00 00 00 00 
021      00 AB 03 66 00 00 00 00 
050      FF 78 74 BF 00 
008      0E 0A 00 00 00 00 00 00 
400      00 77 00 00 00 00 00 00 
008      0F 0A 00 00 00 00 00 00 
050      FF 78 74 BF 00 
008      01 AA 00 00 00 00 00 00 
01F      00 AB 01 66 00 00 00 00 
400      00 77 00 00 00 00 00 00 
050      FF 78 74 BF 00 
008      10 0A 00 00 00 00 00 00 
400      00 77 00 00 00 00 00 00 
050      FF 78 76 BF 00 
008      08 82 20 01 00 00 00 00 
050      FF 78 76 BF 00 
008      04 0A 04 00 66 00 02 08 
400      00 77 00 00 00 00 00 00 
008      00 82 20 01 00 00 00 00 
050      FF 78 76 BF 00 
008      00 86 00 00 00 02 03 04 
400      00 77 00 00 00 00 00 00 
050      FF 78 76 BF 00 
008      00 01 02 01 00 02 0C 00 
400      00 77 00 00 00 00 00 00 
008      00 82 28 01 00 00 00 00 
050      FF 78 76 BF 00 
008      00 86 00 00 00 02 03 05 
400      00 77 00 00 00 00 00 00 
050      FF 78 76 BF 00 
008      08 82 2A 01 00 00 00 00 
008      04 0A 04 00 66 01 02 08 
050      FF 78 76 BF 00 
400      00 77 00 00 00 00 00 00 
008      02 AA 00 00 00 00 00 00 
020      00 AB 02 66 00 00 00 00 
400      00 77 00 00 00 00 00 00 
008      00 83 00 00 00 00 00 00 
050      FF 78 76 BF 00 
008      00 01 02 02 00 02 0D 00 
400      00 77 00 00 00 00 00 00 
050      FF 78 76 BF 00 
008      00 84 00 00 00 00 00 00 
008      03 AA 00 00 00 00 00 00 
021      00 AB 03 66 00 00 00 00 
050      FF 78 76 BF 00 
400      00 77 00 00 00 00 00 00 
008      00 85 00 00 00 00 00 00 
400      00 77 00 00 00 00 00 00 
008      00 86 00 00 00 02 03 05 
050      FF 78 76 BF 00 
008      01 AA 00 00 00 00 00 00 
01F      00 AB 01 66 00 00 00 00 
050      FF 78 76 BF 00 
400      00 77 00 00 00 00 00 00 
008      00 BC 02 00 00 00 00 00 
008      02 AA 00 00 00 00 00 00 
020      00 AB 02 66 00 00 00 00 
050      FF 78 76 BF 00 
400      00 77 00 00 00 00 00 00 
03081009      00 00 00 00 00 00 00 00 
050      FF 78 76 BF 00 
400      00 77 00 00 00 00 00 00 
008      00 01 02 02 00 02 0D 00 
008      01 0A 00 00 00 00 00 00 
050      FF 78 76 BF 00 
400      00 77 00 00 00 00 00 00 
008      03 AA 00 00 00 00 00 00 
021      00 AB 03 66 00 00 00 00 
008      02 0A 00 00 00 00 00 00 
050      FF 78 76 BF 00 
400      00 77 00 00 00 00 00 00 
008      03 0A 04 00 00 00 00 00 
050      FF 78 76 BF 00 
008      01 AA 00 00 00 00 00 00 
400      00 77 00 00 00 00 00 00 
01F      00 AB 01 66 00 00 00 00 
008      04 0A 04 00 66 01 02 08 
050      FF 78 76 BF 00 
008      05 0A 00 00 00 00 00 00 
400      00 77 00 00 00 00 00 00 
050      FF 78 76 BF 00 
008      00 86 00 00 00 03 03 05 
008      02 AA 00 00 00 00 00 00 
400      00 77 00 00 00 00 00 00 
020      00 AB 02 66 00 00 00 00 
050      FF 78 76 BF 00 
008      06 0A 00 00 00 00 00 00 
400      00 77 00 00 00 00 00 00 
008      07 0A 04 00 00 00 00 00 
050      FF 78 76 BF 00 
008      00 BC 02 00 00 00 00 00 
400      00 77 00 00 00 00 00 00 
050      FF 78 76 BF 00 
008      08 0A 00 00 00 00 00 00 
008      09 0A 04 00 00 00 00 00 
400      00 77 00 00 00 00 00 00 
050      FF 78 76 BF 00 
008      03 AA 00 00 00 00 00 00 
021      00 AB 03 66 00 00 00 00 
400      00 77 00 00 00 00 00 00 
050      FF 78 76 BF 00 
008      0A 0A 00 00 05 12 25 45 
008      0B 0A 00 00 00 00 00 00 
400      00 77 00 00 00 00 00 00 
050      FF 78 76 BF 00 
008      01 AA 00 00 00 00 00 00 
01F      00 AB 01 66 00 00 00 00 
008      0C 0A 00 00 00 00 00 00 
050      FF 78 76 BF 00 
400      00 77 00 00 00 00 00 00 
008      0D 0A 00 00 00 00 00 00 
400      00 77 00 00 00 00 00 00 
050      FF 78 76 BF 00 
008      02 AA 00 00 00 00 00 00 
020      00 AB 02 66 00 00 00 00 
008      0E 0A 00 00 00 00 00 00 
050      FF 78 76 BF 00 
400      00 77 00 00 00 00 00 00 
008      0F 0A 00 00 00 00 00 00 
050      FF 78 76 BF 00 
008      03 AA 00 00 00 00 00 00 
021      00 AB 03 66 00 00 00 00 
400      00 77 00 00 00 00 00 00 
008      10 0A 00 00 00 00 00 00 
050      FF 78 76 BF 00 
400      00 77 00 00 00 00 00 00 
008      08 82 2A 01 00 00 00 00 
008      01 AA 00 00 00 00 00 00 
01F      00 AB 01 66 00 00 00 00 
050      FF 78 76 BF 00 
400      00 77 00 00 00 00 00 00 
008      00 83 00 00 00 00 00 00 
050      FF 78 76 BF 00 
008      00 84 00 00 00 00 00 00 
400      00 77 00 00 00 00 00 00 
008      02 AA 00 00 00 00 00 00 
020      00 AB 02 66 00 00 00 00 
050      FF 78 76 BF 00 
400      00 77 00 00 00 00 00 00 
008      00 85 00 00 00 00 00 00 
008      00 01 02 02 00 02 05 00 
050      FF 78 76 BF 00 
400      00 77 00 00 00 00 00 00 
008      00 86 00 00 00 03 03 05 
050      FF 78 76 BF 00 
008      03 AA 00 00 00 00 00 00 
021      00 AB 03 66 00 00 00 00 
400      00 77 00 00 00 00 00 00 
008      00 BC 02 00 00 00 00 00 
050      FF 78 76 BF 00 
400      00 77 00 00 00 00 00 00 
008      01 AA 00 00 00 00 00 00 
01F      00 AB 01 66 00 00 00 00 
050      FF 78 76 BF 00 
008      08 82 2A 00 00 00 00 00 
400      00 77 00 00 00 00 00 00 
03081009      00 00 00 00 00 00 00 00 
050      FF 78 76 BF 00 
008      00 01 02 02 00 02 05 00 
400      00 77 00 00 00 00 00 00 
050      FF 78 76 BF 00 
008      01 0A 00 00 00 00 00 00 
400      00 77 00 00 00 00 00 00 
008      02 AA 00 00 00 00 00 00 
020      00 AB 02 66 00 00 00 00 
050      FF 78 76 BF 00 
008      02 0A 00 00 00 00 00 00 
400      00 77 00 00 00 00 00 00 
008      03 0A 04 00 00 00 00 00 
050      FF 78 76 BF 00 
008      03 AA 00 00 00 00 00 00 
021      00 AB 03 66 00 00 00 00 
050      FF 78 76 BF 00 
400      00 77 00 00 00 00 00 00 
008      04 0A 04 00 66 01 02 08 
008      05 0A 00 00 00 00 00 00 
400      00 77 00 00 00 00 00 00 
050      FF 78 76 BF 00 
008      01 AA 00 00 00 00 00 00 
01F      00 AB 01 66 00 00 00 00 
008      00 01 02 02 00 02 01 00 
050      FF 78 76 BF 00 
400      00 77 00 00 00 00 00 00 
008      06 0A 00 00 00 00 00 00 
050      FF 78 76 BF 00 
008      07 0A 04 00 00 00 00 00 
400      00 77 00 00 00 00 00 00 
008      00 BC 02 00 00 00 00 00 
400      00 77 00 00 00 00 00 00 
050      FF 78 76 BF 00 
008      08 0A 00 00 00 00 00 00 
050      FF 78 76 BF 00 
008      09 0A 04 00 00 00 00 00 
400      00 77 00 00 00 00 00 00 
008      02 AA 00 00 00 00 00 00 
020      00 AB 02 66 00 00 00 00 
050      FF 78 76 BF 00 
008      0A 0A 00 00 06 12 25 47 
400      00 77 00 00 00 00 00 00 
008      0B 0A 00 00 00 00 00 00 
050      FF 78 76 BF 00 
400      00 77 00 00 00 00 00 00 
008      03 AA 00 00 00 00 00 00 
021      00 AB 03 66 00 00 00 00 
050      FF 78 76 BF 00 
008      0C 0A 00 00 00 00 00 00 
400      00 77 00 00 00 00 00 00 
008      0D 0A 00 00 00 00 00 00 
050      FF 78 76 BF 00 
008      01 AA 00 00 00 00 00 00 
01F      00 AB 01 66 00 00 00 00 
400      00 77 00 00 00 00 00 00 
050      FF 78 76 BF 00 
008      0E 0A 00 00 00 00 00 00 
400      00 77 00 00 00 00 00 00 
008      0F 0A 00 00 00 00 00 00 
050      FF 78 76 BF 00 
008      02 AA 00 00 00 00 00 00 
020      00 AB 02 66 00 00 00 00 
400      00 77 00 00 00 00 00 00 
008      10 0A 00 00 00 00 00 00 
050      FF 78 76 BF 00 
008      08 82 2A 00 00 00 00 00 
400      00 77 00 00 00 00 00 00 
050      FF 78 76 BF 00 
008      03 AA 00 00 00 00 00 00 
021      00 AB 03 66 00 00 00 00 
400      00 77 00 00 00 00 00 00 
008      00 83 00 00 00 00 00 00 
050      FF 78 76 BF 00 
008      00 84 00 00 00 00 00 00 
400      00 77 00 00 00 00 00 00 
050      FF 78 76 BF 00 
008      01 AA 00 00 00 00 00 00 
01F      00 AB 01 66 00 00 00 00 
008      00 85 00 00 00 00 00 00 
400      00 77 00 00 00 00 00 00 
050      FF 78 76 BF 00 
008      00 86 00 00 00 03 03 05 
400      00 77 00 00 00 00 00 00 
008      02 AA 00 00 00 00 00 00 
050      FF 78 76 BF 00 
020      00 AB 02 66 00 00 00 00 
008      00 BC 02 00 00 00 00 00 
400      00 77 00 00 00 00 00 00 
050      FF 78 76 BF 00 
008      03 AA 00 00 00 00 00 00 
021      00 AB 03 66 00 00 00 00 
03081009      00 00 00 00 00 00 00 00 
050      FF 78 76 BF 00 
400      00 77 00 00 00 00 00 00 
008      00 01 02 02 00 02 01 00 
400      00 77 00 00 00 00 00 00 
050      FF 78 76 BF 00 
008      01 0A 00 00 00 00 00 00 
008      01 AA 00 00 00 00 00 00 
01F      00 AB 01 66 00 00 00 00 
050      FF 78 76 BF 00 
400      00 77 00 00 00 00 00 00 
008      02 0A 00 00 00 00 00 00 
008      03 0A 04 00 00 00 00 00 
050      FF 78 76 BF 00 
400      00 77 00 00 00 00 00 00 
008      02 AA 00 00 00 00 00 00 
020      00 AB 02 66 00 00 00 00 
050      FF 78 76 BF 00 
400      00 77 00 00 00 00 00 00 
008      04 0A 04 00 66 01 02 08 
008      05 0A 00 00 00 00 00 00 
050      FF 78 76 BF 00 
400      00 77 00 00 00 00 00 00 
008      03 AA 00 00 00 00 00 00 
021      00 AB 03 66 00 00 00 00 
050      FF 78 76 BF 00 
008      06 0A 00 00 00 00 00 00 
400      00 77 00 00 00 00 00 00 
008      07 0A 04 00 00 00 00 00 
050      FF 78 76 BF 00 
400      00 77 00 00 00 00 00 00 
008      00 01 03 02 00 03 01 00 
008      04 0A 04 00 66 01 03 08 
050      FF 78 76 BF 00 
400      00 77 00 00 00 00 00 00 
008      00 BC 03 00 00 00 00 00 
050      FF 78 76 BF 00 
008      08 0A 00 00 00 00 00 00 
008      09 0A 04 00 00 00 00 00 
400      00 77 00 00 00 00 00 00 
050      FF 78 76 BF 00 
008      01 AA 00 00 00 00 00 00 
01F      00 AB 01 66 00 00 00 00 
400      00 77 00 00 00 00 00 00 
008      0A 0A 00 00 08 12 25 48 
050      FF 78 76 BF 00 
008      0B 0A 00 00 00 00 00 00 
400      00 77 00 00 00 00 00 00 
050      FF 78 76 BF 00 
008      02 AA 00 00 00 00 00 00 
020      00 AB 02 66 00 00 00 00 
008      0C 0A 00 00 00 00 00 00 
400      00 77 00 00 00 00 00 00 
050      FF 78 76 BF 00 
008      0D 0A 00 00 00 00 00 00 
400      00 77 00 00 00 00 00 00 
050      FF 78 76 BF 00 
008      03 AA 00 00 00 00 00 00 
021      00 AB 03 66 00 00 00 00 
008      0E 0A 00 00 00 00 00 00 
400      00 77 00 00 00 00 00 00 
050      FF 78 76 BF 00 
008      0F 0A 00 00 00 00 00 00 
008      01 AA 00 00 00 00 00 00 
050      FF 78 76 BF 00 
01F      00 AB 01 66 00 00 00 00 
400      00 77 00 00 00 00 00 00 
008      10 0A 00 00 00 00 00 00 
400      00 77 00 00 00 00 00 00 
050      FF 78 76 BF 00 
008      08 82 2A 00 00 00 00 00 
008      02 AA 00 00 00 00 00 00 
020      00 AB 02 66 00 00 00 00 
050      FF 78 76 BF 00 
400      00 77 00 00 00 00 00 00 
008      00 83 00 00 00 00 00 00 
050      FF 78 76 BF 00 
008      00 84 00 00 00 00 00 00 
400      00 77 00 00 00 00 00 00 
008      03 AA 00 00 00 00 00 00 
021      00 AB 03 66 00 00 00 00 
050      FF 78 76 BF 00 
400      00 77 00 00 00 00 00 00 
008      00 85 00 00 00 00 00 00 
008      00 86 00 00 00 03 03 05 
050      FF 78 76 BF 00 
400      00 77 00 00 00 00 00 00 
008      01 AA 00 00 00 00 00 00 
01F      00 AB 01 66 00 00 00 00 
050      FF 78 76 BF 00 
008      00 01 03 02 00 03 A1 00 
400      00 77 00 00 00 00 00 00 
008      04 0A 06 00 66 01 03 08 
050      FF 78 76 BF 00 
400      00 77 00 00 00 00 00 00 
008      09 82 2A 00 00 00 00 00 
050      FF 78 76 BF 00 
008      00 BC 03 00 00 00 00 00 
400      00 77 00 00 00 00 00 00 
008      02 AA 00 00 00 00 00 00 
020      00 AB 02 66 00 00 00 00 
050      FF 78 76 BF 00 
03081009      00 00 00 00 00 00 00 00 
400      00 77 00 00 00 00 00 00 
008      00 01 03 02 00 03 A1 00 
050      FF 78 76 BF 00 
400      00 77 00 00 00 00 00 00 
008      01 0A 00 00 00 00 00 00 
050      FF 78 76 BF 00 
008      03 AA 00 00 00 00 00 00 
021      00 AB 03 66 00 00 00 00 
400      00 77 00 00 00 00 00 00 
008      02 0A 00 00 00 00 00 00 
050      FF 78 76 BF 00 
008      03 0A 04 00 00 00 00 00 
400      00 77 00 00 00 00 00 00 
050      FF 78 76 BF 00 
008      01 AA 00 00 00 00 00 00 
01F      00 AB 01 66 00 00 00 00 
400      00 77 00 00 00 00 00 00 
008      00 01 03 02 00 03 81 00 
050      FF 78 76 BF 00 
008      04 0A 06 00 66 01 03 08 
400      00 77 00 00 00 00 00 00 
008      05 0A 00 00 00 00 00 00 
050      FF 78 76 BF 00 
008      02 AA 00 00 00 00 00 00 
020      00 AB 02 66 00 00 00 00 
050      FF 78 76 BF 00 
400      00 77 00 00 00 00 00 00 
008      00 01 03 02 00 03 89 00 
400      00 77 00 00 00 00 00 00 
008      06 0A 00 00 00 00 00 00 
050      FF 78 76 BF 00 
008      07 0A 04 00 00 00 00 00 
400      00 77 00 00 00 00 00 00 
008      00 BC 03 00 00 00 00 00 
050      FF 78 76 BF 00 
008      08 0A 00 00 00 00 00 00 
050      FF 78 76 BF 00 
400      00 77 00 00 00 00 00 00 
008      00 01 03 02 00 03 A9 00 
008      09 0A 04 00 00 00 00 00 
400      00 77 00 00 00 00 00 00 
050      FF 78 76 BF 00 
008      03 AA 00 00 00 00 00 00 
021      00 AB 03 66 00 00 00 00 
050      FF 78 76 BF 00 
008      0A 0A 00 00 09 12 25 50 
400      00 77 00 00 00 00 00 00 
008      0B 0A 00 00 00 00 00 00 
050      FF 78 76 BF 00 
008      01 AA 00 00 00 00 00 00 
400      00 77 00 00 00 00 00 00 
01F      00 AB 01 66 00 00 00 00 
050      FF 78 76 BF 00 
008      0C 0A 00 00 00 00 00 00 
400      00 77 00 00 00 00 00 00 
008      0D 0A 00 00 00 00 00 00 
050      FF 78 76 BF 00 
008      02 AA 00 00 00 00 00 00 
020      00 AB 02 66 00 00 00 00 
400      00 77 00 00 00 00 00 00 
008      0E 0A 00 00 00 00 00 00 
050      FF 78 76 BF 00 
008      0F 0A 00 00 00 00 00 00 
400      00 77 00 00 00 00 00 00 
050      FF 78 76 BF 00 
008      00 01 03 02 00 03 89 00 
400      00 77 00 00 00 00 00 00 
008      03 AA 00 00 00 00 00 00 
021      00 AB 03 66 00 00 00 00 
050      FF 78 76 BF 00 
008      00 01 03 02 00 03 8D 00 
400      00 77 00 00 00 00 00 00 
008      09 82 2A 01 00 00 00 00 
050      FF 78 76 BF 00 
008      10 0A 00 00 00 00 00 00 
400      00 77 00 00 00 00 00 00 
050      FF 78 76 BF 00 
008      09 82 2A 01 00 00 00 00 
400      00 77 00 00 00 00 00 00 
008      01 AA 00 00 00 00 00 00 
01F      00 AB 01 66 00 00 00 00 
050      FF 78 76 BF 00 
008      00 83 00 00 00 00 00 00 
400      00 77 00 00 00 00 00 00 
050      FF 78 76 BF 00 
008      00 84 00 00 00 00 00 00 
008      00 01 03 02 00 03 AD 00 
400      00 77 00 00 00 00 00 00 
050      FF 78 76 BF 00 
008      02 AA 00 00 00 00 00 00 
020      00 AB 02 66 00 00 00 00 
400      00 77 00 00 00 00 00 00 
008      04 0A 06 00 66 00 03 08 
050      FF 78 76 BF 00 
008      07 0A 00 00 00 00 00 00 
400      00 77 00 00 00 00 00 00 
050      FF 78 76 BF 00 
008      09 0A 00 00 00 00 00 00 
008      00 82 28 01 00 00 00 00 
050      FF 78 76 BF 00 
400      00 77 00 00 00 00 00 00 
008      00 01 03 01 00 03 2D 00 
400      00 77 00 00 00 00 00 00 
050      FF 78 76 BF 00 
008      03 0A 00 00 00 00 00 00 
008      04 0A 04 00 66 00 03 08 
050      FF 78 76 BF 00 
400      00 77 00 00 00 00 00 00 
008      00 85 00 00 00 00 00 00 
008      00 86 00 00 00 03 03 05 
050      FF 78 76 BF 00 
400      00 77 00 00 00 00 00 00 
008      03 AA 00 00 00 00 00 00 
021      00 AB 03 66 00 00 00 00 
050      FF 78 76 BF 00 
400      00 77 00 00 00 00 00 00 
008      00 01 03 01 00 03 0D 00 
008      00 BC 03 00 00 00 00 00 
050      FF 78 76 BF 00 
400      00 77 00 00 00 00 00 00 
008      01 AA 00 00 00 00 00 00 
01F      00 AB 01 66 00 00 00 00 
050      FF 78 76 BF 00 
03081009      00 00 00 00 00 00 00 00 
400      00 77 00 00 00 00 00 00 
008      00 01 03 01 00 03 0D 00 
050      FF 78 76 BF 00 
400      00 77 00 00 00 00 00 00 
008      00 01 03 04 00 03 0C 00 
008      01 0A 00 00 00 00 00 00 
050      FF 78 76 BF 00 
400      00 77 00 00 00 00 00 00 
008      02 AA 00 00 00 00 00 00 
020      00 AB 02 66 00 00 00 00 
050      FF 78 76 BF 00 
008      02 0A 00 00 00 00 00 00 
400      00 77 00 00 00 00 00 00 
008      00 01 03 04 00 03 2C 00 
050      FF 78 76 BF 00 
008      03 0A 00 00 00 00 00 00 
400      00 77 00 00 00 00 00 00 
050      FF 78 76 BF 00 
008      03 AA 00 00 00 00 00 00 
021      00 AB 03 66 00 00 00 00 
008      04 0A 04 00 66 00 03 08 
400      00 77 00 00 00 00 00 00 
050      FF 78 76 BF 00 
008      05 0A 00 00 00 00 00 00 
008      01 AA 00 00 00 00 00 00 
400      00 77 00 00 00 00 00 00 
01F      00 AB 01 66 00 00 00 00 
050      FF 78 76 BF 00 
008      00 01 03 0C 00 03 2C 00 
400      00 77 00 00 00 00 00 00 
050      FF 78 76 BF 00 
008      04 0A 04 20 66 00 03 08 
008      10 82 28 01 00 00 00 00 
400      00 77 00 00 00 00 00 00 
050      FF 78 76 BF 00 
008      06 0A 00 00 00 00 00 00 
050      FF 78 76 BF 00 
008      07 0A 00 00 00 00 00 00 
400      00 77 00 00 00 00 00 00 
008      00 01 03 0C 00 03 0C 00 
400      00 77 00 00 00 00 00 00 
050      FF 78 76 BF 00 
008      01 BC 03 00 00 00 00 00 
008      08 0A 00 00 00 00 00 00 
050      FF 78 76 BF 00 
400      00 77 00 00 00 00 00 00 
008      09 0A 00 00 00 00 00 00 
050      FF 78 76 BF 00 
008      02 AA 00 00 00 00 00 00 
020      00 AB 02 66 00 00 00 00 
400      00 77 00 00 00 00 00 00 
008      0A 0A 00 00 09 12 25 53 
400      00 77 00 00 00 00 00 00 
050      FF 78 76 BF 00 
008      00 86 00 00 00 03 03 04 
050      FF 78 76 BF 00 
008      0B 0A 00 00 00 00 00 00 
400      00 77 00 00 00 00 00 00 
050      FF 78 74 BF 00 
008      10 82 20 01 00 00 00 00 
050      FF 78 74 BF 00 
008      00 86 00 00 00 03 03 00 
400      00 77 00 00 00 00 00 00 
008      00 01 03 0C 00 03 2C 00 
050      FF 78 74 BF 00 
400      00 77 00 00 00 00 00 00 
008      03 AA 00 00 00 00 00 00 
021      00 AB 03 66 00 00 00 00 
050      FF 78 74 BF 00 
008      0C 0A 00 00 00 00 00 00 
400      00 77 00 00 00 00 00 00 
008      0D 0A 00 00 00 00 00 00 
050      FF 78 74 BF 00 
008      01 AA 00 00 00 00 00 00 
01F      00 AB 01 66 00 00 00 00 
400      00 77 00 00 00 00 00 00 
008      0E 0A 00 00 00 00 00 00 
050      FF 78 74 BF 00 
400      00 77 00 00 00 00 00 00 
008      0F 0A 00 00 00 00 00 00 
050      FF 78 74 BF 00 
008      02 AA 00 00 00 00 00 00 
020      00 AB 02 66 00 00 00 00 
400      00 77 00 00 00 00 00 00 
008      10 0A 00 00 00 00 00 00 
050      FF 78 74 BF 00 
008      10 82 20 01 00 00 00 00 
400      00 77 00 00 00 00 00 00 
050      FF 78 74 BF 00 
008      03 AA 00 00 00 00 00 00 
021      00 AB 03 66 00 00 00 00 
400      00 77 00 00 00 00 00 00 
008      00 01 03 0C 00 03 0C 00 
050      FF 78 74 BF 00 
008      00 83 00 00 00 00 00 00 
400      00 77 00 00 00 00 00 00 
008      00 84 00 00 00 00 00 00 
050      FF 78 74 BF 00 
008      01 AA 00 00 00 00 00 00 
01F      00 AB 01 66 00 00 00 00 
050      FF 78 74 BF 00 
400      00 77 00 00 00 00 00 00 
008      00 85 00 00 00 00 00 00 
400      00 77 00 00 00 00 00 00 
008      00 86 00 00 00 03 03 00 
050      FF 78 74 BF 00 
008      02 AA 00 00 00 00 00 00 
020      00 AB 02 66 00 00 00 00 
400      00 77 00 00 00 00 00 00 
050      FF 78 74 BF 00 
008      01 BC 03 00 00 00 00 00 
008      00 01 03 0C 00 03 2C 00 
050      FF 78 74 BF 00 
400      00 77 00 00 00 00 00 00 
008      03 AA 00 00 00 00 00 00 
021      00 AB 03 66 00 00 00 00 
400      00 77 00 00 00 00 00 00 
03081009      00 00 00 00 00 00 00 00 
050      FF 78 74 BF 00 
008      00 01 03 0C 00 03 2C 00 
050      FF 78 74 BF 00 
400      00 77 00 00 00 00 00 00 
008      01 0A 00 00 00 00 00 00 
008      01 AA 00 00 00 00 00 00 
01F      00 AB 01 66 00 00 00 00 
050      FF 78 74 BF 00 
400      00 77 00 00 00 00 00 00 
008      02 0A 00 00 00 00 00 00 
050      FF 78 74 BF 00 
008      03 0A 00 00 00 00 00 00 
400      00 77 00 00 00 00 00 00 
008      02 AA 00 00 00 00 00 00 
020      00 AB 02 66 00 00 00 00 
050      FF 78 74 BF 00 
008      04 0A 04 20 66 00 03 08 
400      00 77 00 00 00 00 00 00 
008      05 0A 00 00 00 00 00 00 
050      FF 78 74 BF 00 
008      03 AA 00 00 00 00 00 00 
400      00 77 00 00 00 00 00 00 
021      00 AB 03 66 00 00 00 00 
050      FF 78 74 BF 00 
050      FF 78 74 FF 00 
008      00 01 03 0C 00 03 0C 00 
400      00 77 00 00 00 00 00 00 
008      00 86 00 00 00 03 03 08 
050      FF 78 74 FF 00 
008      06 0A 00 00 00 00 00 00 
400      00 77 00 00 00 00 00 00 
050      FF 78 75 FF 00 
050      FF 78 75 FF 00 
008      00 82 20 01 00 00 00 00 
008      00 86 00 00 00 03 03 0A 
400      00 77 00 00 00 00 00 00 
050      FF 78 75 FF 00 
008      00 01 03 04 00 03 0C 00 
400      00 77 00 00 00 00 00 00 
008      04 0A 04 00 66 00 03 08 
050      FF 78 75 FF 00 
008      07 0A 00 00 00 00 00 00 
400      00 77 00 00 00 00 00 00 
050      FF 78 75 FF 00 
008      01 BC 03 00 00 00 00 00 
008      00 01 03 04 00 03 2C 00 
400      00 77 00 00 00 00 00 00 
050      FF 78 75 FF 00 
008      08 0A 00 00 00 00 00 00 
400      00 77 00 00 00 00 00 00 
050      FF 78 75 FF 00 
008      09 0A 00 00 00 00 00 00 
008      01 AA 00 00 00 00 00 00 
01F      00 AB 01 66 00 00 00 00 
400      00 77 00 00 00 00 00 00 
050      FF 78 75 FF 00 
008      0A 0A 00 00 09 12 25 56 
008      0B 0A 00 00 00 00 00 00 
050      FF 78 75 FF 00 
400      00 77 00 00 00 00 00 00 
008      02 AA 00 00 00 00 00 00 
020      00 AB 02 66 00 00 00 00 
400      00 77 00 00 00 00 00 00 
050      FF 78 75 FF 00 
008      0C 0A 00 00 00 00 00 00 
008      0D 0A 00 00 00 00 00 00 
050      FF 78 75 FF 00 
400      00 77 00 00 00 00 00 00 
008      03 AA 00 00 00 00 00 00 
021      00 AB 03 66 00 00 00 00 
008      0E 0A 00 00 00 00 00 00 
050      FF 78 75 FF 00 
050      FF 78 75 BF 00 
400      00 77 00 00 00 00 00 00 
008      00 86 00 00 00 03 03 02 
050      FF 78 75 BF 00 
400      00 77 00 00 00 00 00 00 
008      00 01 03 04 00 03 0C 00 
008      0F 0A 00 00 00 00 00 00 
050      FF 78 75 BF 00 
400      00 77 00 00 00 00 00 00 
008      01 AA 00 00 00 00 00 00 
01F      00 AB 01 66 00 00 00 00 
050      FF 78 75 BF 00 
008      10 0A 00 00 00 00 00 00 
400      00 77 00 00 00 00 00 00 
008      00 82 20 01 00 00 00 00 
050      FF 78 75 BF 00 
400      00 77 00 00 00 00 00 00 
008      02 AA 00 00 00 00 00 00 
020      00 AB 02 66 00 00 00 00 
008      00 83 00 00 00 00 00 00 
050      FF 78 75 BF 00 
400      00 77 00 00 00 00 00 00 
008      00 84 00 00 00 00 00 00 
050      FF 78 75 BF 00 
008      00 01 03 04 00 03 2C 00 
400      00 77 00 00 00 00 00 00 
008      03 AA 00 00 00 00 00 00 
021      00 AB 03 66 00 00 00 00 
050      FF 78 75 BF 00 
400      00 77 00 00 00 00 00 00 
008      00 85 00 00 00 00 00 00 
050      FF 78 75 BF 00 
008      00 86 00 00 00 03 03 02 
400      00 77 00 00 00 00 00 00 
008      01 AA 00 00 00 00 00 00 
01F      00 AB 01 66 00 00 00 00 
050      FF 78 75 BF 00 
008      01 BC 03 00 00 00 00 00 
400      00 77 00 00 00 00 00 00 
008      02 AA 00 00 00 00 00 00 
050      FF 78 75 BF 00 
020      00 AB 02 66 00 00 00 00 
03081009      00 00 00 00 00 00 00 00 
400      00 77 00 00 00 00 00 00 
050      FF 78 75 BF 00 
008      00 01 03 04 00 03 2C 00 
008      01 0A 00 00 00 00 00 00 
400      00 77 00 00 00 00 00 00 
050      FF 78 75 BF 00 
008      03 AA 00 00 00 00 00 00 
021      00 AB 03 66 00 00 00 00 
050      FF 78 75 BF 00 
008      02 0A 00 00 00 00 00 00 
400      00 77 00 00 00 00 00 00 
008      00 01 03 04 00 03 0C 00 
400      00 77 00 00 00 00 00 00 
050      FF 78 75 BF 00 
008      03 0A 00 00 00 00 00 00 
008      01 AA 00 00 00 00 00 00 
050      FF 78 75 BF 00 
01F      00 AB 01 66 00 00 00 00 
400      00 77 00 00 00 00 00 00 
008      04 0A 04 00 66 00 03 08 
050      FF 78 75 BF 00 
008      05 0A 00 00 00 00 00 00 
400      00 77 00 00 00 00 00 00 
008      02 AA 00 00 00 00 00 00 
020      00 AB 02 66 00 00 00 00 
400      00 77 00 00 00 00 00 00 
050      FF 78 75 BF 00 
008      06 0A 00 00 00 00 00 00 
050      FF 78 75 BF 00 
008      07 0A 00 00 00 00 00 00 
400      00 77 00 00 00 00 00 00 
008      01 BC 03 00 00 00 00 00 
050      FF 78 75 BF 00 
008      00 01 03 04 00 03 2C 00 
400      00 77 00 00 00 00 00 00 
008      08 0A 00 00 00 00 00 00 
050      FF 78 75 BF 00 
400      00 77 00 00 00 00 00 00 
008      09 0A 00 00 00 00 00 00 
050      FF 78 75 BF 00 
008      03 AA 00 00 00 00 00 00 
021      00 AB 03 66 00 00 00 00 
400      00 77 00 00 00 00 00 00 
008      0A 0A 00 00 09 12 25 58 
050      FF 78 75 BF 00 
008      0B 0A 00 00 00 00 00 00 
400      00 77 00 00 00 00 00 00 
050      FF 78 75 BF 00 
008      01 AA 00 00 00 00 00 00 
01F      00 AB 01 66 00 00 00 00 
400      00 77 00 00 00 00 00 00 
008      0C 0A 00 00 00 00 00 00 
050      FF 78 75 BF 00 
008      0D 0A 00 00 00 00 00 00 
400      00 77 00 00 00 00 00 00 
008      02 AA 00 00 00 00 00 00 
020      00 AB 02 66 00 00 00 00 
050      FF 78 75 BF 00 
008      0E 0A 00 00 00 00 00 00 
400      00 77 00 00 00 00 00 00 
050      FF 78 75 BF 00 
008      00 01 03 04 00 03 0C 00 
400      00 77 00 00 00 00 00 00 
008      0F 0A 00 00 00 00 00 00 
050      FF 78 75 BF 00 
008      03 AA 00 00 00 00 00 00 
021      00 AB 03 66 00 00 00 00 
400      00 77 00 00 00 00 00 00 
050      FF 78 75 BF 00 
008      10 0A 00 00 00 00 00 00 
008      00 82 20 01 00 00 00 00 
050      FF 78 75 BF 00 
400      00 77 00 00 00 00 00 00 
008      01 AA 00 00 00 00 00 00 
01F      00 AB 01 66 00 00 00 00 
400      00 77 00 00 00 00 00 00 
008      00 83 00 00 00 00 00 00 
050      FF 78 75 BF 00 
008      00 84 00 00 00 00 00 00 
400      00 77 00 00 00 00 00 00 
050      FF 78 75 BF 00 
008      02 AA 00 00 00 00 00 00 
020      00 AB 02 66 00 00 00 00 
008      00 01 03 04 00 03 2C 00 
050      FF 78 75 BF 00 
400      00 77 00 00 00 00 00 00 
008      00 85 00 00 00 00 00 00 
400      00 77 00 00 00 00 00 00 
008      00 86 00 00 00 03 03 02 
050      FF 78 75 BF 00 
008      03 AA 00 00 00 00 00 00 
021      00 AB 03 66 00 00 00 00 
050      FF 78 75 BF 00 
400      00 77 00 00 00 00 00 00 
008      01 BC 03 00 00 00 00 00 
008      01 AA 00 00 00 00 00 00 
01F      00 AB 01 66 00 00 00 00 
050      FF 78 75 BF 00 
400      00 77 00 00 00 00 00 00 
03081009      00 00 00 00 00 00 00 00 
050      FF 78 75 BF 00 
008      00 01 03 04 00 03 2C 00 
400      00 77 00 00 00 00 00 00 
008      01 0A 00 00 00 00 00 00 
050      FF 78 75 BF 00 
008      02 AA 00 00 00 00 00 00 
400      00 77 00 00 00 00 00 00 
020      00 AB 02 66 00 00 00 00 
008      02 0A 00 00 00 00 00 00 
050      FF 78 75 BF 00 
008      03 0A 00 00 00 00 00 00 
400      00 77 00 00 00 00 00 00 
050      FF 78 75 BF 00 
008      00 01 03 04 00 03 0C 00 
400      00 77 00 00 00 00 00 00 
008      03 AA 00 00 00 00 00 00 
021      00 AB 03 66 00 00 00 00 
050      FF 78 75 BF 00 
008      04 0A 04 00 66 00 03 08 
400      00 77 00 00 00 00 00 00 
050      FF 78 75 BF 00 
008      05 0A 00 00 00 00 00 00 
008      01 AA 00 00 00 00 00 00 
01F      00 AB 01 66 00 00 00 00 
400      00 77 00 00 00 00 00 00 
050      FF 78 75 BF 00 
008      06 0A 00 00 00 00 00 00 
400      00 77 00 00 00 00 00 00 
008      07 0A 00 00 00 00 00 00 
050      FF 78 75 BF 00 
008      01 BC 03 00 00 00 00 00 
400      00 77 00 00 00 00 00 00 
050      FF 78 75 BF 00 
008      00 01 03 04 00 03 2C 00 
008      08 0A 00 00 00 00 00 00 
400      00 77 00 00 00 00 00 00 
050      FF 78 75 BF 00 
008      09 0A 00 00 00 00 00 00 
400      00 77 00 00 00 00 00 00 
050      FF 78 75 BF 00 
008      02 AA 00 00 00 00 00 00 
020      00 AB 02 66 00 00 00 00 
008      0A 0A 00 00 09 12 26 00 
400      00 77 00 00 00 00 00 00 
050      FF 78 75 BF 00 
008      0B 0A 00 00 00 00 00 00 
008      03 AA 00 00 00 00 00 00 
021      00 AB 03 66 00 00 00 00 
050      FF 78 75 BF 00 
400      00 77 00 00 00 00 00 00 
008      0C 0A 00 00 00 00 00 00 
400      00 77 00 00 00 00 00 00 
050      FF 78 75 BF 00 
008      0D 0A 00 00 00 00 00 00 
008      01 AA 00 00 00 00 00 00 
01F      00 AB 01 66 00 00 00 00 
050      FF 78 75 BF 00 
400      00 77 00 00 00 00 00 00 
008      0E 0A 00 00 00 00 00 00 
050      FF 78 75 BF 00 
008      0F 0A 00 00 00 00 00 00 
400      00 77 00 00 00 00 00 00 
008      00 01 03 04 00 03 0C 00 
050      FF 78 75 BF 00 
400      00 77 00 00 00 00 00 00 
008      02 AA 00 00 00 00 00 00 
020      00 AB 02 66 00 00 00 00 
008      08 82 20 01 00 00 00 00 
050      FF 78 75 BF 00 
400      00 77 00 00 00 00 00 00 
008      00 01 03 14 00 03 0C 00 
050      FF 78 75 BF 00 
008      04 0A 04 40 66 00 03 08 
400      00 77 00 00 00 00 00 00 
008      10 0A 00 00 00 00 00 00 
050      FF 78 75 BF 00 
400      00 77 00 00 00 00 00 00 
008      08 82 20 01 00 00 00 00 
050      FF 78 75 BF 00 
008      03 AA 00 00 00 00 00 00 
021      00 AB 03 66 00 00 00 00 
400      00 77 00 00 00 00 00 00 
008      00 83 00 00 00 00 00 00 
050      FF 78 75 BF 00 
008      00 01 03 14 00 03 2C 00 
400      00 77 00 00 00 00 00 00 
008      00 84 00 00 00 00 00 00 
050      FF 78 75 BF 00 
400      00 77 00 00 00 00 00 00 
008      01 AA 00 00 00 00 00 00 
01F      00 AB 01 66 00 00 00 00 
050      FF 78 75 BF 00 
008      00 85 00 00 00 00 00 00 
400      00 77 00 00 00 00 00 00 
008      00 86 00 00 00 03 03 02 
050      FF 78 75 BF 00 
008      02 AA 00 00 00 00 00 00 
020      00 AB 02 66 00 00 00 00 
050      FF 78 74 BF 00 
400      00 77 00 00 00 00 00 00 
008      00 86 00 00 00 03 03 00 
050      FF 78 74 BF 00 
400      00 77 00 00 00 00 00 00 
008      01 BC 03 00 00 00 00 00 
050      FF 78 74 BF 00 
008      03 AA 00 00 00 00 00 00 
021      00 AB 03 66 00 00 00 00 
400      00 77 00 00 00 00 00 00 
03081009      00 00 00 00 00 00 00 00 
050      FF 78 74 BF 00 
008      00 01 03 14 00 03 2C 00 
050      FF 78 74 BF 00 
400      00 77 00 00 00 00 00 00 
008      00 01 03 14 00 03 0C 00 
008      01 0A 00 00 00 00 00 00 
400      00 77 00 00 00 00 00 00 
050      FF 78 74 BF 00 
008      01 AA 00 00 00 00 00 00 
01F      00 AB 01 66 00 00 00 00 
008      02 0A 00 00 00 00 00 00 
050      FF 78 74 BF 00 
400      00 77 00 00 00 00 00 00 
008      03 0A 00 00 00 00 00 00 
050      FF 78 74 BF 00 
008      02 AA 00 00 00 00 00 00 
400      00 77 00 00 00 00 00 00 
020      00 AB 02 66 00 00 00 00 
008      04 0A 04 40 66 00 03 08 
400      00 77 00 00 00 00 00 00 
050      FF 78 74 BF 00 
008      05 0A 00 00 00 00 00 00 
050      FF 78 74 BF 00 
008      03 AA 00 00 00 00 00 00 
021      00 AB 03 66 00 00 00 00 
400      00 77 00 00 00 00 00 00 
008      00 01 03 14 00 03 2C 00 
050      FF 78 74 BF 00 
008      06 0A 00 00 00 00 00 00 
400      00 77 00 00 00 00 00 00 
008      07 0A 00 00 00 00 00 00 
050      FF 78 74 BF 00 
400      00 77 00 00 00 00 00 00 
008      01 BC 03 00 00 00 00 00 
050      FF 78 74 BF 00 
008      08 0A 00 00 00 00 00 00 
400      00 77 00 00 00 00 00 00 
008      09 0A 00 00 00 00 00 00 
050      FF 78 74 BF 00 
008      01 AA 00 00 00 00 00 00 
01F      00 AB 01 66 00 00 00 00 
400      00 77 00 00 00 00 00 00 
050      FF 78 74 BF 00 
008      0A 0A 00 00 09 12 26 02 
400      00 77 00 00 00 00 00 00 
008      0B 0A 00 00 00 00 00 00 
050      FF 78 74 BF 00 
008      02 AA 00 00 00 00 00 00 
020      00 AB 02 66 00 00 00 00 
400      00 77 00 00 00 00 00 00 
008      0C 0A 00 00 00 00 00 00 
050      FF 78 74 BF 00 
008      0D 0A 00 00 00 00 00 00 
400      00 77 00 00 00 00 00 00 
050      FF 78 74 BF 00 
008      00 01 03 14 00 03 0C 00 
400      00 77 00 00 00 00 00 00 
008      03 AA 00 00 00 00 00 00 
021      00 AB 03 66 00 00 00 00 
050      FF 78 74 BF 00 
008      0E 0A 00 00 00 00 00 00 
400      00 77 00 00 00 00 00 00 
050      FF 78 74 BF 00 
008      0F 0A 00 00 00 00 00 00 
008      01 AA 00 00 00 00 00 00 
01F      00 AB 01 66 00 00 00 00 
050      FF 78 74 BF 00 
400      00 77 00 00 00 00 00 00 
008      10 0A 00 00 00 00 00 00 
400      00 77 00 00 00 00 00 00 
008      08 82 20 01 00 00 00 00 
050      FF 78 74 BF 00 
008      02 AA 00 00 00 00 00 00 
020      00 AB 02 66 00 00 00 00 
400      00 77 00 00 00 00 00 00 
050      FF 78 74 BF 00 
008      00 83 00 00 00 00 00 00 
008      00 01 03 14 00 03 2C 00 
050      FF 78 74 BF 00 
400      00 77 00 00 00 00 00 00 
008      00 84 00 00 00 00 00 00 
400      00 77 00 00 00 00 00 00 
050      FF 78 74 BF 00 
008      03 AA 00 00 00 00 00 00 
021      00 AB 03 66 00 00 00 00 
008      00 85 00 00 00 00 00 00 
050      FF 78 74 BF 00 
400      00 77 00 00 00 00 00 00 
008      00 86 00 00 00 03 03 00 
008      01 AA 00 00 00 00 00 00 
01F      00 AB 01 66 00 00 00 00 
050      FF 78 74 BF 00 
400      00 77 00 00 00 00 00 00 
008      01 BC 03 00 00 00 00 00 
050      FF 78 74 BF 00 
400      00 77 00 00 00 00 00 00 
008      02 AA 00 00 00 00 00 00 
020      00 AB 02 66 00 00 00 00 
03081009      00 00 00 00 00 00 00 00 
050      FF 78 74 BF 00 
400      00 77 00 00 00 00 00 00 
008      00 01 03 14 00 03 2C 00 
050      FF 78 74 BF 00 
008      01 0A 00 00 00 00 00 00 
400      00 77 00 00 00 00 00 00 
008      00 01 03 14 00 03 0C 00 
050      FF 78 74 BF 00 
008      03 AA 00 00 00 00 00 00 
400      00 77 00 00 00 00 00 00 
021      00 AB 03 66 00 00 00 00 
008      02 0A 00 00 00 00 00 00 
050      FF 78 74 BF 00 
008      03 0A 00 00 00 00 00 00 
400      00 77 00 00 00 00 00 00 
050      FF 78 74 BF 00 
008      01 AA 00 00 00 00 00 00 
01F      00 AB 01 66 00 00 00 00 
008      04 0A 04 40 66 00 03 08 
400      00 77 00 00 00 00 00 00 
050      FF 78 74 BF 00 
008      05 0A 00 00 00 00 00 00 
400      00 77 00 00 00 00 00 00 
008      02 AA 00 00 00 00 00 00 
050      FF 78 74 BF 00 
020      00 AB 02 66 00 00 00 00 
008      06 0A 00 00 00 00 00 00 
400      00 77 00 00 00 00 00 00 
050      FF 78 74 BF 00 
008      00 01 03 14 00 03 2C 00 
008      07 0A 00 00 00 00 00 00 
400      00 77 00 00 00 00 00 00 
050      FF 78 74 BF 00 
008      01 BC 03 00 00 00 00 00 
400      00 77 00 00 00 00 00 00 
050      FF 78 74 BF 00 
008      08 0A 00 00 00 00 00 00 
008      09 0A 00 00 00 00 00 00 
400      00 77 00 00 00 00 00 00 
050      FF 78 74 BF 00 
008      03 AA 00 00 00 00 00 00 
021      00 AB 03 66 00 00 00 00 
008      0A 0A 00 00 09 12 26 04 
050      FF 78 74 BF 00 
400      00 77 00 00 00 00 00 00 
008      0B 0A 00 00 00 00 00 00 
050      FF 78 76 BF 00 
400      00 77 00 00 00 00 00 00 
050      FF 78 76 BF 00 
008      00 82 20 01 00 00 00 00 
008      00 86 00 00 00 03 03 04 
050      FF 78 76 BF 00 
400      00 77 00 00 00 00 00 00 
008      00 01 03 00 00 03 0C 00 
050      FF 78 76 BF 00 
008      04 0A 04 00 66 00 03 08 
400      00 77 00 00 00 00 00 00 
008      01 AA 00 00 00 00 00 00 
01F      00 AB 01 66 00 00 00 00 
050      FF 78 76 BF 00 
400      00 77 00 00 00 00 00 00 
008      00 86 00 00 00 03 03 05 
008      00 82 28 01 00 00 00 00 
050      FF 78 76 BF 00 
400      00 77 00 00 00 00 00 00 
008      0C 0A 00 00 00 00 00 00 
050      FF 78 76 BF 00 
008      0D 0A 00 00 00 00 00 00 
400      00 77 00 00 00 00 00 00 
008      02 AA 00 00 00 00 00 00 
020      00 AB 02 66 00 00 00 00 
050      FF 78 76 BF 00 
400      00 77 00 00 00 00 00 00 
008      0E 0A 00 00 00 00 00 00 
050      FF 78 76 BF 00 
008      0F 0A 00 00 00 00 00 00 
400      00 77 00 00 00 00 00 00 
008      03 AA 00 00 00 00 00 00 
021      00 AB 03 66 00 00 00 00 
050      FF 78 76 BF 00 
008      10 0A 00 00 00 00 00 00 
400      00 77 00 00 00 00 00 00 
008      00 82 28 01 00 00 00 00 
050      FF 78 76 BF 00 
400      00 77 00 00 00 00 00 00 
008      01 AA 00 00 00 00 00 00 
01F      00 AB 01 66 00 00 00 00 
050      FF 78 76 BF 00 
008      00 83 00 00 00 00 00 00 
400      00 77 00 00 00 00 00 00 
008      00 84 00 00 00 00 00 00 
050      FF 78 76 BF 00 
008      02 AA 00 00 00 00 00 00 
020      00 AB 02 66 00 00 00 00 
400      00 77 00 00 00 00 00 00 
050      FF 78 76 BF 00 
008      00 85 00 00 00 00 00 00 
400      00 77 00 00 00 00 00 00 
008      00 86 00 00 00 03 03 05 
050      FF 78 76 BF 00 
008      03 AA 00 00 00 00 00 00 
021      00 AB 03 66 00 00 00 00 
400      00 77 00 00 00 00 00 00 
008      01 BC 03 00 00 00 00 00 
050      FF 78 76 BF 00 
008      01 AA 00 00 00 00 00 00 
01F      00 AB 01 66 00 00 00 00 
050      FF 78 76 BF 00 
400      00 77 00 00 00 00 00 00 
03081009      00 00 00 00 00 00 00 00 
008      00 01 03 00 00 03 0C 00 
400      00 77 00 00 00 00 00 00 
050      FF 78 76 BF 00 
008      01 0A 00 00 00 00 00 00 
050      FF 78 76 BF 00 
008      02 AA 00 00 00 00 00 00 
400      00 77 00 00 00 00 00 00 
020      00 AB 02 66 00 00 00 00 
008      02 0A 00 00 00 00 00 00 
050      FF 78 76 BF 00 
008      03 0A 00 00 00 00 00 00 
400      00 77 00 00 00 00 00 00 
008      03 AA 00 00 00 00 00 00 
021      00 AB 03 66 00 00 00 00 
050      FF 78 76 BF 00 
400      00 77 00 00 00 00 00 00 
008      04 0A 04 00 66 00 03 08 
050      FF 78 76 BF 00 
008      05 0A 00 00 00 00 00 00 
400      00 77 00 00 00 00 00 00 
008      01 AA 00 00 00 00 00 00 
01F      00 AB 01 66 00 00 00 00 
050      FF 78 76 BF 00 
008      06 0A 00 00 00 00 00 00 
400      00 77 00 00 00 00 00 00 
050      FF 78 76 BF 00 
008      07 0A 00 00 00 00 00 00 
400      00 77 00 00 00 00 00 00 
008      01 BC 03 00 00 00 00 00 
050      FF 78 76 BF 00 
008      08 0A 00 00 00 00 00 00 
400      00 77 00 00 00 00 00 00 
008      09 0A 00 00 00 00 00 00 
050      FF 78 76 BF 00 
008      02 AA 00 00 00 00 00 00 
020      00 AB 02 66 00 00 00 00 
400      00 77 00 00 00 00 00 00 
050      FF 78 76 BF 00 
008      0A 0A 00 00 09 12 26 06 
400      00 77 00 00 00 00 00 00 
008      0B 0A 00 00 00 00 00 00 
050      FF 78 76 BF 00 
008      03 AA 00 00 00 00 00 00 
021      00 AB 03 66 00 00 00 00 
400      00 77 00 00 00 00 00 00 
008      0C 0A 00 00 00 00 00 00 
050      FF 78 76 BF 00 
008      0D 0A 00 00 00 00 00 00 
400      00 77 00 00 00 00 00 00 
050      FF 78 76 BF 00 
008      01 AA 00 00 00 00 00 00 
01F      00 AB 01 66 00 00 00 00 
400      00 77 00 00 00 00 00 00 
008      0E 0A 00 00 00 00 00 00 
050      FF 78 76 BF 00 
008      0F 0A 00 00 00 00 00 00 
400      00 77 00 00 00 00 00 00 
050      FF 78 76 BF 00 
008      02 AA 00 00 00 00 00 00 
020      00 AB 02 66 00 00 00 00 
008      10 0A 00 00 00 00 00 00 
050      FF 78 76 BF 00 
400      00 77 00 00 00 00 00 00 
008      00 82 28 01 00 00 00 00 
400      00 77 00 00 00 00 00 00 
008      03 AA 00 00 00 00 00 00 
050      FF 78 76 BF 00 
021      00 AB 03 66 00 00 00 00 
008      00 83 00 00 00 00 00 00 
400      00 77 00 00 00 00 00 00 
050      FF 78 76 BF 00 
008      00 84 00 00 00 00 00 00 
008      01 AA 00 00 00 00 00 00 
01F      00 AB 01 66 00 00 00 00 
050      FF 78 76 BF 00 
400      00 77 00 00 00 00 00 00 
008      00 85 00 00 00 00 00 00 
400      00 77 00 00 00 00 00 00 
050      FF 78 76 BF 00 
008      00 86 00 00 00 03 03 05 
008      02 AA 00 00 00 00 00 00 
020      00 AB 02 66 00 00 00 00 
050      FF 78 76 BF 00 
400      00 77 00 00 00 00 00 00 
008      01 BC 03 00 00 00 00 00 
008      03 AA 00 00 00 00 00 00 
050      FF 78 76 BF 00 
021      00 AB 03 66 00 00 00 00 
400      00 77 00 00 00 00 00 00 
03081009      00 00 00 00 00 00 00 00 
050      FF 78 76 BF 00 
400      00 77 00 00 00 00 00 00 
008      00 01 03 00 00 03 0C 00 
008      01 0A 00 00 00 00 00 00 
050      FF 78 76 BF 00 
400      00 77 00 00 00 00 00 00 
008      01 AA 00 00 00 00 00 00 
01F      00 AB 01 66 00 00 00 00 
050      FF 78 76 BF 00 
008      02 0A 00 00 00 00 00 00 
400      00 77 00 00 00 00 00 00 
008      03 0A 00 00 00 00 00 00 
050      FF 78 76 BF 00 
400      00 77 00 00 00 00 00 00 
008      02 AA 00 00 00 00 00 00 
020      00 AB 02 66 00 00 00 00 
008      04 0A 04 00 66 00 03 08 
050      FF 78 76 BF 00 
400      00 77 00 00 00 00 00 00 
008      05 0A 00 00 00 00 00 00 
050      FF 78 76 BF 00 
008      03 AA 00 00 00 00 00 00 
021      00 AB 03 66 00 00 00 00 
400      00 77 00 00 00 00 00 00 
008      06 0A 00 00 00 00 00 00 
050      FF 78 76 BF 00 
008      07 0A 00 00 00 00 00 00 
400      00 77 00 00 00 00 00 00 
050      FF 78 76 BF 00 
008      01 BC 03 00 00 00 00 00 
008      08 0A 00 00 00 00 00 00 
400      00 77 00 00 00 00 00 00 
050      FF 78 76 BF 00 
008      09 0A 00 00 00 00 00 00 
008      01 AA 00 00 00 00 00 00 
400      00 77 00 00 00 00 00 00 
01F      00 AB 01 66 00 00 00 00 
050      FF 78 76 BF 00 
008      0A 0A 00 00 09 12 26 08 
400      00 77 00 00 00 00 00 00 
050      FF 78 76 BF 00 
008      0B 0A 00 00 00 00 00 00 
008      02 AA 00 00 00 00 00 00 
020      00 AB 02 66 00 00 00 00 
400      00 77 00 00 00 00 00 00 
050      FF 78 76 BF 00 
008      0C 0A 00 00 00 00 00 00 
050      FF 78 76 BF 00 
008      0D 0A 00 00 00 00 00 00 
400      00 77 00 00 00 00 00 00 
008      03 AA 00 00 00 00 00 00 
021      00 AB 03 66 00 00 00 00 
400      00 77 00 00 00 00 00 00 
050      FF 78 76 BF 00 
008      0E 0A 00 00 00 00 00 00 
008      0F 0A 00 00 00 00 00 00 
050      FF 78 76 BF 00 
400      00 77 00 00 00 00 00 00 
008      01 AA 00 00 00 00 00 00 
01F      00 AB 01 66 00 00 00 00 
050      FF 78 76 BF 00 
008      10 0A 00 00 00 00 00 00 
400      00 77 00 00 00 00 00 00 
008      00 82 28 01 00 00 00 00 
050      FF 78 76 BF 00 
400      00 77 00 00 00 00 00 00 
008      02 AA 00 00 00 00 00 00 
020      00 AB 02 66 00 00 00 00 
008      00 83 00 00 00 00 00 00 
050      FF 78 76 BF 00 
400      00 77 00 00 00 00 00 00 
008      00 84 00 00 00 00 00 00 
050      FF 78 76 BF 00 
008      03 AA 00 00 00 00 00 00 
021      00 AB 03 66 00 00 00 00 
400      00 77 00 00 00 00 00 00 
008      00 85 00 00 00 00 00 00 
050      FF 78 76 BF 00 
400      00 77 00 00 00 00 00 00 
008      00 86 00 00 00 03 03 05 
050      FF 78 76 BF 00 
008      01 AA 00 00 00 00 00 00 
01F      00 AB 01 66 00 00 00 00 
400      00 77 00 00 00 00 00 00 
008      01 BC 03 00 00 00 00 00 
050      FF 78 76 BF 00 
008      02 AA 00 00 00 00 00 00 
020      00 AB 02 66 00 00 00 00 
400      00 77 00 00 00 00 00 00 
03081009      00 00 00 00 00 00 00 00 
050      FF 78 76 BF 00 
400      00 77 00 00 00 00 00 00 
008      00 01 03 00 00 03 0C 00 
008      00 01 03 00 00 03 0C 00       00 01 03 00 00 03 0C 00 
