7407  1D 00 48 FF 00 FF 00 0
7408  1D 00 47 00 03 D8 00 00 105
6007  1D 00 40 D8 00 00 00 0
5007  1D 00 40 D8 00 00 00 0
7496  0D 00 AE 03 6C 00 0
7486  0D 00 AE 03 6C 00 0
7496  0D 00 AE 04 00 00 0
7486  0D 00 AE 04 00 00 0
7496  0D 00 AE 05 00 00 0
7486  0D 00 AE 05 00 00 0
1006  1D 00 73 FF 08 E1 0
7425  1D 00 50 FF 08 0
2494  0D 00 AE 10 0
2494  0D 00 AE 10 0
2494  0D 00 AE 10 0
7816  11 00 50 0C 0D F8 0
2494  0D 00 AE 10 0
7816  11 00 50 0C 0D F8 0
2494  0D 00 AE 10 0
1806  15 00 20 08 08 73 0
1806  15 00 36 01 01 74 0
2005  15 00 01 04 04 0
2005  19 00 01 04 04 0
7497  05 00 AE 40 01 00 00 0
7497  09 00 AE 40 01 00 00 0
7407  1D 00 48 FF 00 FF 02 0
7496  0D 00 AE 05 00 02 0
7486  0D 00 AE 05 00 02 0
1006  1D 00 71 FF 10 E2 0
7408  1D 00 47 10 03 D8 00 00 105
6007  1D 00 40 D8 00 00 10 0
5007  1D 00 40 D8 00 00 10 0
7496  0D 00 AE 03 6C 00 0
7486  0D 00 AE 03 6C 00 0
7496  0D 00 AE 04 01 00 0
7486  0D 00 AE 04 01 00 0
7496  0D 00 AE 05 00 02 0
7486  0D 00 AE 05 00 02 0
7413  1D 00 42 0
1006  1D 00 E9 01 00 E3 0
1806  15 00 20 08 00 75 0
1806  15 00 36 01 00 76 0
2494  0D 00 AE 10 0
2494  0D 00 AE 10 0
2494  0D 00 AE 10 0
1C05  15 00 22 20 20 0
1C05  15 00 22 20 00 0
2494  0D 00 AE 10 0
2494  0D 00 AE 10 0
7407  1D 00 48 FF 00 FF 02 0
7408  1D 00 47 11 03 D8 00 00 105
6007  1D 00 40 D8 00 00 10 0
5007  1D 00 40 D8 00 00 10 0
7496  0D 00 AE 03 6C 00 0
7486  0D 00 AE 03 6C 00 0
7496  0D 00 AE 04 01 00 0
7486  0D 00 AE 04 01 00 0
7496  0D 00 AE 05 00 02 0
7486  0D 00 AE 05 00 02 0
1006  1D 00 73 FF 08 E4 0
7425  1D 00 50 FF 08 0
2494  0D 00 AE 10 0
2498  0D 00 AE 0D FF FF 00 00 0
2494  0D 00 AE 10 0
7408  1D 00 47 11 04 64 00 00 105
6007  1D 00 40 64 00 00 10 0
5007  1D 00 40 64 00 00 10 0
7496  0D 00 AE 03 32 00 0
7486  0D 00 AE 03 32 00 0
7496  0D 00 AE 04 01 00 0
7486  0D 00 AE 04 01 00 0
7496  0D 00 AE 05 00 02 0
7486  0D 00 AE 05 00 02 0
1006  15 00 60 08 00 E5 0
2005  15 04 01 04 04 0
7497  05 04 AE 40 01 00 00 0
24A6  0D 00 AE 0B 04 00 0
7486  0D 00 AE 0B 04 00 0
7496  0D 00 AE 0B 04 00 0
1006  1D 00 71 FF 90 E6 0
2494  0D 00 AE 10 0
1C15  15 00 23 80 80 0
1C15  15 00 23 80 00 0
2494  0D 00 AE 10 0
2494  0D 00 AE 10 0
1C15  15 00 24 02 02 0
2494  0D 00 AE 10 0
1C15  15 00 24 02 00 0
2494  0D 00 AE 10 0
2494  0D 00 AE 10 0
1C15  15 00 24 04 04 0
2494  0D 00 AE 10 0
1C15  15 00 24 04 00 0
1006  1D 00 E9 01 01 E7 0
1806  14 00 34 08 E0 77 0
1806  14 00 34 08 E8 78 0
2494  0D 00 AE 10 0
1006  1D 00 73 FF 04 E8 0
7425  1D 00 20 FF 04 0
1806  14 00 34 08 E0 79 0
7407  1D 00 48 FF 00 FF 02 0
7408  1D 00 47 11 04 64 00 00 105
6007  1D 00 40 64 00 00 10 0
5007  1D 00 40 64 00 00 10 0
7496  0D 00 AE 03 32 00 0
7486  0D 00 AE 03 32 00 0
7496  0D 00 AE 04 01 00 0
7486  0D 00 AE 04 01 00 0
7496  0D 00 AE 05 00 02 0
7486  0D 00 AE 05 00 02 0
1006  1D 00 73 FF 04 E9 0
7425  1D 00 50 FF 04 0
1806  14 00 34 08 E8 7A 0
2494  0D 00 AE 10 0
2494  0D 00 AE 10 0
7415  1D 00 40 08 38 0
7413  1D 00 41 0
2494  0D 00 AE 10 0
7816  11 00 50 0D 0D 4A 0
2494  0D 00 AE 10 0
7816  11 00 50 0D 0D 4A 0
2494  0D 00 AE 10 0
7816  11 00 50 0C 0C CF 0
2494  0D 00 AE 10 0
1806  15 00 32 01 31 7B 0
2494  0D 00 AE 10 0
7816  11 00 50 0C 0C CF 0
2494  0D 00 AE 10 0
2494  0D 00 AE 10 0
2494  0D 00 AE 10 0
7407  1D 00 48 FF 00 FF 02 0
7408  1D 00 47 10 04 64 00 00 105
6007  1D 00 40 64 00 00 10 0
5007  1D 00 40 64 00 00 10 0
7496  0D 00 AE 03 32 00 0
7486  0D 00 AE 03 32 00 0
7496  0D 00 AE 04 01 00 0
7486  0D 00 AE 04 01 00 0
7496  0D 00 AE 05 00 02 0
7486  0D 00 AE 05 00 02 0
1006  1D 00 73 FF 04 EA 0
7425  1D 00 50 FF 04 0
2494  0D 00 AE 10 0
2494  0D 00 AE 10 0
7816  11 00 50 0D 0D 4A 0
1006  1D 00 73 FF 08 EB 0
7425  1D 00 50 FF 08 0
2494  0D 00 AE 10 0
7816  11 00 50 0D 0D 4A 0
2494  0D 00 AE 10 0
1806  15 00 32 01 30 7C 0
7816  11 00 50 0D 0D 4A 0
2494  0D 00 AE 10 0
7816  11 00 50 0D 0D 4A 0
2494  0D 00 AE 10 0
7816  11 00 50 0D 0D 4A 0
2494  0D 00 AE 10 0
2494  0D 00 AE 10 0
7816  11 00 50 0D 0D 4A 0
2494  0D 00 AE 10 0
7816  11 00 50 0D 0D 4A 0
7407  1D 00 48 FF 00 FF 02 0
7408  1D 00 47 10 04 64 00 00 105
6007  1D 00 40 64 00 00 10 0
5007  1D 00 40 64 00 00 10 0
7496  0D 00 AE 03 32 00 0
7486  0D 00 AE 03 32 00 0
7496  0D 00 AE 04 01 00 0
7486  0D 00 AE 04 01 00 0
7496  0D 00 AE 05 00 02 0
7486  0D 00 AE 05 00 02 0
1006  1D 00 73 FF 08 EC 0
7425  1D 00 50 FF 08 0
2494  0D 00 AE 10 0
7816  11 00 50 0D 0D 4A 0
2494  0D 00 AE 10 0
1006  1D 00 71 FF 10 ED 0
2005  15 04 01 04 00 0
7497  05 04 AE 40 00 00 00 0
2005  15 00 01 04 04 0
2005  19 00 01 04 04 0
7497  05 00 AE 40 01 00 00 0
7497  09 00 AE 40 01 00 00 0
2494  0D 00 AE 10 0
7816  11 00 50 0D 0D 4A 0
7413  1D 00 42 0
1006  1D 00 E9 01 00 EE 0
2494  0D 00 AE 10 0
2494  0D 00 AE 10 0
2494  0D 00 AE 10 0
2494  0D 00 AE 10 0
2494  0D 00 AE 10 0
7408  1D 00 47 11 05 66 00 00 105
6007  1D 00 40 66 00 00 10 0
5007  1D 00 40 66 00 00 10 0
7496  0D 00 AE 03 33 00 0
7486  0D 00 AE 03 33 00 0
7496  0D 00 AE 04 01 00 0
7486  0D 00 AE 04 01 00 0
7496  0D 00 AE 05 00 02 0
7486  0D 00 AE 05 00 02 0
2494  0D 00 AE 10 0
2494  0D 00 AE 10 0
7408  1D 00 47 11 06 68 00 00 105
6007  1D 00 40 68 00 00 10 0
5007  1D 00 40 68 00 00 10 0
7496  0D 00 AE 03 34 00 0
7486  0D 00 AE 03 34 00 0
7496  0D 00 AE 04 01 00 0
7486  0D 00 AE 04 01 00 0
7496  0D 00 AE 05 00 02 0
7486  0D 00 AE 05 00 02 0
7407  1D 00 48 FF 00 FF 02 0
7408  1D 00 47 11 06 68 00 00 105
6007  1D 00 40 68 00 00 10 0
5007  1D 00 40 68 00 00 10 0
7496  0D 00 AE 03 34 00 0
7486  0D 00 AE 03 34 00 0
7496  0D 00 AE 04 01 00 0
7486  0D 00 AE 04 01 00 0
7496  0D 00 AE 05 00 02 0
7486  0D 00 AE 05 00 02 0
1006  1D 00 73 FF 08 EF 0
7425  1D 00 50 FF 08 0
2494  0D 00 AE 10 0
2494  0D 00 AE 10 0
2494  0D 00 AE 10 0
7408  1D 00 47 11 07 6A 00 00 105
6007  1D 00 40 6A 00 00 10 0
5007  1D 00 40 6A 00 00 10 0
7496  0D 00 AE 03 35 00 0
7486  0D 00 AE 03 35 00 0
7496  0D 00 AE 04 01 00 0
7486  0D 00 AE 04 01 00 0
7496  0D 00 AE 05 00 02 0
7486  0D 00 AE 05 00 02 0
2494  0D 00 AE 10 0
2494  0D 00 AE 10 0
2494  0D 00 AE 10 0
7408  1D 00 47 11 08 6C 00 00 105
6007  1D 00 40 6C 00 00 10 0
5007  1D 00 40 6C 00 00 10 0
7496  0D 00 AE 03 36 00 0
7486  0D 00 AE 03 36 00 0
7496  0D 00 AE 04 01 00 0
7486  0D 00 AE 04 01 00 0
7496  0D 00 AE 05 00 02 0
7486  0D 00 AE 05 00 02 0
2494  0D 00 AE 10 0
2494  0D 00 AE 10 0
2494  0D 00 AE 10 0
7408  1D 00 47 11 09 6E 00 00 105
6007  1D 00 40 6E 00 00 10 0
5007  1D 00 40 6E 00 00 10 0
7496  0D 00 AE 03 37 00 0
7486  0D 00 AE 03 37 00 0
7496  0D 00 AE 04 01 00 0
7486  0D 00 AE 04 01 00 0
7496  0D 00 AE 05 00 02 0
7486  0D 00 AE 05 00 02 0
2494  0D 00 AE 10 0
7407  1D 00 48 FF 00 FF 02 0
7408  1D 00 47 11 09 6E 00 00 105
6007  1D 00 40 6E 00 00 10 0
5007  1D 00 40 6E 00 00 10 0
7496  0D 00 AE 03 37 00 0
7486  0D 00 AE 03 37 00 0
7496  0D 00 AE 04 01 00 0
7486  0D 00 AE 04 01 00 0
7496  0D 00 AE 05 00 02 0
7486  0D 00 AE 05 00 02 0
1006  1D 00 73 FF 08 F0 0
7425  1D 00 50 FF 08 0
2494  0D 00 AE 10 0
2494  0D 00 AE 10 0
7408  1D 00 47 11 0A 70 00 00 105
6007  1D 00 40 70 00 00 10 0
5007  1D 00 40 70 00 00 10 0
7496  0D 00 AE 03 38 00 0
7486  0D 00 AE 03 38 00 0
7496  0D 00 AE 04 01 00 0
7486  0D 00 AE 04 01 00 0
7496  0D 00 AE 05 00 02 0
7486  0D 00 AE 05 00 02 0
2494  0D 00 AE 10 0
2494  0D 00 AE 10 0
2494  0D 00 AE 10 0
7408  1D 00 47 11 0B 72 00 00 105
6007  1D 00 40 72 00 00 10 0
5007  1D 00 40 72 00 00 10 0
7496  0D 00 AE 03 39 00 0
7486  0D 00 AE 03 39 00 0
7496  0D 00 AE 04 01 00 0
7486  0D 00 AE 04 01 00 0
7496  0D 00 AE 05 00 02 0
7486  0D 00 AE 05 00 02 0
2494  0D 00 AE 10 0
2494  0D 00 AE 10 0
2494  0D 00 AE 10 0
7408  1D 00 47 11 0C 9E D8 00 105
6007  1D 00 40 9E D8 00 10 0
5007  1D 00 40 9E D8 00 10 0
7496  0D 00 AE 03 4F 6C 0
7486  0D 00 AE 03 4F 6C 0
7496  0D 00 AE 04 01 00 0
7486  0D 00 AE 04 01 00 0
7496  0D 00 AE 05 00 02 0
7486  0D 00 AE 05 00 02 0
2494  0D 00 AE 10 0
2498  0D 00 AE 0D 2A 15 00 00 0
2498  0D 00 AE 31 F6 08 00 00 0
2494  0D 00 AE 10 0
7407  1D 00 48 FF 00 FF 02 0
7408  1D 00 47 11 0C 9E D8 00 105
6007  1D 00 40 9E D8 00 10 0
5007  1D 00 40 9E D8 00 10 0
7496  0D 00 AE 03 4F 6C 0
7486  0D 00 AE 03 4F 6C 0
7496  0D 00 AE 04 01 00 0
7486  0D 00 AE 04 01 00 0
7496  0D 00 AE 05 00 02 0
7486  0D 00 AE 05 00 02 0
1006  1D 00 73 FF 08 F1 0
7425  1D 00 50 FF 08 0
7408  1D 00 47 11 0D D8 D8 00 105
6007  1D 00 40 D8 D8 00 10 0
5007  1D 00 40 D8 D8 00 10 0
7496  0D 00 AE 03 6C 6C 0
7486  0D 00 AE 03 6C 6C 0
7496  0D 00 AE 04 01 00 0
7486  0D 00 AE 04 01 00 0
7496  0D 00 AE 05 00 02 0
7486  0D 00 AE 05 00 02 0
2494  0D 00 AE 10 0
2494  0D 00 AE 10 0
2494  0D 00 AE 10 0
7408  1D 00 47 11 0E 64 D8 00 105
6007  1D 00 40 64 D8 00 10 0
5007  1D 00 40 64 D8 00 10 0
7496  0D 00 AE 03 32 6C 0
7486  0D 00 AE 03 32 6C 0
7496  0D 00 AE 04 01 00 0
7486  0D 00 AE 04 01 00 0
7496  0D 00 AE 05 00 02 0
7486  0D 00 AE 05 00 02 0
2494  0D 00 AE 10 0
2494  0D 00 AE 10 0
2494  0D 00 AE 10 0
7408  1D 00 47 11 0F 66 D8 00 105
6007  1D 00 40 66 D8 00 10 0
5007  1D 00 40 66 D8 00 10 0
7496  0D 00 AE 03 33 6C 0
7486  0D 00 AE 03 33 6C 0
7496  0D 00 AE 04 01 00 0
7486  0D 00 AE 04 01 00 0
7496  0D 00 AE 05 00 02 0
7486  0D 00 AE 05 00 02 0
2494  0D 00 AE 10 0
2494  0D 00 AE 10 0
2494  0D 00 AE 10 0
7408  1D 00 47 11 10 68 D8 00 105
6007  1D 00 40 68 D8 00 10 0
5007  1D 00 40 68 D8 00 10 0
7496  0D 00 AE 03 34 6C 0
7486  0D 00 AE 03 34 6C 0
7496  0D 00 AE 04 01 00 0
7486  0D 00 AE 04 01 00 0
7496  0D 00 AE 05 00 02 0
7486  0D 00 AE 05 00 02 0
7407  1D 00 48 FF 00 FF 02 0
7408  1D 00 47 11 10 68 D8 00 105
6007  1D 00 40 68 D8 00 10 0
5007  1D 00 40 68 D8 00 10 0
7496  0D 00 AE 03 34 6C 0
7486  0D 00 AE 03 34 6C 0
7496  0D 00 AE 04 01 00 0
7486  0D 00 AE 04 01 00 0
7496  0D 00 AE 05 00 02 0
7486  0D 00 AE 05 00 02 0
1006  1D 00 73 FF 08 F2 0
7425  1D 00 50 FF 08 0
2494  0D 00 AE 10 0
2494  0D 00 AE 10 0
2494  0D 00 AE 10 0
7408  1D 00 47 11 11 6A D8 00 105
6007  1D 00 40 6A D8 00 10 0
5007  1D 00 40 6A D8 00 10 0
7496  0D 00 AE 03 35 6C 0
7486  0D 00 AE 03 35 6C 0
7496  0D 00 AE 04 01 00 0
7486  0D 00 AE 04 01 00 0
7496  0D 00 AE 05 00 02 0
7486  0D 00 AE 05 00 02 0
2494  0D 00 AE 10 0
2494  0D 00 AE 10 0
2494  0D 00 AE 10 0
7408  1D 00 47 11 12 6C D8 00 105
6007  1D 00 40 6C D8 00 10 0
5007  1D 00 40 6C D8 00 10 0
7496  0D 00 AE 03 36 6C 0
7486  0D 00 AE 03 36 6C 0
7496  0D 00 AE 04 01 00 0
7486  0D 00 AE 04 01 00 0
7496  0D 00 AE 05 00 02 0
7486  0D 00 AE 05 00 02 0
2494  0D 00 AE 10 0
2494  0D 00 AE 10 0
2494  0D 00 AE 10 0
7408  1D 00 47 11 13 6E D8 00 105
6007  1D 00 40 6E D8 00 10 0
5007  1D 00 40 6E D8 00 10 0
7496  0D 00 AE 03 37 6C 0
7486  0D 00 AE 03 37 6C 0
7496  0D 00 AE 04 01 00 0
7486  0D 00 AE 04 01 00 0
7496  0D 00 AE 05 00 02 0
7486  0D 00 AE 05 00 02 0
2494  0D 00 AE 10 0
7407  1D 00 48 FF 00 FF 02 0
7408  1D 00 47 11 13 6E D8 00 105
6007  1D 00 40 6E D8 00 10 0
5007  1D 00 40 6E D8 00 10 0
7496  0D 00 AE 03 37 6C 0
7486  0D 00 AE 03 37 6C 0
7496  0D 00 AE 04 01 00 0
7486  0D 00 AE 04 01 00 0
7496  0D 00 AE 05 00 02 0
7486  0D 00 AE 05 00 02 0
1006  1D 00 73 FF 08 F3 0
7425  1D 00 50 FF 08 0
2494  0D 00 AE 10 0
7408  1D 00 47 11 14 70 D8 00 105
6007  1D 00 40 70 D8 00 10 0
5007  1D 00 40 70 D8 00 10 0
7496  0D 00 AE 03 38 6C 0
7486  0D 00 AE 03 38 6C 0
7496  0D 00 AE 04 01 00 0
7486  0D 00 AE 04 01 00 0
7496  0D 00 AE 05 00 02 0
7486  0D 00 AE 05 00 02 0
2494  0D 00 AE 10 0
2494  0D 00 AE 10 0
2494  0D 00 AE 10 0
7408  1D 00 47 11 15 72 D8 00 105
6007  1D 00 40 72 D8 00 10 0
5007  1D 00 40 72 D8 00 10 0
7496  0D 00 AE 03 39 6C 0
7486  0D 00 AE 03 39 6C 0
7496  0D 00 AE 04 01 00 0
7486  0D 00 AE 04 01 00 0
7496  0D 00 AE 05 00 02 0
7486  0D 00 AE 05 00 02 0
2494  0D 00 AE 10 0
2494  0D 00 AE 10 0
2494  0D 00 AE 10 0
7408  1D 00 47 11 16 9E 64 00 105
6007  1D 00 40 9E 64 00 10 0
5007  1D 00 40 9E 64 00 10 0
7496  0D 00 AE 03 4F 32 0
7486  0D 00 AE 03 4F 32 0
7496  0D 00 AE 04 01 00 0
7486  0D 00 AE 04 01 00 0
7496  0D 00 AE 05 00 02 0
7486  0D 00 AE 05 00 02 0
1006  1D 00 71 FF 90 F4 0
1006  15 00 62 20 00 F5 0
2005  15 16 01 04 04 0
7497  05 16 AE 40 01 00 00 0
24A6  0D 00 AE 0B 16 00 0
7486  0D 00 AE 0B 16 00 0
7496  0D 00 AE 0B 16 00 0
2494  0D 00 AE 10 0
2494  0D 00 AE 10 0
2494  0D 00 AE 10 0
7407  1D 00 48 FF 00 FF 02 0
7408  1D 00 47 11 16 9E 64 00 105
6007  1D 00 40 9E 64 00 10 0
5007  1D 00 40 9E 64 00 10 0
7496  0D 00 AE 03 4F 32 0
7486  0D 00 AE 03 4F 32 0
7496  0D 00 AE 04 01 00 0
7486  0D 00 AE 04 01 00 0
7496  0D 00 AE 05 00 02 0
7486  0D 00 AE 05 00 02 0
1006  1D 00 73 FF 08 F6 0
7425  1D 00 50 FF 08 0
2494  0D 00 AE 10 0
2494  0D 00 AE 10 0
2494  0D 00 AE 10 0
1006  1D 00 E9 01 01 F7 0
1806  14 00 34 08 E0 7D 0
1806  14 00 34 08 E8 7E 0
1806  14 00 34 08 E0 7F 0
1806  14 00 34 08 E8 80 0
1806  14 00 34 08 E0 81 0
1806  14 00 34 08 E8 82 0
2494  0D 00 AE 10 0
1006  1D 00 73 FF 04 F8 0
7425  1D 00 20 FF 04 0
1806  14 00 34 08 E0 83 0
1806  14 00 34 08 E8 84 0
2494  0D 00 AE 10 0
2494  0D 00 AE 10 0
7415  1D 00 40 20 CB 0
7413  1D 00 41 0
2494  0D 00 AE 10 0
7816  11 00 50 0C 0C 76 0
2494  0D 00 AE 10 0
7816  11 00 50 0C 0B FA 0
2494  0D 00 AE 10 0
7816  11 00 50 0B 0B 03 0
2494  0D 00 AE 10 0
7407  1D 00 48 FF 00 FF 02 0
7408  1D 00 47 11 16 9E 64 00 105
6007  1D 00 40 9E 64 00 10 0
5007  1D 00 40 9E 64 00 10 0
7496  0D 00 AE 03 4F 32 0
7486  0D 00 AE 03 4F 32 0
7496  0D 00 AE 04 01 00 0
7486  0D 00 AE 04 01 00 0
7496  0D 00 AE 05 00 02 0
7486  0D 00 AE 05 00 02 0
1006  1D 00 73 FF 04 F9 0
7425  1D 00 50 FF 04 0
1806  15 00 32 01 31 85 0
7816  11 00 50 0E 0E 60 0
2494  0D 00 AE 10 0
7816  11 00 50 0E 0D E6 0
2494  0D 00 AE 10 0
7816  11 00 50 0E 0D E6 0
2494  0D 00 AE 10 0
7816  11 00 50 0E 0D E6 0
2494  0D 00 AE 10 0
7816  11 00 50 0E 0D E6 0
2494  0D 00 AE 10 0
2494  0D 00 AE 10 0
1006  1D 00 73 FF 08 FA 0
7425  1D 00 50 FF 08 0
7816  11 00 50 0D 0D 6B 0
2494  0D 00 AE 10 0
2494  0D 00 AE 10 0
1806  15 00 32 01 30 86 0
2494  0D 00 AE 10 0
7816  11 00 50 0E 0D E6 0
7407  1D 00 48 FF 00 FF 02 0
7408  1D 00 47 10 16 9E 64 00 105
6007  1D 00 40 9E 64 00 10 0
5007  1D 00 40 9E 64 00 10 0
7496  0D 00 AE 03 4F 32 0
7486  0D 00 AE 03 4F 32 0
7496  0D 00 AE 04 01 00 0
7486  0D 00 AE 04 01 00 0
7496  0D 00 AE 05 00 02 0
7486  0D 00 AE 05 00 02 0
1006  1D 00 73 FF 08 FB 0
7425  1D 00 50 FF 08 0
7816  11 00 50 0D 0C F1 0
2494  0D 00 AE 10 0
2494  0D 00 AE 10 0
2494  0D 00 AE 10 0
2494  0D 00 AE 10 0
7816  11 00 50 0D 0C F1 0
2494  0D 00 AE 10 0
2494  0D 00 AE 10 0
2005  15 16 01 04 00 0
7497  05 16 AE 40 00 00 00 0
2005  15 00 01 04 04 0
2005  19 00 01 04 04 0
7497  05 00 AE 40 01 00 00 0
7497  09 00 AE 40 01 00 00 0
1006  1D 00 71 FF 10 FC 0
2494  0D 00 AE 10 0
7413  1D 00 42 0
1006  1D 00 E9 01 00 FD 0
2498  0D 00 AE 0D FF FF 00 00 0
2494  0D 00 AE 10 0
2494  0D 00 AE 10 0
2494  0D 00 AE 10 0
7407  1D 00 48 FF 00 FF 02 0
7408  1D 00 47 11 16 9E 64 00 105
6007  1D 00 40 9E 64 00 10 0
5007  1D 00 40 9E 64 00 10 0
7496  0D 00 AE 03 4F 32 0
7486  0D 00 AE 03 4F 32 0
7496  0D 00 AE 04 01 00 0
7486  0D 00 AE 04 01 00 0
7496  0D 00 AE 05 00 02 0
7486  0D 00 AE 05 00 02 0
1006  1D 00 73 FF 08 FE 0
7425  1D 00 50 FF 08 0
2494  0D 00 AE 10 0
2494  0D 00 AE 10 0
7408  1D 00 47 11 17 D8 64 00 105
6007  1D 00 40 D8 64 00 10 0
5007  1D 00 40 D8 64 00 10 0
7496  0D 00 AE 03 6C 32 0
7486  0D 00 AE 03 6C 32 0
7496  0D 00 AE 04 01 00 0
7486  0D 00 AE 04 01 00 0
7496  0D 00 AE 05 00 02 0
7486  0D 00 AE 05 00 02 0
2494  0D 00 AE 10 0
2494  0D 00 AE 10 0
7408  1D 00 47 11 18 64 64 00 105
6007  1D 00 40 64 64 00 10 0
5007  1D 00 40 64 64 00 10 0
7496  0D 00 AE 03 32 32 0
7486  0D 00 AE 03 32 32 0
7496  0D 00 AE 04 01 00 0
7486  0D 00 AE 04 01 00 0
7496  0D 00 AE 05 00 02 0
7486  0D 00 AE 05 00 02 0
2494  0D 00 AE 10 0
7408  1D 00 47 11 19 66 64 00 105
6007  1D 00 40 66 64 00 10 0
5007  1D 00 40 66 64 00 10 0
7496  0D 00 AE 03 33 32 0
7486  0D 00 AE 03 33 32 0
7496  0D 00 AE 04 01 00 0
7486  0D 00 AE 04 01 00 0
7496  0D 00 AE 05 00 02 0
7486  0D 00 AE 05 00 02 0
2494  0D 00 AE 10 0
2494  0D 00 AE 10 0
2494  0D 00 AE 10 0
2494  0D 00 AE 10 0
2494  0D 00 AE 10 0
7407  1D 00 48 FF 00 FF 02 0
7408  1D 00 47 11 19 66 64 00 105
6007  1D 00 40 66 64 00 10 0
5007  1D 00 40 66 64 00 10 0
7496  0D 00 AE 03 33 32 0
7486  0D 00 AE 03 33 32 0
7496  0D 00 AE 04 01 00 0
7486  0D 00 AE 04 01 00 0
7496  0D 00 AE 05 00 02 0
7486  0D 00 AE 05 00 02 0
1006  1D 00 73 FF 08 FF 0
7425  1D 00 50 FF 08 0
7408  1D 00 47 11 1A 68 64 00 105
6007  1D 00 40 68 64 00 10 0
5007  1D 00 40 68 64 00 10 0
7496  0D 00 AE 03 34 32 0
7486  0D 00 AE 03 34 32 0
7496  0D 00 AE 04 01 00 0
7486  0D 00 AE 04 01 00 0
7496  0D 00 AE 05 00 02 0
7486  0D 00 AE 05 00 02 0
2494  0D 00 AE 10 0
2494  0D 00 AE 10 0
2494  0D 00 AE 10 0
7408  1D 00 47 11 1B 6A 64 00 105
6007  1D 00 40 6A 64 00 10 0
5007  1D 00 40 6A 64 00 10 0
7496  0D 00 AE 03 35 32 0
7486  0D 00 AE 03 35 32 0
7496  0D 00 AE 04 01 00 0
7486  0D 00 AE 04 01 00 0
7496  0D 00 AE 05 00 02 0
7486  0D 00 AE 05 00 02 0
2494  0D 00 AE 10 0
2494  0D 00 AE 10 0
2494  0D 00 AE 10 0
7408  1D 00 47 11 1C 6C 64 00 105
6007  1D 00 40 6C 64 00 10 0
5007  1D 00 40 6C 64 00 10 0
7496  0D 00 AE 03 36 32 0
7486  0D 00 AE 03 36 32 0
7496  0D 00 AE 04 01 00 0
7486  0D 00 AE 04 01 00 0
7496  0D 00 AE 05 00 02 0
7486  0D 00 AE 05 00 02 0
2494  0D 00 AE 10 0
2494  0D 00 AE 10 0
2494  0D 00 AE 10 0
7408  1D 00 47 11 1D 6E 64 00 105
6007  1D 00 40 6E 64 00 10 0
5007  1D 00 40 6E 64 00 10 0
7496  0D 00 AE 03 37 32 0
7486  0D 00 AE 03 37 32 0
7496  0D 00 AE 04 01 00 0
7486  0D 00 AE 04 01 00 0
7496  0D 00 AE 05 00 02 0
7486  0D 00 AE 05 00 02 0
2494  0D 00 AE 10 0
7407  1D 00 48 FF 00 FF 02 0
7408  1D 00 47 11 1D 6E 64 00 105
6007  1D 00 40 6E 64 00 10 0
5007  1D 00 40 6E 64 00 10 0
7496  0D 00 AE 03 37 32 0
7486  0D 00 AE 03 37 32 0
7496  0D 00 AE 04 01 00 0
7486  0D 00 AE 04 01 00 0
7496  0D 00 AE 05 00 02 0
7486  0D 00 AE 05 00 02 0
1006  1D 00 73 FF 08 00 0
7425  1D 00 50 FF 08 0
2494  0D 00 AE 10 0
2494  0D 00 AE 10 0
7408  1D 00 47 11 1E 70 64 00 105
6007  1D 00 40 70 64 00 10 0
5007  1D 00 40 70 64 00 10 0
7496  0D 00 AE 03 38 32 0
7486  0D 00 AE 03 38 32 0
7496  0D 00 AE 04 01 00 0
7486  0D 00 AE 04 01 00 0
7496  0D 00 AE 05 00 02 0
7486  0D 00 AE 05 00 02 0
2494  0D 00 AE 10 0
2494  0D 00 AE 10 0
7408  1D 00 47 11 1F 72 64 00 105
6007  1D 00 40 72 64 00 10 0
5007  1D 00 40 72 64 00 10 0
7496  0D 00 AE 03 39 32 0
7486  0D 00 AE 03 39 32 0
7496  0D 00 AE 04 01 00 0
7486  0D 00 AE 04 01 00 0
7496  0D 00 AE 05 00 02 0
7486  0D 00 AE 05 00 02 0
2494  0D 00 AE 10 0
2494  0D 00 AE 10 0
2494  0D 00 AE 10 0
1006  15 00 63 80 00 01 0
2005  15 20 01 04 04 0
7497  05 20 AE 40 01 00 00 0
24A6  0D 00 AE 0B 20 00 0
7486  0D 00 AE 0B 20 00 0
7496  0D 00 AE 0B 20 00 0
1006  1D 00 71 FF 90 02 0
7408  1D 00 47 11 20 9E 66 00 105
6007  1D 00 40 9E 66 00 10 0
5007  1D 00 40 9E 66 00 10 0
7496  0D 00 AE 03 4F 33 0
7486  0D 00 AE 03 4F 33 0
7496  0D 00 AE 04 01 00 0
7486  0D 00 AE 04 01 00 0
7496  0D 00 AE 05 00 02 0
7486  0D 00 AE 05 00 02 0
2494  0D 00 AE 10 0
2494  0D 00 AE 10 0
7407  1D 00 48 FF 00 FF 02 0
7408  1D 00 47 11 20 9E 66 00 105
6007  1D 00 40 9E 66 00 10 0
5007  1D 00 40 9E 66 00 10 0
7496  0D 00 AE 03 4F 33 0
7486  0D 00 AE 03 4F 33 0
7496  0D 00 AE 04 01 00 0
7486  0D 00 AE 04 01 00 0
7496  0D 00 AE 05 00 02 0
7486  0D 00 AE 05 00 02 0
1006  1D 00 73 FF 08 03 0
7425  1D 00 50 FF 08 0
2494  0D 00 AE 10 0
2494  0D 00 AE 10 0
2494  0D 00 AE 10 0
2494  0D 00 AE 10 0
1006  1D 00 E9 01 01 04 0
1806  14 00 34 08 E0 87 0
2494  0D 00 AE 10 0
1006  1D 00 73 FF 04 05 0
7425  1D 00 20 FF 04 0
1806  14 00 34 08 E8 88 0
2494  0D 00 AE 10 0
2494  0D 00 AE 10 0
2494  0D 00 AE 10 0
7415  1D 00 40 2E 6B 0
7413  1D 00 41 0
7816  11 00 50 0E 0D E6 0
2494  0D 00 AE 10 0
7816  11 00 50 0E 0D E6 0
2494  0D 00 AE 10 0
7407  1D 00 48 FF 00 FF 02 0
7408  1D 00 47 11 20 9E 66 00 105
6007  1D 00 40 9E 66 00 10 0
5007  1D 00 40 9E 66 00 10 0
7496  0D 00 AE 03 4F 33 0
7486  0D 00 AE 03 4F 33 0
7496  0D 00 AE 04 01 00 0
7486  0D 00 AE 04 01 00 0
7496  0D 00 AE 05 00 02 0
7486  0D 00 AE 05 00 02 0
1006  1D 00 73 FF 04 06 0
7425  1D 00 50 FF 04 0
7814  11 00 FA 04 0
2494  0D 00 AE 10 0
1806  15 00 32 01 31 89 0
2494  0D 00 AE 10 0
7816  11 00 50 0E 0D E6 0
2494  0D 00 AE 10 0
7816  11 00 50 0E 0D E6 0
2494  0D 00 AE 10 0
7816  11 00 50 0E 0D E6 0
2494  0D 00 AE 10 0
7816  11 00 50 0E 0D E6 0
2494  0D 00 AE 10 0
7816  11 00 50 0E 0D E6 0
2494  0D 00 AE 10 0
1006  1D 00 73 FF 08 07 0
7425  1D 00 50 FF 08 0
2494  0D 00 AE 10 0
7816  11 00 50 0E 0D E6 0
1806  15 00 32 01 30 8A 0
2494  0D 00 AE 10 0
2494  0D 00 AE 10 0
7407  1D 00 48 FF 00 FF 02 0
7408  1D 00 47 10 20 9E 66 00 105
6007  1D 00 40 9E 66 00 10 0
5007  1D 00 40 9E 66 00 10 0
7496  0D 00 AE 03 4F 33 0
7486  0D 00 AE 03 4F 33 0
7496  0D 00 AE 04 01 00 0
7486  0D 00 AE 04 01 00 0
7496  0D 00 AE 05 00 02 0
7486  0D 00 AE 05 00 02 0
1006  1D 00 73 FF 08 08 0
7425  1D 00 50 FF 08 0
2494  0D 00 AE 10 0
2494  0D 00 AE 10 0
7816  11 00 50 0E 0D E6 0
2494  0D 00 AE 10 0
2494  0D 00 AE 10 0
2494  0D 00 AE 10 0
2498  0D 00 AE 0D 2B 15 00 00 0
2498  0D 00 AE 31 F6 08 00 00 0
7816  11 00 50 0C 0C 76 0
2494  0D 00 AE 10 0
2005  15 20 01 04 00 0
2005  15 00 01 04 04 0
2005  19 00 01 04 04 0
1006  1D 00 71 FF 10 09 0
7497  05 20 AE 40 00 00 00 0
7497  05 00 AE 40 01 00 00 0
7497  09 00 AE 40 01 00 00 0
7816  11 00 50 0E 0D E6 0
2494  0D 00 AE 10 0
7413  1D 00 42 0
1006  1D 00 E9 01 00 0A 0
2494  0D 00 AE 10 0
2494  0D 00 AE 10 0
2494  0D 00 AE 10 0
7407  1D 00 48 FF 00 FF 02 0
7408  1D 00 47 11 20 9E 66 00 105
6007  1D 00 40 9E 66 00 10 0
5007  1D 00 40 9E 66 00 10 0
7496  0D 00 AE 03 4F 33 0
7486  0D 00 AE 03 4F 33 0
7496  0D 00 AE 04 01 00 0
7486  0D 00 AE 04 01 00 0
7496  0D 00 AE 05 00 02 0
7486  0D 00 AE 05 00 02 0
1006  1D 00 73 FF 08 0B 0
7425  1D 00 50 FF 08 0
2494  0D 00 AE 10 0
2494  0D 00 AE 10 0
7408  1D 00 47 11 21 D8 66 00 105
6007  1D 00 40 D8 66 00 10 0
5007  1D 00 40 D8 66 00 10 0
7496  0D 00 AE 03 6C 33 0
7486  0D 00 AE 03 6C 33 0
7496  0D 00 AE 04 01 00 0
7486  0D 00 AE 04 01 00 0
7496  0D 00 AE 05 00 02 0
7486  0D 00 AE 05 00 02 0
2494  0D 00 AE 10 0
2494  0D 00 AE 10 0
7408  1D 00 47 11 22 64 66 00 105
6007  1D 00 40 64 66 00 10 0
5007  1D 00 40 64 66 00 10 0
7496  0D 00 AE 03 32 33 0
7486  0D 00 AE 03 32 33 0
7496  0D 00 AE 04 01 00 0
7486  0D 00 AE 04 01 00 0
7496  0D 00 AE 05 00 02 0
7486  0D 00 AE 05 00 02 0
1006  1D 00 71 FF 90 0C 0
1006  15 00 64 02 00 0D 0
2005  15 22 01 04 04 0
7497  05 22 AE 40 01 00 00 0
24A6  0D 00 AE 0B 22 00 0
7486  0D 00 AE 0B 22 00 0
7496  0D 00 AE 0B 22 00 0
2494  0D 00 AE 10 0
2494  0D 00 AE 10 0
2494  0D 00 AE 10 0
2494  0D 00 AE 10 0
2494  0D 00 AE 10 0
7407  1D 00 48 FF 00 FF 02 0
7408  1D 00 47 11 22 64 66 00 105
6007  1D 00 40 64 66 00 10 0
5007  1D 00 40 64 66 00 10 0
7496  0D 00 AE 03 32 33 0
7486  0D 00 AE 03 32 33 0
7496  0D 00 AE 04 01 00 0
7486  0D 00 AE 04 01 00 0
7496  0D 00 AE 05 00 02 0
7486  0D 00 AE 05 00 02 0
1006  1D 00 73 FF 08 0E 0
7425  1D 00 50 FF 08 0
2494  0D 00 AE 10 0
1006  1D 00 E9 01 01 0F 0
1806  14 00 34 08 E0 8B 0
2494  0D 00 AE 10 0
1806  14 00 34 08 E8 8C 0
1806  14 00 34 08 E0 8D 0
1006  1D 00 73 FF 04 10 0
7425  1D 00 20 FF 04 0
2494  0D 00 AE 10 0
1806  14 00 34 08 E8 8E 0
2494  0D 00 AE 10 0
2494  0D 00 AE 10 0
7415  1D 00 40 31 28 0
7413  1D 00 41 0
7816  11 00 50 0E 0D E6 0
2494  0D 00 AE 10 0
7816  11 00 50 0D 0D 6B 0
2494  0D 00 AE 10 0
7816  11 00 50 0E 0D E6 0
2494  0D 00 AE 10 0
7816  11 00 50 0D 0D 6B 0
1806  15 00 32 01 31 8F 0
2494  0D 00 AE 10 0
7816  11 00 50 0D 0D 6B 0
2494  0D 00 AE 10 0
7407  1D 00 48 FF 00 FF 02 0
7408  1D 00 47 10 22 64 66 00 105
6007  1D 00 40 64 66 00 10 0
5007  1D 00 40 64 66 00 10 0
7496  0D 00 AE 03 32 33 0
7486  0D 00 AE 03 32 33 0
7496  0D 00 AE 04 01 00 0
7486  0D 00 AE 04 01 00 0
7496  0D 00 AE 05 00 02 0
7486  0D 00 AE 05 00 02 0
1006  1D 00 73 FF 04 11 0
7425  1D 00 50 FF 04 0
2494  0D 00 AE 10 0
2494  0D 00 AE 10 0
2494  0D 00 AE 10 0
7816  11 00 50 0E 0D E6 0
2494  0D 00 AE 10 0
1006  1D 00 73 FF 08 12 0
7425  1D 00 50 FF 08 0
2494  0D 00 AE 10 0
7816  11 00 50 0D 0D 6B 0
2494  0D 00 AE 10 0
1806  15 00 32 01 30 90 0
7816  11 00 50 0D 0D 6B 0
2494  0D 00 AE 10 0
7816  11 00 50 0E 0D E6 0
2494  0D 00 AE 10 0
2494  0D 00 AE 10 0
7816  11 00 50 0E 0D E6 0
2494  0D 00 AE 10 0
7407  1D 00 48 FF 00 FF 02 0
7408  1D 00 47 10 22 64 66 00 105
6007  1D 00 40 64 66 00 10 0
5007  1D 00 40 64 66 00 10 0
7496  0D 00 AE 03 32 33 0
7486  0D 00 AE 03 32 33 0
7496  0D 00 AE 04 01 00 0
7486  0D 00 AE 04 01 00 0
7496  0D 00 AE 05 00 02 0
7486  0D 00 AE 05 00 02 0
1006  1D 00 73 FF 08 13 0
7425  1D 00 50 FF 08 0
7816  11 00 50 0E 0D E6 0
2494  0D 00 AE 10 0
2494  0D 00 AE 10 0
2494  0D 00 AE 10 0
7816  11 00 50 0E 0D E6 0
2494  0D 00 AE 10 0
2494  0D 00 AE 10 0
2494  0D 00 AE 10 0
1006  1D 00 71 FF 10 14 0
2005  15 22 01 04 00 0
2005  15 00 01 04 04 0
2005  19 00 01 04 04 0
7497  05 22 AE 40 00 00 00 0
7497  05 00 AE 40 01 00 00 0
7497  09 00 AE 40 01 00 00 0
7413  1D 00 42 0
1006  1D 00 E9 01 00 15 0
2494  0D 00 AE 10 0
2494  0D 00 AE 10 0
2494  0D 00 AE 10 0
2494  0D 00 AE 10 0
7407  1D 00 48 FF 00 FF 02 0
7408  1D 00 47 11 22 64 66 00 105
6007  1D 00 40 64 66 00 10 0
5007  1D 00 40 64 66 00 10 0
7496  0D 00 AE 03 32 33 0
7486  0D 00 AE 03 32 33 0
7496  0D 00 AE 04 01 00 0
7486  0D 00 AE 04 01 00 0
7496  0D 00 AE 05 00 02 0
7486  0D 00 AE 05 00 02 0
1006  1D 00 73 FF 08 16 0
7425  1D 00 50 FF 08 0
2494  0D 00 AE 10 0
7408  1D 00 47 11 23 66 66 00 105
6007  1D 00 40 66 66 00 10 0
5007  1D 00 40 66 66 00 10 0
7496  0D 00 AE 03 33 33 0
7486  0D 00 AE 03 33 33 0
7496  0D 00 AE 04 01 00 0
7486  0D 00 AE 04 01 00 0
7496  0D 00 AE 05 00 02 0
7486  0D 00 AE 05 00 02 0
2005  15 00 01 04 00 0
2005  19 00 01 04 00 0
7497  05 00 AE 40 00 00 00 0
7497  09 00 AE 40 00 00 00 0
7407  1D 00 48 FF 00 FF 00 0
7496  0D 00 AE 05 00 00 0
7486  0D 00 AE 05 00 00 0
1006  1D 00 71 FF 00 17 0
7408  1D 00 47 01 23 66 66 00 105
6007  1D 00 40 66 66 00 00 0
5007  1D 00 40 66 66 00 00 0
7496  0D 00 AE 03 33 33 0
7486  0D 00 AE 03 33 33 0
7496  0D 00 AE 04 00 00 0
7486  0D 00 AE 04 00 00 0
7496  0D 00 AE 05 00 00 0
7486  0D 00 AE 05 00 00 0
1006  15 00 64 04 00 18 0
24A6  0D 00 AE 0B 23 00 0
7486  0D 00 AE 0B 23 00 0
7496  0D 00 AE 0B 23 00 0
2494  0D 00 AE 10 0
2494  0D 00 AE 10 0
2494  0D 00 AE 10 0
2494  0D 00 AE 10 0
2494  0D 00 AE 10 0
1006  1D 00 E9 01 01 19 0
1806  14 00 34 08 E0 91 0
1806  14 00 34 08 E8 92 0
1806  14 00 34 08 E0 93 0
2494  0D 00 AE 10 0
1006  1D 00 73 FF 04 1A 0
7425  1D 00 20 FF 04 0
1806  14 00 34 08 E8 94 0
2494  0D 00 AE 10 0
2494  0D 00 AE 10 0
7415  1D 00 40 32 87 0
7413  1D 00 41 0
2494  0D 00 AE 10 0
7407  1D 00 48 FF 00 FF 00 0
7408  1D 00 47 01 23 66 66 00 105
6007  1D 00 40 66 66 00 00 0
5007  1D 00 40 66 66 00 00 0
7496  0D 00 AE 03 33 33 0
7486  0D 00 AE 03 33 33 0
7496  0D 00 AE 04 00 00 0
7486  0D 00 AE 04 00 00 0
7496  0D 00 AE 05 00 00 0
7486  0D 00 AE 05 00 00 0
1006  1D 00 73 FF 04 1B 0
7425  1D 00 50 FF 04 0
7816  11 00 50 0D 0D 6B 0
2494  0D 00 AE 10 0
7816  11 00 50 0D 0D 6B 0
2494  0D 00 AE 10 0
7816  11 00 50 0D 0D 6B 0
2498  0D 00 AE 0D FF FF 00 00 0
2494  0D 00 AE 10 0
1806  15 00 32 01 31 95 0
2494  0D 00 AE 10 0
7816  11 00 50 0D 0D 6B 0
2494  0D 00 AE 10 0
2494  0D 00 AE 10 0
7816  11 00 50 0D 0D 6B 0
2494  0D 00 AE 10 0
7816  11 00 50 0D 0D 6B 0
2494  0D 00 AE 10 0
2494  0D 00 AE 10 0
7816  11 00 50 0E 0D E6 0
1006  1D 00 73 FF 08 1C 0
7425  1D 00 50 FF 08 0
7407  1D 00 48 FF 00 FF 00 0
7408  1D 00 47 00 23 66 66 00 105
6007  1D 00 40 66 66 00 00 0
5007  1D 00 40 66 66 00 00 0
7496  0D 00 AE 03 33 33 0
7486  0D 00 AE 03 33 33 0
7496  0D 00 AE 04 00 00 0
7486  0D 00 AE 04 00 00 0
7496  0D 00 AE 05 00 00 0
7486  0D 00 AE 05 00 00 0
1006  1D 00 73 FF 08 1D 0
7425  1D 00 50 FF 08 0
2494  0D 00 AE 10 0
2494  0D 00 AE 10 0
1806  15 00 32 01 30 96 0
2494  0D 00 AE 10 0
2494  0D 00 AE 10 0
7816  11 00 50 0F 0E DA 0
2494  0D 00 AE 10 0
7816  11 00 50 0E 0E 60 0
2494  0D 00 AE 10 0
7816  11 00 50 0E 0E 60 0
2494  0D 00 AE 10 0
2494  0D 00 AE 10 0
7816  11 00 50 0E 0E 60 0
2494  0D 00 AE 10 0
2494  0D 00 AE 10 0
7407  1D 00 48 FF 00 FF 00 0
7408  1D 00 47 00 23 66 66 00 105
6007  1D 00 40 66 66 00 00 0
5007  1D 00 40 66 66 00 00 0
7496  0D 00 AE 03 33 33 0
7486  0D 00 AE 03 33 33 0
7496  0D 00 AE 04 00 00 0
7486  0D 00 AE 04 00 00 0
7496  0D 00 AE 05 00 00 0
7486  0D 00 AE 05 00 00 0
1006  1D 00 73 FF 08 1E 0
7425  1D 00 50 FF 08 0
2494  0D 00 AE 10 0
2494  0D 00 AE 10 0
2494  0D 00 AE 10 0
2494  0D 00 AE 10 0
2494  0D 00 AE 10 0
7814  11 00 FA 04 0
2494  0D 00 AE 10 0
7816  11 00 50 0C 0B FA 0
2494  0D 00 AE 10 0
2494  0D 00 AE 10 0
7816  11 00 50 0C 0B FA 0
2494  0D 00 AE 10 0
2498  0D 00 AE 10 0D 00 AE 10 0

