0505  FF 78 76 BF 00 0
0088  02 AA 00 00 00 00 00 00 0
0208  00 AB 02 66 00 00 00 00 0
0088  06 0A 00 00 00 00 00 00 0
0505  FF 78 76 BF 00 0
4008  00 77 00 00 00 00 00 00 0
0088  07 0A 00 00 00 00 00 00 0
4008  00 77 00 00 00 00 00 00 0
0505  FF 78 76 BF 00 0
0088  01 BC 01 00 00 00 00 00 623
0088  08 0A 00 00 00 00 00 00 0
4008  00 77 00 00 00 00 00 00 0
0505  FF 78 76 BF 00 0
0088  09 0A 00 00 00 00 00 00 0
0505  FF 78 76 BF 00 0
0088  03 AA 00 00 00 00 00 00 0
0218  00 AB 03 66 00 00 00 00 0
4008  00 77 00 00 00 00 00 00 0
0088  0A 0A 00 00 00 12 25 19 0
4008  00 77 00 00 00 00 00 00 0
0505  FF 78 76 BF 00 0
0088  0B 0A 00 00 00 00 00 00 0
0088  01 AA 00 00 00 00 00 00 0
0505  FF 78 76 BF 00 0
01F8  00 AB 01 66 00 00 00 00 0
4008  00 77 00 00 00 00 00 00 0
0088  0C 0A 00 00 00 00 00 00 0
0505  FF 78 76 BF 00 0
0088  0D 0A 00 00 00 00 00 00 0
4008  00 77 00 00 00 00 00 00 0
0088  02 AA 00 00 00 00 00 00 0
0208  00 AB 02 66 00 00 00 00 0
0505  FF 78 76 BF 00 0
4008  00 77 00 00 00 00 00 00 0
0088  0E 0A 00 00 00 00 00 00 0
0505  FF 78 76 BF 00 0
0088  0F 0A 00 00 00 00 00 00 0
4008  00 77 00 00 00 00 00 00 0
0088  03 AA 00 00 00 00 00 00 0
0218  00 AB 03 66 00 00 00 00 0
0505  FF 78 76 BF 00 0
0088  10 0A 00 00 00 00 00 00 0
4008  00 77 00 00 00 00 00 00 0
0088  00 82 28 01 00 00 00 00 0
0505  FF 78 76 BF 00 0
4008  00 77 00 00 00 00 00 00 0
0088  01 AA 00 00 00 00 00 00 0
01F8  00 AB 01 66 00 00 00 00 0
0505  FF 78 76 BF 00 0
0088  00 83 00 00 00 00 00 00 0
4008  00 77 00 00 00 00 00 00 0
0088  00 84 00 00 00 00 00 00 0
0505  FF 78 76 BF 00 0
0088  02 AA 00 00 00 00 00 00 0
0208  00 AB 02 66 00 00 00 00 0
4008  00 77 00 00 00 00 00 00 0
0505  FF 78 76 BF 00 0
0088  00 85 00 00 00 00 00 00 0
4008  00 77 00 00 00 00 00 00 0
0088  00 86 00 00 00 01 03 05 0
0505  FF 78 76 BF 00 0
0088  03 AA 00 00 00 00 00 00 0
0218  00 AB 03 66 00 00 00 00 0
4008  00 77 00 00 00 00 00 00 0
0088  01 BC 01 00 00 00 00 00 623
0505  FF 78 76 BF 00 0
0088  01 AA 00 00 00 00 00 00 0
01F8  00 AB 01 66 00 00 00 00 0
4008  00 77 00 00 00 00 00 00 0
0505  FF 78 76 BF 00 0
30810098  00 00 00 00 00 00 00 00 0
4008  00 77 00 00 00 00 00 00 0
0088  00 01 01 00 00 01 0C 00 423
0505  FF 78 76 BF 00 0
0088  01 0A 00 00 00 00 00 00 0
4008  00 77 00 00 00 00 00 00 0
0505  FF 78 76 BF 00 0
0088  02 AA 00 00 00 00 00 00 0
0208  00 AB 02 66 00 00 00 00 0
0088  02 0A 00 00 00 00 00 00 0
0505  FF 78 76 BF 00 0
4008  00 77 00 00 00 00 00 00 0
0088  03 0A 00 00 00 00 00 00 0
0504  01 6E 02 66 0
4008  00 77 00 00 00 00 00 00 0
0088  00 01 01 01 00 01 0C 00 423
0505  FF 78 76 BF 00 0
0088  03 0A 02 00 00 00 00 00 0
0505  FF 78 76 BF 00 0
4008  00 77 00 00 00 00 00 00 0
0088  04 0A 04 00 66 01 01 08 0
0088  07 0A 02 00 00 00 00 00 0
0505  FF 78 76 BF 00 0
4008  00 77 00 00 00 00 00 00 0
0088  07 0A 02 00 00 00 00 00 0
0505  FF 78 76 BF 00 0
0088  08 82 2A 01 00 00 00 00 0
4008  00 77 00 00 00 00 00 00 0
0504  00 6E 02 66 0
0088  00 01 01 02 00 01 0D 00 423
0505  FF 78 76 BF 00 0
0088  03 AA 00 00 00 00 00 00 0
4008  00 77 00 00 00 00 00 00 0
0218  00 AB 03 66 00 00 00 00 0
0088  04 0A 04 00 66 01 01 08 0
0505  FF 78 76 BF 00 0
0088  05 0A 00 00 00 00 00 00 0
4008  00 77 00 00 00 00 00 00 0
0505  FF 78 76 BF 00 0
0088  01 AA 00 00 00 00 00 00 0
01F8  00 AB 01 66 00 00 00 00 0
4008  00 77 00 00 00 00 00 00 0
0088  06 0A 00 00 00 00 00 00 0
0505  FF 78 76 BF 00 0
0088  07 0A 02 00 00 00 00 00 0
4008  00 77 00 00 00 00 00 00 0
0088  00 BC 01 00 00 00 00 00 523
0505  FF 78 76 BF 00 0
0088  08 0A 00 00 00 00 00 00 0
4008  00 77 00 00 00 00 00 00 0
0505  FF 78 76 BF 00 0
0088  07 0A 02 00 00 00 00 00 0
4008  00 77 00 00 00 00 00 00 0
0088  02 AA 00 00 00 00 00 00 0
0208  00 AB 02 66 00 00 00 00 0
0505  FF 78 76 BF 00 0
0088  0A 0A 00 00 00 12 25 21 0
4008  00 77 00 00 00 00 00 00 0
0505  FF 78 76 BF 00 0
0088  0B 0A 00 00 00 00 00 00 0
0088  03 AA 00 00 00 00 00 00 0
0218  00 AB 03 66 00 00 00 00 0
4008  00 77 00 00 00 00 00 00 0
0505  FF 78 76 BF 00 0
0088  0C 0A 00 00 00 00 00 00 0
4008  00 77 00 00 00 00 00 00 0
0088  0D 0A 00 00 00 00 00 00 0
0505  FF 78 76 BF 00 0
0088  00 86 00 00 00 02 03 05 0
4008  00 77 00 00 00 00 00 00 0
0505  FF 78 76 BF 00 0
0088  01 AA 00 00 00 00 00 00 0
01F8  00 AB 01 66 00 00 00 00 0
0088  0E 0A 00 00 00 00 00 00 0
0505  FF 78 76 BF 00 0
4008  00 77 00 00 00 00 00 00 0
0504  01 6E 03 66 0
0088  03 0A 06 00 00 00 00 00 0
4008  00 77 00 00 00 00 00 00 0
0505  FF 78 76 BF 00 0
0088  07 0A 06 00 00 00 00 00 0
0088  09 0A 06 00 00 00 00 00 0
0505  FF 78 76 BF 00 0
4008  00 77 00 00 00 00 00 00 0
0088  0F 0A 00 00 00 00 00 00 0
0088  02 AA 00 00 00 00 00 00 0
0505  FF 78 76 BF 00 0
0208  00 AB 02 66 00 00 00 00 0
4008  00 77 00 00 00 00 00 00 0
0088  10 0A 00 00 00 00 00 00 0
4008  00 77 00 00 00 00 00 00 0
0505  FF 78 76 BF 00 0
0088  08 82 2A 01 00 00 00 00 0
0504  01 6E 03 66 0
0088  03 AA 00 00 00 00 00 00 0
0218  00 AB 03 66 00 00 00 00 0
0505  FF 78 76 BF 00 0
4008  00 77 00 00 00 00 00 00 0
0088  00 83 00 00 00 00 00 00 0
0505  FF 78 76 BF 00 0
0088  00 84 00 00 00 00 00 00 0
4008  00 77 00 00 00 00 00 00 0
0088  01 AA 00 00 00 00 00 00 0
01F8  00 AB 01 66 00 00 00 00 0
0505  FF 78 76 BF 00 0
4008  00 77 00 00 00 00 00 00 0
0088  00 85 00 00 00 00 00 00 0
0088  00 86 00 00 00 02 03 05 0
0505  FF 78 76 BF 00 0
4008  00 77 00 00 00 00 00 00 0
0088  02 AA 00 00 00 00 00 00 0
0208  00 AB 02 66 00 00 00 00 0
0505  FF 78 76 BF 00 0
0088  00 BC 01 00 00 00 00 00 523
4008  00 77 00 00 00 00 00 00 0
0088  03 AA 00 00 00 00 00 00 0
0218  00 AB 03 66 00 00 00 00 0
0505  FF 78 76 BF 00 0
4008  00 77 00 00 00 00 00 00 0
0088  00 01 01 02 00 01 05 00 423
0505  FF 78 76 BF 00 0
30810098  00 00 00 00 00 00 00 00 0
4008  00 77 00 00 00 00 00 00 0
0088  00 01 01 02 00 01 05 00 423
0505  FF 78 76 BF 00 0
0088  01 0A 00 00 00 00 00 00 0
4008  00 77 00 00 00 00 00 00 0
0088  01 AA 00 00 00 00 00 00 0
01F8  00 AB 01 66 00 00 00 00 0
0505  FF 78 76 BF 00 0
0088  02 0A 00 00 00 00 00 00 0
4008  00 77 00 00 00 00 00 00 0
0505  FF 78 76 BF 00 0
0088  03 0A 06 00 00 00 00 00 0
0088  02 AA 00 00 00 00 00 00 0
4008  00 77 00 00 00 00 00 00 0
0208  00 AB 02 66 00 00 00 00 0
0505  FF 78 76 BF 00 0
0088  08 82 2A 00 00 00 00 00 0
0505  FF 78 76 BF 00 0
0088  04 0A 04 00 66 01 01 08 0
4008  00 77 00 00 00 00 00 00 0
0088  05 0A 00 00 00 00 00 00 0
4008  00 77 00 00 00 00 00 00 0
0505  FF 78 76 BF 00 0
0088  03 AA 00 00 00 00 00 00 0
0218  00 AB 03 66 00 00 00 00 0
0088  06 0A 00 00 00 00 00 00 0
4008  00 77 00 00 00 00 00 00 0
0505  FF 78 76 BF 00 0
0088  07 0A 06 00 00 00 00 00 0
0505  FF 78 76 BF 00 0
0088  00 BC 01 00 00 00 00 00 523
4008  00 77 00 00 00 00 00 00 0
0088  08 0A 00 00 00 00 00 00 0
4008  00 77 00 00 00 00 00 00 0
0505  FF 78 76 BF 00 0
0088  09 0A 06 00 00 00 00 00 0
0505  FF 78 76 BF 00 0
0088  01 AA 00 00 00 00 00 00 0
4008  00 77 00 00 00 00 00 00 0
01F8  00 AB 01 66 00 00 00 00 0
0088  0A 0A 00 00 00 12 25 23 0
0505  FF 78 76 BF 00 0
0088  0B 0A 00 00 00 00 00 00 0
4008  00 77 00 00 00 00 00 00 0
0088  02 AA 00 00 00 00 00 00 0
0208  00 AB 02 66 00 00 00 00 0
0505  FF 78 76 BF 00 0
4008  00 77 00 00 00 00 00 00 0
0088  00 01 01 02 00 01 01 00 423
0505  FF 78 76 BF 00 0
0088  0C 0A 00 00 00 00 00 00 0
4008  00 77 00 00 00 00 00 00 0
0088  0D 0A 00 00 00 00 00 00 0
0505  FF 78 76 BF 00 0
0088  03 AA 00 00 00 00 00 00 0
0218  00 AB 03 66 00 00 00 00 0
4008  00 77 00 00 00 00 00 00 0
0088  0E 0A 00 00 00 00 00 00 0
0505  FF 78 76 BF 00 0
4008  00 77 00 00 00 00 00 00 0
0088  0F 0A 00 00 00 00 00 00 0
0505  FF 78 76 BF 00 0
0088  01 AA 00 00 00 00 00 00 0
01F8  00 AB 01 66 00 00 00 00 0
4008  00 77 00 00 00 00 00 00 0
0088  10 0A 00 00 00 00 00 00 0
0505  FF 78 76 BF 00 0
0088  08 82 2A 00 00 00 00 00 0
4008  00 77 00 00 00 00 00 00 0
0505  FF 78 76 BF 00 0
0088  02 AA 00 00 00 00 00 00 0
0208  00 AB 02 66 00 00 00 00 0
4008  00 77 00 00 00 00 00 00 0
0088  00 83 00 00 00 00 00 00 0
0505  FF 78 76 BF 00 0
0088  00 84 00 00 00 00 00 00 0
4008  00 77 00 00 00 00 00 00 0
0088  03 AA 00 00 00 00 00 00 0
0505  FF 78 76 BF 00 0
0218  00 AB 03 66 00 00 00 00 0
0088  00 85 00 00 00 00 00 00 0
4008  00 77 00 00 00 00 00 00 0
0505  FF 78 76 BF 00 0
0088  00 86 00 00 00 02 03 05 0
4008  00 77 00 00 00 00 00 00 0
0088  01 AA 00 00 00 00 00 00 0
01F8  00 AB 01 66 00 00 00 00 0
0505  FF 78 76 BF 00 0
0088  00 BC 01 00 00 00 00 00 523
4008  00 77 00 00 00 00 00 00 0
0505  FF 78 76 BF 00 0
0088  02 AA 00 00 00 00 00 00 0
0208  00 AB 02 66 00 00 00 00 0
30810098  00 00 00 00 00 00 00 00 0
0505  FF 78 76 BF 00 0
4008  00 77 00 00 00 00 00 00 0
0088  00 01 01 02 00 01 01 00 423
4008  00 77 00 00 00 00 00 00 0
0088  01 0A 00 00 00 00 00 00 0
0505  FF 78 76 BF 00 0
0088  03 AA 00 00 00 00 00 00 0
0218  00 AB 03 66 00 00 00 00 0
0505  FF 78 76 BF 00 0
4008  00 77 00 00 00 00 00 00 0
0088  02 0A 00 00 00 00 00 00 0
0088  03 0A 06 00 00 00 00 00 0
0505  FF 78 76 BF 00 0
4008  00 77 00 00 00 00 00 00 0
0088  01 AA 00 00 00 00 00 00 0
01F8  00 AB 01 66 00 00 00 00 0
0505  FF 78 76 BF 00 0
4008  00 77 00 00 00 00 00 00 0
0088  04 0A 04 00 66 01 01 08 0
0088  05 0A 00 00 00 00 00 00 0
0505  FF 78 76 BF 00 0
4008  00 77 00 00 00 00 00 00 0
0088  02 AA 00 00 00 00 00 00 0
0208  00 AB 02 66 00 00 00 00 0
0088  06 0A 00 00 00 00 00 00 0
0505  FF 78 76 BF 00 0
4008  00 77 00 00 00 00 00 00 0
0088  07 0A 06 00 00 00 00 00 0
0505  FF 78 76 BF 00 0
0088  00 BC 01 00 00 00 00 00 523
4008  00 77 00 00 00 00 00 00 0
0088  08 0A 00 00 00 00 00 00 0
0505  FF 78 76 BF 00 0
0088  09 0A 06 00 00 00 00 00 0
4008  00 77 00 00 00 00 00 00 0
0505  FF 78 76 BF 00 0
0088  03 AA 00 00 00 00 00 00 0
0218  00 AB 03 66 00 00 00 00 0
0088  0A 0A 00 00 02 12 25 25 318
4008  00 77 00 00 00 00 00 00 0
0505  FF 78 76 BF 00 0
0088  0B 0A 00 00 00 00 00 00 0
4008  00 77 00 00 00 00 00 00 0
0088  01 AA 00 00 00 00 00 00 0
01F8  00 AB 01 66 00 00 00 00 0
0505  FF 78 76 BF 00 0
0088  0C 0A 00 00 00 00 00 00 0
4008  00 77 00 00 00 00 00 00 0
0505  FF 78 76 BF 00 0
0088  0D 0A 00 00 00 00 00 00 0
0088  02 AA 00 00 00 00 00 00 0
0208  00 AB 02 66 00 00 00 00 0
4008  00 77 00 00 00 00 00 00 0
0505  FF 78 76 BF 00 0
0088  0E 0A 00 00 00 00 00 00 0
4008  00 77 00 00 00 00 00 00 0
0505  FF 78 76 BF 00 0
0088  0F 0A 00 00 00 00 00 00 0
0088  03 AA 00 00 00 00 00 00 0
0218  00 AB 03 66 00 00 00 00 0
4008  00 77 00 00 00 00 00 00 0
0505  FF 78 76 BF 00 0
0088  10 0A 00 00 00 00 00 00 0
0088  08 82 2A 00 00 00 00 00 0
0505  FF 78 76 BF 00 0
4008  00 77 00 00 00 00 00 00 0
0088  01 AA 00 00 00 00 00 00 0
01F8  00 AB 01 66 00 00 00 00 0
4008  00 77 00 00 00 00 00 00 0
0505  FF 78 76 BF 00 0
0088  00 83 00 00 00 00 00 00 0
0088  00 84 00 00 00 00 00 00 0
0505  FF 78 76 BF 00 0
4008  00 77 00 00 00 00 00 00 0
0088  02 AA 00 00 00 00 00 00 0
0208  00 AB 02 66 00 00 00 00 0
0088  00 85 00 00 00 00 00 00 0
0505  FF 78 76 BF 00 0
4008  00 77 00 00 00 00 00 00 0
0088  00 86 00 00 00 02 03 05 0
4008  00 77 00 00 00 00 00 00 0
0505  FF 78 76 BF 00 0
0088  03 AA 00 00 00 00 00 00 0
0218  00 AB 03 66 00 00 00 00 0
0088  00 BC 01 00 00 00 00 00 523
0505  FF 78 76 BF 00 0
4008  00 77 00 00 00 00 00 00 0
0088  01 AA 00 00 00 00 00 00 0
01F8  00 AB 01 66 00 00 00 00 0
0505  FF 78 76 BF 00 0
30810098  00 00 00 00 00 00 00 00 0
4008  00 77 00 00 00 00 00 00 0
0088  00 01 02 02 00 02 01 00 423
0505  FF 78 76 BF 00 0
4008  00 77 00 00 00 00 00 00 0
0088  04 0A 04 00 66 01 02 08 0
0088  00 01 02 02 00 02 01 00 423
0505  FF 78 76 BF 00 0
4008  00 77 00 00 00 00 00 00 0
0088  01 0A 00 00 00 00 00 00 0
0505  FF 78 76 BF 00 0
0088  02 AA 00 00 00 00 00 00 0
0208  00 AB 02 66 00 00 00 00 0
4008  00 77 00 00 00 00 00 00 0
0088  02 0A 00 00 00 00 00 00 0
0505  FF 78 76 BF 00 0
4008  00 77 00 00 00 00 00 00 0
0088  03 0A 06 00 00 00 00 00 0
0505  FF 78 76 BF 00 0
0088  03 AA 00 00 00 00 00 00 0
0218  00 AB 03 66 00 00 00 00 0
4008  00 77 00 00 00 00 00 00 0
0088  04 0A 04 00 66 01 02 08 0
0505  FF 78 76 BF 00 0
0088  05 0A 00 00 00 00 00 00 0
4008  00 77 00 00 00 00 00 00 0
0088  01 AA 00 00 00 00 00 00 0
0505  FF 78 76 BF 00 0
01F8  00 AB 01 66 00 00 00 00 0
4008  00 77 00 00 00 00 00 00 0
0088  06 0A 00 00 00 00 00 00 0
0505  FF 78 76 BF 00 0
0088  07 0A 06 00 00 00 00 00 0
4008  00 77 00 00 00 00 00 00 0
0088  00 BC 02 00 00 00 00 00 523
0505  FF 78 76 BF 00 0
0088  08 0A 00 00 00 00 00 00 0
0505  FF 78 76 BF 00 0
4008  00 77 00 00 00 00 00 00 0
0088  09 0A 06 00 00 00 00 00 0
0088  02 AA 00 00 00 00 00 00 0
4008  00 77 00 00 00 00 00 00 0
0208  00 AB 02 66 00 00 00 00 0
0505  FF 78 76 BF 00 0
0088  0A 0A 00 00 04 12 25 27 318
0088  0B 0A 00 00 00 00 00 00 0
4008  00 77 00 00 00 00 00 00 0
0505  FF 78 76 BF 00 0
0088  03 AA 00 00 00 00 00 00 0
0218  00 AB 03 66 00 00 00 00 0
0505  FF 78 76 BF 00 0
0088  0C 0A 00 00 00 00 00 00 0
4008  00 77 00 00 00 00 00 00 0
0088  0D 0A 00 00 00 00 00 00 0
4008  00 77 00 00 00 00 00 00 0
0505  FF 78 76 BF 00 0
0088  01 AA 00 00 00 00 00 00 0
01F8  00 AB 01 66 00 00 00 00 0
0505  FF 78 76 BF 00 0
0088  0E 0A 00 00 00 00 00 00 0
4008  00 77 00 00 00 00 00 00 0
0088  0F 0A 00 00 00 00 00 00 0
0505  FF 78 76 BF 00 0
0088  02 AA 00 00 00 00 00 00 0
0208  00 AB 02 66 00 00 00 00 0
4008  00 77 00 00 00 00 00 00 0
0088  10 0A 00 00 00 00 00 00 0
0505  FF 78 76 BF 00 0
4008  00 77 00 00 00 00 00 00 0
0088  08 82 2A 00 00 00 00 00 0
0505  FF 78 76 BF 00 0
0088  03 AA 00 00 00 00 00 00 0
0218  00 AB 03 66 00 00 00 00 0
4008  00 77 00 00 00 00 00 00 0
0088  00 83 00 00 00 00 00 00 0
0505  FF 78 76 BF 00 0
0088  00 84 00 00 00 00 00 00 0
4008  00 77 00 00 00 00 00 00 0
0505  FF 78 76 BF 00 0
0088  01 AA 00 00 00 00 00 00 0
01F8  00 AB 01 66 00 00 00 00 0
4008  00 77 00 00 00 00 00 00 0
0088  00 85 00 00 00 00 00 00 0
0505  FF 78 76 BF 00 0
0088  00 86 00 00 00 02 03 05 0
4008  00 77 00 00 00 00 00 00 0
0088  02 AA 00 00 00 00 00 00 0
0505  FF 78 76 BF 00 0
0208  00 AB 02 66 00 00 00 00 0
0088  00 BC 02 00 00 00 00 00 523
4008  00 77 00 00 00 00 00 00 0
0505  FF 78 76 BF 00 0
0088  03 AA 00 00 00 00 00 00 0
0218  00 AB 03 66 00 00 00 00 0
4008  00 77 00 00 00 00 00 00 0
30810098  00 00 00 00 00 00 00 00 0
0505  FF 78 76 BF 00 0
0088  00 01 02 02 00 02 01 00 423
4008  00 77 00 00 00 00 00 00 0
0505  FF 78 76 BF 00 0
0088  01 0A 00 00 00 00 00 00 0
0088  0A 82 2A 00 00 00 00 00 0
4008  00 77 00 00 00 00 00 00 0
0505  FF 78 76 BF 00 0
0088  00 01 02 02 00 02 51 00 423
4008  00 77 00 00 00 00 00 00 0
0088  04 0A 05 00 66 01 02 08 0
0505  FF 78 76 BF 00 0
0088  01 AA 00 00 00 00 00 00 0
01F8  00 AB 01 66 00 00 00 00 0
4008  00 77 00 00 00 00 00 00 0
0505  FF 78 76 BF 00 0
0088  02 0A 00 00 00 00 00 00 0
0088  03 0A 06 00 00 00 00 00 0
0505  FF 78 76 BF 00 0
4008  00 77 00 00 00 00 00 00 0
0088  02 AA 00 00 00 00 00 00 0
0208  00 AB 02 66 00 00 00 00 0
4008  00 77 00 00 00 00 00 00 0
0088  04 0A 05 00 66 01 02 08 0
0505  FF 78 76 BF 00 0
0088  05 0A 00 00 00 00 00 00 0
0505  FF 78 76 BF 00 0
4008  00 77 00 00 00 00 00 00 0
0088  03 AA 00 00 00 00 00 00 0
0218  00 AB 03 66 00 00 00 00 0
0088  06 0A 00 00 00 00 00 00 0
0505  FF 78 76 BF 00 0
4008  00 77 00 00 00 00 00 00 0
0088  07 0A 06 00 00 00 00 00 0
0505  FF 78 76 BF 00 0
4008  00 77 00 00 00 00 00 00 0
0088  00 01 02 02 00 02 41 00 423
0088  00 BC 02 00 00 00 00 00 523
0505  FF 78 76 BF 00 0
4008  00 77 00 00 00 00 00 00 0
0088  08 0A 00 00 00 00 00 00 0
0088  09 0A 06 00 00 00 00 00 0
0505  FF 78 76 BF 00 0
4008  00 77 00 00 00 00 00 00 0
0088  00 01 02 02 00 02 49 00 423
0505  FF 78 76 BF 00 0
0088  01 AA 00 00 00 00 00 00 0
4008  00 77 00 00 00 00 00 00 0
01F8  00 AB 01 66 00 00 00 00 0
0088  0A 0A 00 00 05 12 25 29 318
0505  FF 78 76 BF 00 0
0088  0B 0A 00 00 00 00 00 00 0
4008  00 77 00 00 00 00 00 00 0
0505  FF 78 76 BF 00 0
0088  02 AA 00 00 00 00 00 00 0
0208  00 AB 02 66 00 00 00 00 0
0088  00 01 02 02 00 02 59 00 423
4008  00 77 00 00 00 00 00 00 0
0505  FF 78 76 BF 00 0
0088  0C 0A 00 00 00 00 00 00 0
4008  00 77 00 00 00 00 00 00 0
0088  0D 0A 00 00 00 00 00 00 0
0505  FF 78 76 BF 00 0
0088  03 AA 00 00 00 00 00 00 0
0218  00 AB 03 66 00 00 00 00 0
4008  00 77 00 00 00 00 00 00 0
0505  FF 78 76 BF 00 0
0088  0E 0A 00 00 00 00 00 00 0
0088  0F 0A 00 00 00 00 00 00 0
4008  00 77 00 00 00 00 00 00 0
0505  FF 78 76 BF 00 0
0088  01 AA 00 00 00 00 00 00 0
01F8  00 AB 01 66 00 00 00 00 0
4008  00 77 00 00 00 00 00 00 0
0505  FF 78 76 BF 00 0
0088  10 0A 00 00 00 00 00 00 0
0088  0A 82 2A 00 00 00 00 00 0
4008  00 77 00 00 00 00 00 00 0
0505  FF 78 76 BF 00 0
0088  02 AA 00 00 00 00 00 00 0
0208  00 AB 02 66 00 00 00 00 0
0088  00 83 00 00 00 00 00 00 0
0505  FF 78 76 BF 00 0
4008  00 77 00 00 00 00 00 00 0
0088  00 01 02 02 00 02 49 00 423
4008  00 77 00 00 00 00 00 00 0
0505  FF 78 76 BF 00 0
0088  00 84 00 00 00 00 00 00 0
0088  0A 82 2A 01 00 00 00 00 0
0505  FF 78 76 BF 00 0
4008  00 77 00 00 00 00 00 00 0
0088  00 01 02 02 00 02 4D 00 423
0505  FF 78 76 BF 00 0
0088  03 AA 00 00 00 00 00 00 0
0218  00 AB 03 66 00 00 00 00 0
4008  00 77 00 00 00 00 00 00 0
0088  00 85 00 00 00 00 00 00 0
4008  00 77 00 00 00 00 00 00 0
0505  FF 78 76 BF 00 0
0088  00 86 00 00 00 02 03 05 0
0088  01 AA 00 00 00 00 00 00 0
01F8  00 AB 01 66 00 00 00 00 0
0505  FF 78 76 BF 00 0
4008  00 77 00 00 00 00 00 00 0
0088  00 BC 02 00 00 00 00 00 523
0505  FF 78 76 BF 00 0
0088  00 01 02 02 00 02 5D 00 423
4008  00 77 00 00 00 00 00 00 0
0088  02 AA 00 00 00 00 00 00 0
0208  00 AB 02 66 00 00 00 00 0
0505  FF 78 76 BF 00 0
4008  00 77 00 00 00 00 00 00 0
0088  00 01 02 01 00 02 5D 00 423
0505  FF 78 76 BF 00 0
0088  00 01 02 01 00 02 1D 00 423
4008  00 77 00 00 00 00 00 00 0
0088  04 0A 04 00 66 00 02 08 0
0505  FF 78 76 BF 00 0
0088  00 82 28 01 00 00 00 00 0
4008  00 77 00 00 00 00 00 00 0
30810098  00 00 00 00 00 00 00 00 0
0505  FF 78 76 BF 00 0
4008  00 77 00 00 00 00 00 00 0
0088  00 01 02 01 00 02 1D 00 423
0505  FF 78 76 BF 00 0
0088  01 0A 00 00 00 00 00 00 0
4008  00 77 00 00 00 00 00 00 0
0088  03 AA 00 00 00 00 00 00 0
0218  00 AB 03 66 00 00 00 00 0
0505  FF 78 76 BF 00 0
0088  02 0A 00 00 00 00 00 00 0
4008  00 77 00 00 00 00 00 00 0
0505  FF 78 76 BF 00 0
0088  03 0A 06 00 00 00 00 00 0
4008  00 77 00 00 00 00 00 00 0
0088  00 01 02 01 00 02 0D 00 423
0505  FF 78 76 BF 00 0
0088  01 AA 00 00 00 00 00 00 0
01F8  00 AB 01 66 00 00 00 00 0
4008  00 77 00 00 00 00 00 00 0
0088  04 0A 04 00 66 00 02 08 0
0505  FF 78 76 BF 00 0
0088  05 0A 00 00 00 00 00 00 0
0505  FF 78 76 BF 00 0
4008  00 77 00 00 00 00 00 00 0
0088  02 AA 00 00 00 00 00 00 0
0208  00 AB 02 66 00 00 00 00 0
4008  00 77 00 00 00 00 00 00 0
0088  00 01 02 01 00 02 0C 00 423
0505  FF 78 76 BF 00 0
0088  06 0A 00 00 00 00 00 00 0
4008  00 77 00 00 00 00 00 00 0
0088  07 0A 06 00 00 00 00 00 0
0505  FF 78 76 BF 00 0
0088  00 01 02 01 00 02 1C 00 423
0505  FF 78 76 BF 00 0
4008  00 77 00 00 00 00 00 00 0
0088  00 BC 02 00 00 00 00 00 523
0088  08 0A 00 00 00 00 00 00 0
4008  00 77 00 00 00 00 00 00 0
0505  FF 78 76 BF 00 0
0088  09 0A 06 00 00 00 00 00 0
0505  FF 78 76 BF 00 0
0088  03 AA 00 00 00 00 00 00 0
4008  00 77 00 00 00 00 00 00 0
0218  00 AB 03 66 00 00 00 00 0
0088  0A 0A 00 00 05 12 25 32 0
0505  FF 78 76 BF 00 0
0088  0B 0A 00 00 00 00 00 00 0
4008  00 77 00 00 00 00 00 00 0
0088  10 82 28 01 00 00 00 00 0
0505  FF 78 76 BF 00 0
4008  00 77 00 00 00 00 00 00 0
0088  00 01 02 09 00 02 1C 00 423
0505  FF 78 76 BF 00 0
0088  03 0A 04 00 00 00 00 00 0
4008  00 77 00 00 00 00 00 00 0
0088  04 0A 04 20 66 00 02 08 0
0505  FF 78 76 BF 00 0
0088  07 0A 04 00 00 00 00 00 0
4008  00 77 00 00 00 00 00 00 0
0505  FF 78 76 BF 00 0
0088  00 01 02 09 00 02 0C 00 423
4008  00 77 00 00 00 00 00 00 0
0088  09 0A 04 00 00 00 00 00 0
0505  FF 78 76 BF 00 0
0088  01 AA 00 00 00 00 00 00 0
01F8  00 AB 01 66 00 00 00 00 0
4008  00 77 00 00 00 00 00 00 0
0088  0C 0A 00 00 00 00 00 00 0
0505  FF 78 76 BF 00 0
0088  00 86 00 00 00 02 03 04 0
4008  00 77 00 00 00 00 00 00 0
0505  FF 78 76 BF 00 0
0088  0D 0A 00 00 00 00 00 00 0
4008  00 77 00 00 00 00 00 00 0
0088  10 82 20 01 00 00 00 00 0
0505  FF 78 76 BF 00 0
0505  FF 78 74 BF 00 0
0088  02 AA 00 00 00 00 00 00 0
0208  00 AB 02 66 00 00 00 00 0
4008  00 77 00 00 00 00 00 00 0
0505  FF 78 74 BF 00 0
0088  00 86 00 00 00 02 03 00 0
0088  00 01 02 09 00 02 1C 00 423
4008  00 77 00 00 00 00 00 00 0
0505  FF 78 74 BF 00 0
0088  0E 0A 00 00 00 00 00 00 0
4008  00 77 00 00 00 00 00 00 0
0088  0F 0A 00 00 00 00 00 00 0
0505  FF 78 74 BF 00 0
0088  03 AA 00 00 00 00 00 00 0
0218  00 AB 03 66 00 00 00 00 0
4008  00 77 00 00 00 00 00 00 0
0505  FF 78 74 BF 00 0
0088  10 0A 00 00 00 00 00 00 0
0088  10 82 20 01 00 00 00 00 0
0505  FF 78 74 BF 00 0
4008  00 77 00 00 00 00 00 00 0
0088  01 AA 00 00 00 00 00 00 0
01F8  00 AB 01 66 00 00 00 00 0
4008  00 77 00 00 00 00 00 00 0
0505  FF 78 74 BF 00 0
0088  00 83 00 00 00 00 00 00 0
0088  00 84 00 00 00 00 00 00 0
0505  FF 78 74 BF 00 0
4008  00 77 00 00 00 00 00 00 0
0088  02 AA 00 00 00 00 00 00 0
0208  00 AB 02 66 00 00 00 00 0
0088  00 85 00 00 00 00 00 00 0
0505  FF 78 74 BF 00 0
4008  00 77 00 00 00 00 00 00 0
0088  00 01 02 09 00 02 0C 00 423
0505  FF 78 74 BF 00 0
4008  00 77 00 00 00 00 00 00 0
0088  00 86 00 00 00 02 03 00 0
0088  03 AA 00 00 00 00 00 00 0
0218  00 AB 03 66 00 00 00 00 0
0505  FF 78 74 BF 00 0
4008  00 77 00 00 00 00 00 00 0
0088  01 BC 02 00 00 00 00 00 623
0505  FF 78 74 BF 00 0
0088  01 AA 00 00 00 00 00 00 0
01F8  00 AB 01 66 00 00 00 00 0
4008  00 77 00 00 00 00 00 00 0
30810098  00 00 00 00 00 00 00 00 0
0505  FF 78 74 BF 00 0
4008  00 77 00 00 00 00 00 00 0
0088  00 01 02 09 00 02 0C 00 423
0088  01 0A 00 00 00 00 00 00 0
0505  FF 78 74 BF 00 0
4008  00 77 00 00 00 00 00 00 0
0088  02 AA 00 00 00 00 00 00 0
0208  00 AB 02 66 00 00 00 00 0
0505  FF 78 74 BF 00 0
0088  00 01 02 09 00 02 1C 00 423
4008  00 77 00 00 00 00 00 00 0
0088  02 0A 00 00 00 00 00 00 0
0505  FF 78 74 BF 00 0
0088  03 0A 04 00 00 00 00 00 0
4008  00 77 00 00 00 00 00 00 0
0088  03 AA 00 00 00 00 00 00 0
0505  FF 78 74 BF 00 0
0218  00 AB 03 66 00 00 00 00 0
0088  04 0A 04 20 66 00 02 08 0
4008  00 77 00 00 00 00 00 00 0
0505  FF 78 74 BF 00 0
0088  05 0A 00 00 00 00 00 00 0
0088  01 AA 00 00 00 00 00 00 0
4008  00 77 00 00 00 00 00 00 0
01F8  00 AB 01 66 00 00 00 00 0
0505  FF 78 74 BF 00 0
0088  06 0A 00 00 00 00 00 00 0
4008  00 77 00 00 00 00 00 00 0
0505  FF 78 74 BF 00 0
0088  07 0A 04 00 00 00 00 00 0
0088  01 BC 02 00 00 00 00 00 623
4008  00 77 00 00 00 00 00 00 0
0505  FF 78 74 BF 00 0
0088  08 0A 00 00 00 00 00 00 0
0088  09 0A 04 00 00 00 00 00 0
0505  FF 78 74 BF 00 0
4008  00 77 00 00 00 00 00 00 0
0088  00 01 02 09 00 02 0C 00 423
4008  00 77 00 00 00 00 00 00 0
0505  FF 78 75 BF 00 0
0505  FF 78 75 BF 00 0
0088  00 86 00 00 00 02 03 02 0
0088  00 01 02 01 00 02 0C 00 423
0505  FF 78 75 BF 00 0
4008  00 77 00 00 00 00 00 00 0
0088  04 0A 04 00 66 00 02 08 0
0505  FF 78 75 BF 00 0
0088  00 82 20 01 00 00 00 00 0
4008  00 77 00 00 00 00 00 00 0
0088  02 AA 00 00 00 00 00 00 0
0208  00 AB 02 66 00 00 00 00 0
4008  00 77 00 00 00 00 00 00 0
0505  FF 78 75 BF 00 0
0088  0A 0A 00 00 05 12 25 34 0
0088  0B 0A 00 00 00 00 00 00 0
0505  FF 78 75 BF 00 0
4008  00 77 00 00 00 00 00 00 0
0088  03 AA 00 00 00 00 00 00 0
0218  00 AB 03 66 00 00 00 00 0
0505  FF 78 75 BF 00 0
0088  00 01 02 01 00 02 1C 00 423
4008  00 77 00 00 00 00 00 00 0
0088  0C 0A 00 00 00 00 00 00 0
0505  FF 78 75 BF 00 0
4008  00 77 00 00 00 00 00 00 0
0088  0D 0A 00 00 00 00 00 00 0
0505  FF 78 75 BF 00 0
0088  01 AA 00 00 00 00 00 00 0
01F8  00 AB 01 66 00 00 00 00 0
4008  00 77 00 00 00 00 00 00 0
0088  0E 0A 00 00 00 00 00 00 0
0505  FF 78 75 BF 00 0
0088  0F 0A 00 00 00 00 00 00 0
4008  00 77 00 00 00 00 00 00 0
0088  02 AA 00 00 00 00 00 00 0
0505  FF 78 75 BF 00 0
0208  00 AB 02 66 00 00 00 00 0
4008  00 77 00 00 00 00 00 00 0
0088  10 0A 00 00 00 00 00 00 0
0505  FF 78 75 BF 00 0
0088  00 82 20 01 00 00 00 00 0
4008  00 77 00 00 00 00 00 00 0
0088  03 AA 00 00 00 00 00 00 0
0218  00 AB 03 66 00 00 00 00 0
0505  FF 78 75 BF 00 0
0088  00 83 00 00 00 00 00 00 0
4008  00 77 00 00 00 00 00 00 0
0505  FF 78 75 BF 00 0
0088  00 01 02 01 00 02 0C 00 423
4008  00 77 00 00 00 00 00 00 0
0088  00 84 00 00 00 00 00 00 0
0505  FF 78 75 BF 00 0
0088  01 AA 00 00 00 00 00 00 0
01F8  00 AB 01 66 00 00 00 00 0
4008  00 77 00 00 00 00 00 00 0
0088  00 85 00 00 00 00 00 00 0
0505  FF 78 75 BF 00 0
0088  00 86 00 00 00 02 03 02 0
0505  FF 78 75 BF 00 0
4008  00 77 00 00 00 00 00 00 0
0088  02 AA 00 00 00 00 00 00 0
0208  00 AB 02 66 00 00 00 00 0
4008  00 77 00 00 00 00 00 00 0
0088  01 BC 02 00 00 00 00 00 623
0505  FF 78 75 BF 00 0
0088  03 AA 00 00 00 00 00 00 0
0218  00 AB 03 66 00 00 00 00 0
4008  00 77 00 00 00 00 00 00 0
0505  FF 78 75 BF 00 0
30810098  00 00 00 00 00 00 00 00 0
0088  00 01 02 01 00 02 1C 00 423
0505  FF 78 75 BF 00 0
4008  00 77 00 00 00 00 00 00 0
0088  00 01 02 01 00 02 1C 00 423
0088  01 0A 00 00 00 00 00 00 0
4008  00 77 00 00 00 00 00 00 0
0505  FF 78 75 BF 00 0
0088  01 AA 00 00 00 00 00 00 0
01F8  00 AB 01 66 00 00 00 00 0
0505  FF 78 75 BF 00 0
0088  02 0A 00 00 00 00 00 00 0
4008  00 77 00 00 00 00 00 00 0
0088  03 0A 04 00 00 00 00 00 0
0505  FF 78 75 BF 00 0
0088  02 AA 00 00 00 00 00 00 0
4008  00 77 00 00 00 00 00 00 0
0208  00 AB 02 66 00 00 00 00 0
0505  FF 78 75 BF 00 0
0088  04 0A 04 00 66 00 02 08 0
4008  00 77 00 00 00 00 00 00 0
0088  05 0A 00 00 00 00 00 00 0
0505  FF 78 75 BF 00 0
0088  03 AA 00 00 00 00 00 00 0
0218  00 AB 03 66 00 00 00 00 0
4008  00 77 00 00 00 00 00 00 0
0088  06 0A 00 00 00 00 00 00 0
0505  FF 78 75 BF 00 0
0088  07 0A 04 00 00 00 00 00 0
4008  00 77 00 00 00 00 00 00 0
0505  FF 78 75 BF 00 0
0088  00 01 02 01 00 02 0C 00 423
4008  00 77 00 00 00 00 00 00 0
0088  01 BC 02 00 00 00 00 00 623
0505  FF 78 75 BF 00 0
0088  08 0A 00 00 00 00 00 00 0
4008  00 77 00 00 00 00 00 00 0
0088  09 0A 04 00 00 00 00 00 0
0505  FF 78 75 BF 00 0
0088  01 AA 00 00 00 00 00 00 0
01F8  00 AB 01 66 00 00 00 00 0
4008  00 77 00 00 00 00 00 00 0
0505  FF 78 75 BF 00 0
0088  0A 0A 00 00 05 12 25 36 0
4008  00 77 00 00 00 00 00 00 0
0088  0B 0A 00 00 00 00 00 00 0
0505  FF 78 75 BF 00 0
0088  02 AA 00 00 00 00 00 00 0
0208  00 AB 02 66 00 00 00 00 0
4008  00 77 00 00 00 00 00 00 0
0505  FF 78 75 BF 00 0
0088  00 01 02 01 00 02 1C 00 423
0088  0C 0A 00 00 00 00 00 00 0
4008  00 77 00 00 00 00 00 00 0
0505  FF 78 75 BF 00 0
0088  0D 0A 00 00 00 00 00 00 0
4008  00 77 00 00 00 00 00 00 0
0088  03 AA 00 00 00 00 00 00 0
0505  FF 78 75 BF 00 0
0218  00 AB 03 66 00 00 00 00 0
0088  0E 0A 00 00 00 00 00 00 0
4008  00 77 00 00 00 00 00 00 0
0505  FF 78 75 BF 00 0
0088  0F 0A 00 00 00 00 00 00 0
0088  01 AA 00 00 00 00 00 00 0
01F8  00 AB 01 66 00 00 00 00 0
0505  FF 78 75 BF 00 0
4008  00 77 00 00 00 00 00 00 0
0088  10 0A 00 00 00 00 00 00 0
4008  00 77 00 00 00 00 00 00 0
0505  FF 78 75 BF 00 0
0088  00 82 20 01 00 00 00 00 0
0088  02 AA 00 00 00 00 00 00 0
0208  00 AB 02 66 00 00 00 00 0
0505  FF 78 75 BF 00 0
4008  00 77 00 00 00 00 00 00 0
0088  00 83 00 00 00 00 00 00 0
0088  00 84 00 00 00 00 00 00 0
0505  FF 78 75 BF 00 0
4008  00 77 00 00 00 00 00 00 0
0088  00 01 02 01 00 02 0C 00 423
0505  FF 78 75 BF 00 0
4008  00 77 00 00 00 00 00 00 0
0088  03 AA 00 00 00 00 00 00 0
0218  00 AB 03 66 00 00 00 00 0
0088  00 85 00 00 00 00 00 00 0
0505  FF 78 75 BF 00 0
4008  00 77 00 00 00 00 00 00 0
0088  00 86 00 00 00 02 03 02 0
0505  FF 78 75 BF 00 0
0088  01 AA 00 00 00 00 00 00 0
01F8  00 AB 01 66 00 00 00 00 0
4008  00 77 00 00 00 00 00 00 0
0088  01 BC 02 00 00 00 00 00 623
0505  FF 78 75 BF 00 0
4008  00 77 00 00 00 00 00 00 0
0088  02 AA 00 00 00 00 00 00 0
0208  00 AB 02 66 00 00 00 00 0
30810098  00 00 00 00 00 00 00 00 0
0505  FF 78 75 BF 00 0
4008  00 77 00 00 00 00 00 00 0
0088  00 01 02 01 00 02 0C 00 423
0505  FF 78 75 BF 00 0
0088  00 01 02 01 00 02 1C 00 423
4008  00 77 00 00 00 00 00 00 0
0088  01 0A 00 00 00 00 00 00 0
0505  FF 78 75 BF 00 0
4008  00 77 00 00 00 00 00 00 0
0088  03 AA 00 00 00 00 00 00 0
0218  00 AB 03 66 00 00 00 00 0
0505  FF 78 75 BF 00 0
0088  02 0A 00 00 00 00 00 00 0
4008  00 77 00 00 00 00 00 00 0
0088  03 0A 04 00 00 00 00 00 0
0505  FF 78 75 BF 00 0
0088  01 AA 00 00 00 00 00 00 0
01F8  00 AB 01 66 00 00 00 00 0
4008  00 77 00 00 00 00 00 00 0
0088  04 0A 04 00 66 00 02 08 0
0505  FF 78 75 BF 00 0
0088  05 0A 00 00 00 00 00 00 0
4008  00 77 00 00 00 00 00 00 0
0505  FF 78 75 BF 00 0
0088  02 AA 00 00 00 00 00 00 0
0208  00 AB 02 66 00 00 00 00 0
0088  06 0A 00 00 00 00 00 00 0
4008  00 77 00 00 00 00 00 00 0
0505  FF 78 75 BF 00 0
0088  07 0A 04 00 00 00 00 00 0
0505  FF 78 75 BF 00 0
0088  00 01 02 01 00 02 0C 00 423
4008  00 77 00 00 00 00 00 00 0
0088  01 BC 02 00 00 00 00 00 623
4008  00 77 00 00 00 00 00 00 0
0505  FF 78 75 BF 00 0
0088  08 0A 00 00 00 00 00 00 0
0088  09 0A 04 00 00 00 00 00 0
0505  FF 78 75 BF 00 0
4008  00 77 00 00 00 00 00 00 0
0088  03 AA 00 00 00 00 00 00 0
0218  00 AB 03 66 00 00 00 00 0
0505  FF 78 75 BF 00 0
0088  0A 0A 00 00 05 12 25 38 0
4008  00 77 00 00 00 00 00 00 0
0088  0B 0A 00 00 00 00 00 00 0
4008  00 77 00 00 00 00 00 00 0
0505  FF 78 75 BF 00 0
0088  01 AA 00 00 00 00 00 00 0
01F8  00 AB 01 66 00 00 00 00 0
0505  FF 78 75 BF 00 0
0088  0C 0A 00 00 00 00 00 00 0
4008  00 77 00 00 00 00 00 00 0
0088  00 01 02 01 00 02 1C 00 423
0505  FF 78 75 BF 00 0
0088  0D 0A 00 00 00 00 00 00 0
4008  00 77 00 00 00 00 00 00 0
0088  02 AA 00 00 00 00 00 00 0
0208  00 AB 02 66 00 00 00 00 0
0505  FF 78 75 BF 00 0
4008  00 77 00 00 00 00 00 00 0
0088  0E 0A 00 00 00 00 00 00 0
0505  FF 78 75 BF 00 0
0088  0F 0A 00 00 00 00 00 00 0
4008  00 77 00 00 00 00 00 00 0
0088  03 AA 00 00 00 00 00 00 0
0218  00 AB 03 66 00 00 00 00 0
0505  FF 78 75 BF 00 0
0088  10 0A 00 00 00 00 00 00 0
4008  00 77 00 00 00 00 00 00 0
0088  00 82 20 01 00 00 00 00 0
0505  FF 78 75 BF 00 0
4008  00 77 00 00 00 00 00 00 0
0088  01 AA 00 00 00 00 00 00 0
01F8  00 AB 01 66 00 00 00 00 0
0505  FF 78 75 BF 00 0
0088  00 83 00 00 00 00 00 00 0
4008  00 77 00 00 00 00 00 00 0
0088  00 84 00 00 00 00 00 00 0
0505  FF 78 75 BF 00 0
0088  02 AA 00 00 00 00 00 00 0
0208  00 AB 02 66 00 00 00 00 0
4008  00 77 00 00 00 00 00 00 0
0505  FF 78 75 BF 00 0
0088  00 01 02 11 00 02 0C 00 423
4008  00 77 00 00 00 00 00 00 0
0088  04 0A 04 40 66 00 02 08 0
0505  FF 78 75 BF 00 0
0088  08 82 20 01 00 00 00 00 0
4008  00 77 00 00 00 00 00 00 0
0088  00 85 00 00 00 00 00 00 0
0505  FF 78 75 BF 00 0
0088  00 86 00 00 00 02 03 02 0
0505  FF 78 75 BF 00 0
4008  00 77 00 00 00 00 00 00 0
0088  03 AA 00 00 00 00 00 00 0
0218  00 AB 03 66 00 00 00 00 0
4008  00 77 00 00 00 00 00 00 0
0088  01 BC 02 00 00 00 00 00 623
0505  FF 78 75 BF 00 0
0088  01 AA 00 00 00 00 00 00 0
01F8  00 AB 01 66 00 00 00 00 0
4008  00 77 00 00 00 00 00 00 0
0505  FF 78 75 BF 00 0
30810098  00 00 00 00 00 00 00 00 0
0088  00 01 02 11 00 02 1C 00 423
0505  FF 78 75 BF 00 0
4008  00 77 00 00 00 00 00 00 0
0088  00 01 02 11 00 02 1C 00 423
4008  00 77 00 00 00 00 00 00 0
0088  01 0A 00 00 00 00 00 00 0
0505  FF 78 75 BF 00 0
0088  02 AA 00 00 00 00 00 00 0
0208  00 AB 02 66 00 00 00 00 0
0505  FF 78 75 BF 00 0
4008  00 77 00 00 00 00 00 00 0
0088  02 0A 00 00 00 00 00 00 0
0088  03 0A 04 00 00 00 00 00 0
0505  FF 78 74 BF 00 0
0505  FF 78 74 BF 00 0
4008  00 77 00 00 00 00 00 00 0
0088  00 86 00 00 00 02 03 00 0
0505  FF 78 74 BF 00 0
0088  03 AA 00 00 00 00 00 00 0
4008  00 77 00 00 00 00 00 00 0
0218  00 AB 03 66 00 00 00 00 0
0088  04 0A 04 40 66 00 02 08 0
0505  FF 78 74 BF 00 0
0088  05 0A 00 00 00 00 00 00 0
4008  00 77 00 00 00 00 00 00 0
0088  01 AA 00 00 00 00 00 00 0
01F8  00 AB 01 66 00 00 00 00 0
0505  FF 78 74 BF 00 0
0088  00 01 02 11 00 02 0C 00 423
4008  00 77 00 00 00 00 00 00 0
0505  FF 78 74 BF 00 0
0088  06 0A 00 00 00 00 00 00 0
4008  00 77 00 00 00 00 00 00 0
0088  07 0A 04 00 00 00 00 00 0
0505  FF 78 74 BF 00 0
0088  01 BC 02 00 00 00 00 00 623
4008  00 77 00 00 00 00 00 00 0
0505  FF 78 74 BF 00 0
0088  08 0A 00 00 00 00 00 00 0
0088  09 0A 04 00 00 00 00 00 0
4008  00 77 00 00 00 00 00 00 0
0505  FF 78 74 BF 00 0
0088  02 AA 00 00 00 00 00 00 0
0208  00 AB 02 66 00 00 00 00 0
4008  00 77 00 00 00 00 00 00 0
0088  0A 0A 00 00 05 12 25 40 0
0505  FF 78 74 BF 00 0
0088  0B 0A 00 00 00 00 00 00 0
4008  00 77 00 00 00 00 00 00 0
0505  FF 78 74 BF 00 0
0088  00 01 02 11 00 02 1C 00 423
0088  03 AA 00 00 00 00 00 00 0
0218  00 AB 03 66 00 00 00 00 0
4008  00 77 00 00 00 00 00 00 0
0505  FF 78 74 BF 00 0
0088  0C 0A 00 00 00 00 00 00 0
4008  00 77 00 00 00 00 00 00 0
0505  FF 78 74 BF 00 0
0088  0D 0A 00 00 00 00 00 00 0
0088  01 AA 00 00 00 00 00 00 0
01F8  00 AB 01 66 00 00 00 00 0
4008  00 77 00 00 00 00 00 00 0
0505  FF 78 74 BF 00 0
0088  0E 0A 00 00 00 00 00 00 0
0088  0F 0A 00 00 00 00 00 00 0
0505  FF 78 74 BF 00 0
4008  00 77 00 00 00 00 00 00 0
0088  02 AA 00 00 00 00 00 00 0
0208  00 AB 02 66 00 00 00 00 0
4008  00 77 00 00 00 00 00 00 0
0505  FF 78 74 BF 00 0
0088  10 0A 00 00 00 00 00 00 0
0088  08 82 20 01 00 00 00 00 0
0505  FF 78 74 BF 00 0
4008  00 77 00 00 00 00 00 00 0
0088  03 AA 00 00 00 00 00 00 0
0218  00 AB 03 66 00 00 00 00 0
0088  00 83 00 00 00 00 00 00 0
0505  FF 78 74 BF 00 0
4008  00 77 00 00 00 00 00 00 0
0088  00 01 02 11 00 02 0C 00 423
0505  FF 78 74 BF 00 0
4008  00 77 00 00 00 00 00 00 0
0088  00 84 00 00 00 00 00 00 0
0088  01 AA 00 00 00 00 00 00 0
01F8  00 AB 01 66 00 00 00 00 0
0505  FF 78 74 BF 00 0
4008  00 77 00 00 00 00 00 00 0
0088  00 85 00 00 00 00 00 00 0
0505  FF 78 74 BF 00 0
0088  00 86 00 00 00 02 03 00 0
4008  00 77 00 00 00 00 00 00 0
0088  02 AA 00 00 00 00 00 00 0
0208  00 AB 02 66 00 00 00 00 0
0505  FF 78 74 BF 00 0
4008  00 77 00 00 00 00 00 00 0
0088  01 BC 02 00 00 00 00 00 623
0088  03 AA 00 00 00 00 00 00 0
0505  FF 78 74 BF 00 0
0218  00 AB 03 66 00 00 00 00 0
4008  00 77 00 00 00 00 00 00 0
0088  00 01 02 11 00 02 1C 00 423
0505  FF 78 74 BF 00 0
30810098  00 00 00 00 00 00 00 00 0
4008  00 77 00 00 00 00 00 00 0
0088  00 01 02 11 00 02 1C 00 423
0505  FF 78 74 BF 00 0
4008  00 77 00 00 00 00 00 00 0
0088  01 0A 00 00 00 00 00 00 0
0505  FF 78 74 BF 00 0
0088  01 AA 00 00 00 00 00 00 0
01F8  00 AB 01 66 00 00 00 00 0
4008  00 77 00 00 00 00 00 00 0
0088  02 0A 00 00 00 00 00 00 0
0505  FF 78 74 BF 00 0
0088  03 0A 04 00 00 00 00 00 0
4008  00 77 00 00 00 00 00 00 0
0088  02 AA 00 00 00 00 00 00 0
0505  FF 78 74 BF 00 0
0208  00 AB 02 66 00 00 00 00 0
0088  04 0A 04 40 66 00 02 08 0
4008  00 77 00 00 00 00 00 00 0
0505  FF 78 74 BF 00 0
0088  05 0A 00 00 00 00 00 00 0
0088  03 AA 00 00 00 00 00 00 0
4008  00 77 00 00 00 00 00 00 0
0218  00 AB 03 66 00 00 00 00 0
0505  FF 78 74 BF 00 0
0088  06 0A 00 00 00 00 00 00 0
0505  FF 78 74 BF 00 0
0088  00 01 02 11 00 02 0C 00 423
4008  00 77 00 00 00 00 00 00 0
0088  07 0A 04 00 00 00 00 00 0
4008  00 77 00 00 00 00 00 00 0
0505  FF 78 74 BF 00 0
0088  01 BC 02 00 00 00 00 00 623
0088  08 0A 00 00 00 00 00 00 0
0505  FF 78 74 BF 00 0
4008  00 77 00 00 00 00 00 00 0
0088  09 0A 04 00 00 00 00 00 0
0505  FF 78 74 BF 00 0
0088  01 AA 00 00 00 00 00 00 0
01F8  00 AB 01 66 00 00 00 00 0
4008  00 77 00 00 00 00 00 00 0
0088  0A 0A 00 00 05 12 25 42 0
4008  00 77 00 00 00 00 00 00 0
0505  FF 78 74 BF 00 0
0088  0B 0A 00 00 00 00 00 00 0
0505  FF 78 74 BF 00 0
0088  02 AA 00 00 00 00 00 00 0
0208  00 AB 02 66 00 00 00 00 0
4008  00 77 00 00 00 00 00 00 0
0088  00 01 02 11 00 02 1C 00 423
0505  FF 78 74 BF 00 0
0088  0C 0A 00 00 00 00 00 00 0
4008  00 77 00 00 00 00 00 00 0
0088  0D 0A 00 00 00 00 00 00 0
0505  FF 78 74 BF 00 0
4008  00 77 00 00 00 00 00 00 0
0088  03 AA 00 00 00 00 00 00 0
0218  00 AB 03 66 00 00 00 00 0
0505  FF 78 74 BF 00 0
0088  0E 0A 00 00 00 00 00 00 0
4008  00 77 00 00 00 00 00 00 0
0088  0F 0A 00 00 00 00 00 00 0
0505  FF 78 74 BF 00 0
0088  01 AA 00 00 00 00 00 00 0
01F8  00 AB 01 66 00 00 00 00 0
4008  00 77 00 00 00 00 00 00 0
0505  FF 78 74 BF 00 0
0088  10 0A 00 00 00 00 00 00 0
4008  00 77 00 00 00 00 00 00 0
0505  FF 78 76 BF 00 0
0088  08 82 20 01 00 00 00 00 0
0505  FF 78 76 BF 00 0
0088  04 0A 04 00 66 00 02 08 0
4008  00 77 00 00 00 00 00 00 0
0088  00 82 20 01 00 00 00 00 0
0505  FF 78 76 BF 00 0
0088  00 86 00 00 00 02 03 04 0
4008  00 77 00 00 00 00 00 00 0
0505  FF 78 76 BF 00 0
0088  00 01 02 01 00 02 0C 00 423
4008  00 77 00 00 00 00 00 00 0
0088  00 82 28 01 00 00 00 00 0
0505  FF 78 76 BF 00 0
0088  00 86 00 00 00 02 03 05 0
4008  00 77 00 00 00 00 00 00 0
0505  FF 78 76 BF 00 0
0088  08 82 2A 01 00 00 00 00 0
0088  04 0A 04 00 66 01 02 08 0
0505  FF 78 76 BF 00 0
4008  00 77 00 00 00 00 00 00 0
0088  02 AA 00 00 00 00 00 00 0
0208  00 AB 02 66 00 00 00 00 0
4008  00 77 00 00 00 00 00 00 0
0088  00 83 00 00 00 00 00 00 0
0505  FF 78 76 BF 00 0
0088  00 01 02 02 00 02 0D 00 423
4008  00 77 00 00 00 00 00 00 0
0505  FF 78 76 BF 00 0
0088  00 84 00 00 00 00 00 00 0
0088  03 AA 00 00 00 00 00 00 0
0218  00 AB 03 66 00 00 00 00 0
0505  FF 78 76 BF 00 0
4008  00 77 00 00 00 00 00 00 0
0088  00 85 00 00 00 00 00 00 0
4008  00 77 00 00 00 00 00 00 0
0088  00 86 00 00 00 02 03 05 0
0505  FF 78 76 BF 00 0
0088  01 AA 00 00 00 00 00 00 0
01F8  00 AB 01 66 00 00 00 00 0
0505  FF 78 76 BF 00 0
4008  00 77 00 00 00 00 00 00 0
0088  00 BC 02 00 00 00 00 00 523
0088  02 AA 00 00 00 00 00 00 0
0208  00 AB 02 66 00 00 00 00 0
0505  FF 78 76 BF 00 0
4008  00 77 00 00 00 00 00 00 0
30810098  00 00 00 00 00 00 00 00 0
0505  FF 78 76 BF 00 0
4008  00 77 00 00 00 00 00 00 0
0088  00 01 02 02 00 02 0D 00 423
0088  01 0A 00 00 00 00 00 00 0
0505  FF 78 76 BF 00 0
4008  00 77 00 00 00 00 00 00 0
0088  03 AA 00 00 00 00 00 00 0
0218  00 AB 03 66 00 00 00 00 0
0088  02 0A 00 00 00 00 00 00 0
0505  FF 78 76 BF 00 0
4008  00 77 00 00 00 00 00 00 0
0088  03 0A 04 00 00 00 00 00 0
0505  FF 78 76 BF 00 0
0088  01 AA 00 00 00 00 00 00 0
4008  00 77 00 00 00 00 00 00 0
01F8  00 AB 01 66 00 00 00 00 0
0088  04 0A 04 00 66 01 02 08 0
0505  FF 78 76 BF 00 0
0088  05 0A 00 00 00 00 00 00 0
4008  00 77 00 00 00 00 00 00 0
0505  FF 78 76 BF 00 0
0088  00 86 00 00 00 03 03 05 0
0088  02 AA 00 00 00 00 00 00 0
4008  00 77 00 00 00 00 00 00 0
0208  00 AB 02 66 00 00 00 00 0
0505  FF 78 76 BF 00 0
0088  06 0A 00 00 00 00 00 00 0
4008  00 77 00 00 00 00 00 00 0
0088  07 0A 04 00 00 00 00 00 0
0505  FF 78 76 BF 00 0
0088  00 BC 02 00 00 00 00 00 523
4008  00 77 00 00 00 00 00 00 0
0505  FF 78 76 BF 00 0
0088  08 0A 00 00 00 00 00 00 0
0088  09 0A 04 00 00 00 00 00 0
4008  00 77 00 00 00 00 00 00 0
0505  FF 78 76 BF 00 0
0088  03 AA 00 00 00 00 00 00 0
0218  00 AB 03 66 00 00 00 00 0
4008  00 77 00 00 00 00 00 00 0
0505  FF 78 76 BF 00 0
0088  0A 0A 00 00 05 12 25 45 0
0088  0B 0A 00 00 00 00 00 00 0
4008  00 77 00 00 00 00 00 00 0
0505  FF 78 76 BF 00 0
0088  01 AA 00 00 00 00 00 00 0
01F8  00 AB 01 66 00 00 00 00 0
0088  0C 0A 00 00 00 00 00 00 0
0505  FF 78 76 BF 00 0
4008  00 77 00 00 00 00 00 00 0
0088  0D 0A 00 00 00 00 00 00 0
4008  00 77 00 00 00 00 00 00 0
0505  FF 78 76 BF 00 0
0088  02 AA 00 00 00 00 00 00 0
0208  00 AB 02 66 00 00 00 00 0
0088  0E 0A 00 00 00 00 00 00 0
0505  FF 78 76 BF 00 0
4008  00 77 00 00 00 00 00 00 0
0088  0F 0A 00 00 00 00 00 00 0
0505  FF 78 76 BF 00 0
0088  03 AA 00 00 00 00 00 00 0
0218  00 AB 03 66 00 00 00 00 0
4008  00 77 00 00 00 00 00 00 0
0088  10 0A 00 00 00 00 00 00 0
0505  FF 78 76 BF 00 0
4008  00 77 00 00 00 00 00 00 0
0088  08 82 2A 01 00 00 00 00 0
0088  01 AA 00 00 00 00 00 00 0
01F8  00 AB 01 66 00 00 00 00 0
0505  FF 78 76 BF 00 0
4008  00 77 00 00 00 00 00 00 0
0088  00 83 00 00 00 00 00 00 0
0505  FF 78 76 BF 00 0
0088  00 84 00 00 00 00 00 00 0
4008  00 77 00 00 00 00 00 00 0
0088  02 AA 00 00 00 00 00 00 0
0208  00 AB 02 66 00 00 00 00 0
0505  FF 78 76 BF 00 0
4008  00 77 00 00 00 00 00 00 0
0088  00 85 00 00 00 00 00 00 0
0088  00 01 02 02 00 02 05 00 423
0505  FF 78 76 BF 00 0
4008  00 77 00 00 00 00 00 00 0
0088  00 86 00 00 00 03 03 05 0
0505  FF 78 76 BF 00 0
0088  03 AA 00 00 00 00 00 00 0
0218  00 AB 03 66 00 00 00 00 0
4008  00 77 00 00 00 00 00 00 0
0088  00 BC 02 00 00 00 00 00 523
0505  FF 78 76 BF 00 0
4008  00 77 00 00 00 00 00 00 0
0088  01 AA 00 00 00 00 00 00 0
01F8  00 AB 01 66 00 00 00 00 0
0505  FF 78 76 BF 00 0
0088  08 82 2A 00 00 00 00 00 0
4008  00 77 00 00 00 00 00 00 0
30810098  00 00 00 00 00 00 00 00 0
0505  FF 78 76 BF 00 0
0088  00 01 02 02 00 02 05 00 423
4008  00 77 00 00 00 00 00 00 0
0505  FF 78 76 BF 00 0
0088  01 0A 00 00 00 00 00 00 0
4008  00 77 00 00 00 00 00 00 0
0088  02 AA 00 00 00 00 00 00 0
0208  00 AB 02 66 00 00 00 00 0
0505  FF 78 76 BF 00 0
0088  02 0A 00 00 00 00 00 00 0
4008  00 77 00 00 00 00 00 00 0
0088  03 0A 04 00 00 00 00 00 0
0505  FF 78 76 BF 00 0
0088  03 AA 00 00 00 00 00 00 0
0218  00 AB 03 66 00 00 00 00 0
0505  FF 78 76 BF 00 0
4008  00 77 00 00 00 00 00 00 0
0088  04 0A 04 00 66 01 02 08 0
0088  05 0A 00 00 00 00 00 00 0
4008  00 77 00 00 00 00 00 00 0
0505  FF 78 76 BF 00 0
0088  01 AA 00 00 00 00 00 00 0
01F8  00 AB 01 66 00 00 00 00 0
0088  00 01 02 02 00 02 01 00 423
0505  FF 78 76 BF 00 0
4008  00 77 00 00 00 00 00 00 0
0088  06 0A 00 00 00 00 00 00 0
0505  FF 78 76 BF 00 0
0088  07 0A 04 00 00 00 00 00 0
4008  00 77 00 00 00 00 00 00 0
0088  00 BC 02 00 00 00 00 00 523
4008  00 77 00 00 00 00 00 00 0
0505  FF 78 76 BF 00 0
0088  08 0A 00 00 00 00 00 00 0
0505  FF 78 76 BF 00 0
0088  09 0A 04 00 00 00 00 00 0
4008  00 77 00 00 00 00 00 00 0
0088  02 AA 00 00 00 00 00 00 0
0208  00 AB 02 66 00 00 00 00 0
0505  FF 78 76 BF 00 0
0088  0A 0A 00 00 06 12 25 47 0
4008  00 77 00 00 00 00 00 00 0
0088  0B 0A 00 00 00 00 00 00 0
0505  FF 78 76 BF 00 0
4008  00 77 00 00 00 00 00 00 0
0088  03 AA 00 00 00 00 00 00 0
0218  00 AB 03 66 00 00 00 00 0
0505  FF 78 76 BF 00 0
0088  0C 0A 00 00 00 00 00 00 0
4008  00 77 00 00 00 00 00 00 0
0088  0D 0A 00 00 00 00 00 00 0
0505  FF 78 76 BF 00 0
0088  01 AA 00 00 00 00 00 00 0
01F8  00 AB 01 66 00 00 00 00 0
4008  00 77 00 00 00 00 00 00 0
0505  FF 78 76 BF 00 0
0088  0E 0A 00 00 00 00 00 00 0
4008  00 77 00 00 00 00 00 00 0
0088  0F 0A 00 00 00 00 00 00 0
0505  FF 78 76 BF 00 0
0088  02 AA 00 00 00 00 00 00 0
0208  00 AB 02 66 00 00 00 00 0
4008  00 77 00 00 00 00 00 00 0
0088  10 0A 00 00 00 00 00 00 0
0505  FF 78 76 BF 00 0
0088  08 82 2A 00 00 00 00 00 0
4008  00 77 00 00 00 00 00 00 0
0505  FF 78 76 BF 00 0
0088  03 AA 00 00 00 00 00 00 0
0218  00 AB 03 66 00 00 00 00 0
4008  00 77 00 00 00 00 00 00 0
0088  00 83 00 00 00 00 00 00 0
0505  FF 78 76 BF 00 0
0088  00 84 00 00 00 00 00 00 0
4008  00 77 00 00 00 00 00 00 0
0505  FF 78 76 BF 00 0
0088  01 AA 00 00 00 00 00 00 0
01F8  00 AB 01 66 00 00 00 00 0
0088  00 85 00 00 00 00 00 00 0
4008  00 77 00 00 00 00 00 00 0
0505  FF 78 76 BF 00 0
0088  00 86 00 00 00 03 03 05 0
4008  00 77 00 00 00 00 00 00 0
0088  02 AA 00 00 00 00 00 00 0
0505  FF 78 76 BF 00 0
0208  00 AB 02 66 00 00 00 00 0
0088  00 BC 02 00 00 00 00 00 523
4008  00 77 00 00 00 00 00 00 0
0505  FF 78 76 BF 00 0
0088  03 AA 00 00 00 00 00 00 0
0218  00 AB 03 66 00 00 00 00 0
30810098  00 00 00 00 00 00 00 00 0
0505  FF 78 76 BF 00 0
4008  00 77 00 00 00 00 00 00 0
0088  00 01 02 02 00 02 01 00 423
4008  00 77 00 00 00 00 00 00 0
0505  FF 78 76 BF 00 0
0088  01 0A 00 00 00 00 00 00 0
0088  01 AA 00 00 00 00 00 00 0
01F8  00 AB 01 66 00 00 00 00 0
0505  FF 78 76 BF 00 0
4008  00 77 00 00 00 00 00 00 0
0088  02 0A 00 00 00 00 00 00 0
0088  03 0A 04 00 00 00 00 00 0
0505  FF 78 76 BF 00 0
4008  00 77 00 00 00 00 00 00 0
0088  02 AA 00 00 00 00 00 00 0
0208  00 AB 02 66 00 00 00 00 0
0505  FF 78 76 BF 00 0
4008  00 77 00 00 00 00 00 00 0
0088  04 0A 04 00 66 01 02 08 0
0088  05 0A 00 00 00 00 00 00 0
0505  FF 78 76 BF 00 0
4008  00 77 00 00 00 00 00 00 0
0088  03 AA 00 00 00 00 00 00 0
0218  00 AB 03 66 00 00 00 00 0
0505  FF 78 76 BF 00 0
0088  06 0A 00 00 00 00 00 00 0
4008  00 77 00 00 00 00 00 00 0
0088  07 0A 04 00 00 00 00 00 0
0505  FF 78 76 BF 00 0
4008  00 77 00 00 00 00 00 00 0
0088  00 01 03 02 00 03 01 00 423
0088  04 0A 04 00 66 01 03 08 0
0505  FF 78 76 BF 00 0
4008  00 77 00 00 00 00 00 00 0
0088  00 BC 03 00 00 00 00 00 523
0505  FF 78 76 BF 00 0
0088  08 0A 00 00 00 00 00 00 0
0088  09 0A 04 00 00 00 00 00 0
4008  00 77 00 00 00 00 00 00 0
0505  FF 78 76 BF 00 0
0088  01 AA 00 00 00 00 00 00 0
01F8  00 AB 01 66 00 00 00 00 0
4008  00 77 00 00 00 00 00 00 0
0088  0A 0A 00 00 08 12 25 48 0
0505  FF 78 76 BF 00 0
0088  0B 0A 00 00 00 00 00 00 0
4008  00 77 00 00 00 00 00 00 0
0505  FF 78 76 BF 00 0
0088  02 AA 00 00 00 00 00 00 0
0208  00 AB 02 66 00 00 00 00 0
0088  0C 0A 00 00 00 00 00 00 0
4008  00 77 00 00 00 00 00 00 0
0505  FF 78 76 BF 00 0
0088  0D 0A 00 00 00 00 00 00 0
4008  00 77 00 00 00 00 00 00 0
0505  FF 78 76 BF 00 0
0088  03 AA 00 00 00 00 00 00 0
0218  00 AB 03 66 00 00 00 00 0
0088  0E 0A 00 00 00 00 00 00 0
4008  00 77 00 00 00 00 00 00 0
0505  FF 78 76 BF 00 0
0088  0F 0A 00 00 00 00 00 00 0
0088  01 AA 00 00 00 00 00 00 0
0505  FF 78 76 BF 00 0
01F8  00 AB 01 66 00 00 00 00 0
4008  00 77 00 00 00 00 00 00 0
0088  10 0A 00 00 00 00 00 00 0
4008  00 77 00 00 00 00 00 00 0
0505  FF 78 76 BF 00 0
0088  08 82 2A 00 00 00 00 00 0
0088  02 AA 00 00 00 00 00 00 0
0208  00 AB 02 66 00 00 00 00 0
0505  FF 78 76 BF 00 0
4008  00 77 00 00 00 00 00 00 0
0088  00 83 00 00 00 00 00 00 0
0505  FF 78 76 BF 00 0
0088  00 84 00 00 00 00 00 00 0
4008  00 77 00 00 00 00 00 00 0
0088  03 AA 00 00 00 00 00 00 0
0218  00 AB 03 66 00 00 00 00 0
0505  FF 78 76 BF 00 0
4008  00 77 00 00 00 00 00 00 0
0088  00 85 00 00 00 00 00 00 0
0088  00 86 00 00 00 03 03 05 0
0505  FF 78 76 BF 00 0
4008  00 77 00 00 00 00 00 00 0
0088  01 AA 00 00 00 00 00 00 0
01F8  00 AB 01 66 00 00 00 00 0
0505  FF 78 76 BF 00 0
0088  00 01 03 02 00 03 A1 00 423
4008  00 77 00 00 00 00 00 00 0
0088  04 0A 06 00 66 01 03 08 0
0505  FF 78 76 BF 00 0
4008  00 77 00 00 00 00 00 00 0
0088  09 82 2A 00 00 00 00 00 0
0505  FF 78 76 BF 00 0
0088  00 BC 03 00 00 00 00 00 523
4008  00 77 00 00 00 00 00 00 0
0088  02 AA 00 00 00 00 00 00 0
0208  00 AB 02 66 00 00 00 00 0
0505  FF 78 76 BF 00 0
30810098  00 00 00 00 00 00 00 00 0
4008  00 77 00 00 00 00 00 00 0
0088  00 01 03 02 00 03 A1 00 423
0505  FF 78 76 BF 00 0
4008  00 77 00 00 00 00 00 00 0
0088  01 0A 00 00 00 00 00 00 0
0505  FF 78 76 BF 00 0
0088  03 AA 00 00 00 00 00 00 0
0218  00 AB 03 66 00 00 00 00 0
4008  00 77 00 00 00 00 00 00 0
0088  02 0A 00 00 00 00 00 00 0
0505  FF 78 76 BF 00 0
0088  03 0A 04 00 00 00 00 00 0
4008  00 77 00 00 00 00 00 00 0
0505  FF 78 76 BF 00 0
0088  01 AA 00 00 00 00 00 00 0
01F8  00 AB 01 66 00 00 00 00 0
4008  00 77 00 00 00 00 00 00 0
0088  00 01 03 02 00 03 81 00 423
0505  FF 78 76 BF 00 0
0088  04 0A 06 00 66 01 03 08 0
4008  00 77 00 00 00 00 00 00 0
0088  05 0A 00 00 00 00 00 00 0
0505  FF 78 76 BF 00 0
0088  02 AA 00 00 00 00 00 00 0
0208  00 AB 02 66 00 00 00 00 0
0505  FF 78 76 BF 00 0
4008  00 77 00 00 00 00 00 00 0
0088  00 01 03 02 00 03 89 00 423
4008  00 77 00 00 00 00 00 00 0
0088  06 0A 00 00 00 00 00 00 0
0505  FF 78 76 BF 00 0
0088  07 0A 04 00 00 00 00 00 0
4008  00 77 00 00 00 00 00 00 0
0088  00 BC 03 00 00 00 00 00 523
0505  FF 78 76 BF 00 0
0088  08 0A 00 00 00 00 00 00 0
0505  FF 78 76 BF 00 0
4008  00 77 00 00 00 00 00 00 0
0088  00 01 03 02 00 03 A9 00 423
0088  09 0A 04 00 00 00 00 00 0
4008  00 77 00 00 00 00 00 00 0
0505  FF 78 76 BF 00 0
0088  03 AA 00 00 00 00 00 00 0
0218  00 AB 03 66 00 00 00 00 0
0505  FF 78 76 BF 00 0
0088  0A 0A 00 00 09 12 25 50 0
4008  00 77 00 00 00 00 00 00 0
0088  0B 0A 00 00 00 00 00 00 0
0505  FF 78 76 BF 00 0
0088  01 AA 00 00 00 00 00 00 0
4008  00 77 00 00 00 00 00 00 0
01F8  00 AB 01 66 00 00 00 00 0
0505  FF 78 76 BF 00 0
0088  0C 0A 00 00 00 00 00 00 0
4008  00 77 00 00 00 00 00 00 0
0088  0D 0A 00 00 00 00 00 00 0
0505  FF 78 76 BF 00 0
0088  02 AA 00 00 00 00 00 00 0
0208  00 AB 02 66 00 00 00 00 0
4008  00 77 00 00 00 00 00 00 0
0088  0E 0A 00 00 00 00 00 00 0
0505  FF 78 76 BF 00 0
0088  0F 0A 00 00 00 00 00 00 0
4008  00 77 00 00 00 00 00 00 0
0505  FF 78 76 BF 00 0
0088  00 01 03 02 00 03 89 00 423
4008  00 77 00 00 00 00 00 00 0
0088  03 AA 00 00 00 00 00 00 0
0218  00 AB 03 66 00 00 00 00 0
0505  FF 78 76 BF 00 0
0088  00 01 03 02 00 03 8D 00 423
4008  00 77 00 00 00 00 00 00 0
0088  09 82 2A 01 00 00 00 00 0
0505  FF 78 76 BF 00 0
0088  10 0A 00 00 00 00 00 00 0
4008  00 77 00 00 00 00 00 00 0
0505  FF 78 76 BF 00 0
0088  09 82 2A 01 00 00 00 00 0
4008  00 77 00 00 00 00 00 00 0
0088  01 AA 00 00 00 00 00 00 0
01F8  00 AB 01 66 00 00 00 00 0
0505  FF 78 76 BF 00 0
0088  00 83 00 00 00 00 00 00 0
4008  00 77 00 00 00 00 00 00 0
0505  FF 78 76 BF 00 0
0088  00 84 00 00 00 00 00 00 0
0088  00 01 03 02 00 03 AD 00 423
4008  00 77 00 00 00 00 00 00 0
0505  FF 78 76 BF 00 0
0088  02 AA 00 00 00 00 00 00 0
0208  00 AB 02 66 00 00 00 00 0
4008  00 77 00 00 00 00 00 00 0
0088  04 0A 06 00 66 00 03 08 0
0505  FF 78 76 BF 00 0
0088  07 0A 00 00 00 00 00 00 0
4008  00 77 00 00 00 00 00 00 0
0505  FF 78 76 BF 00 0
0088  09 0A 00 00 00 00 00 00 0
0088  00 82 28 01 00 00 00 00 0
0505  FF 78 76 BF 00 0
4008  00 77 00 00 00 00 00 00 0
0088  00 01 03 01 00 03 2D 00 423
4008  00 77 00 00 00 00 00 00 0
0505  FF 78 76 BF 00 0
0088  03 0A 00 00 00 00 00 00 0
0088  04 0A 04 00 66 00 03 08 0
0505  FF 78 76 BF 00 0
4008  00 77 00 00 00 00 00 00 0
0088  00 85 00 00 00 00 00 00 0
0088  00 86 00 00 00 03 03 05 0
0505  FF 78 76 BF 00 0
4008  00 77 00 00 00 00 00 00 0
0088  03 AA 00 00 00 00 00 00 0
0218  00 AB 03 66 00 00 00 00 0
0505  FF 78 76 BF 00 0
4008  00 77 00 00 00 00 00 00 0
0088  00 01 03 01 00 03 0D 00 423
0088  00 BC 03 00 00 00 00 00 523
0505  FF 78 76 BF 00 0
4008  00 77 00 00 00 00 00 00 0
0088  01 AA 00 00 00 00 00 00 0
01F8  00 AB 01 66 00 00 00 00 0
0505  FF 78 76 BF 00 0
30810098  00 00 00 00 00 00 00 00 0
4008  00 77 00 00 00 00 00 00 0
0088  00 01 03 01 00 03 0D 00 423
0505  FF 78 76 BF 00 0
4008  00 77 00 00 00 00 00 00 0
0088  00 01 03 04 00 03 0C 00 423
0088  01 0A 00 00 00 00 00 00 0
0505  FF 78 76 BF 00 0
4008  00 77 00 00 00 00 00 00 0
0088  02 AA 00 00 00 00 00 00 0
0208  00 AB 02 66 00 00 00 00 0
0505  FF 78 76 BF 00 0
0088  02 0A 00 00 00 00 00 00 0
4008  00 77 00 00 00 00 00 00 0
0088  00 01 03 04 00 03 2C 00 423
0505  FF 78 76 BF 00 0
0088  03 0A 00 00 00 00 00 00 0
4008  00 77 00 00 00 00 00 00 0
0505  FF 78 76 BF 00 0
0088  03 AA 00 00 00 00 00 00 0
0218  00 AB 03 66 00 00 00 00 0
0088  04 0A 04 00 66 00 03 08 0
4008  00 77 00 00 00 00 00 00 0
0505  FF 78 76 BF 00 0
0088  05 0A 00 00 00 00 00 00 0
0088  01 AA 00 00 00 00 00 00 0
4008  00 77 00 00 00 00 00 00 0
01F8  00 AB 01 66 00 00 00 00 0
0505  FF 78 76 BF 00 0
0088  00 01 03 0C 00 03 2C 00 423
4008  00 77 00 00 00 00 00 00 0
0505  FF 78 76 BF 00 0
0088  04 0A 06 00 66 00 03 08 0
0088  10 82 28 01 00 00 00 00 0
4008  00 77 00 00 00 00 00 00 0
0505  FF 78 76 BF 00 0
0088  06 0A 00 00 00 00 00 00 0
0505  FF 78 76 BF 00 0
0088  07 0A 00 00 00 00 00 00 0
4008  00 77 00 00 00 00 00 00 0
0088  00 01 03 0C 00 03 0C 00 423
4008  00 77 00 00 00 00 00 00 0
0505  FF 78 76 BF 00 0
0088  01 BC 03 00 00 00 00 00 623
0088  08 0A 00 00 00 00 00 00 0
0505  FF 78 76 BF 00 0
4008  00 77 00 00 00 00 00 00 0
0088  09 0A 00 00 00 00 00 00 0
0505  FF 78 76 BF 00 0
0088  02 AA 00 00 00 00 00 00 0
0208  00 AB 02 66 00 00 00 00 0
4008  00 77 00 00 00 00 00 00 0
0088  0A 0A 00 00 09 12 25 53 0
4008  00 77 00 00 00 00 00 00 0
0505  FF 78 76 BF 00 0
0088  00 86 00 00 00 03 03 04 0
0505  FF 78 76 BF 00 0
0088  0B 0A 00 00 00 00 00 00 0
4008  00 77 00 00 00 00 00 00 0
0505  FF 78 74 BF 00 0
0088  10 82 20 01 00 00 00 00 0
0505  FF 78 74 BF 00 0
0088  00 86 00 00 00 03 03 00 0
4008  00 77 00 00 00 00 00 00 0
0088  00 01 03 0C 00 03 2C 00 423
0505  FF 78 74 BF 00 0
4008  00 77 00 00 00 00 00 00 0
0088  03 AA 00 00 00 00 00 00 0
0218  00 AB 03 66 00 00 00 00 0
0505  FF 78 74 BF 00 0
0088  0C 0A 00 00 00 00 00 00 0
4008  00 77 00 00 00 00 00 00 0
0088  0D 0A 00 00 00 00 00 00 0
0505  FF 78 74 BF 00 0
0088  01 AA 00 00 00 00 00 00 0
01F8  00 AB 01 66 00 00 00 00 0
4008  00 77 00 00 00 00 00 00 0
0088  0E 0A 00 00 00 00 00 00 0
0505  FF 78 74 BF 00 0
4008  00 77 00 00 00 00 00 00 0
0088  0F 0A 00 00 00 00 00 00 0
0505  FF 78 74 BF 00 0
0088  02 AA 00 00 00 00 00 00 0
0208  00 AB 02 66 00 00 00 00 0
4008  00 77 00 00 00 00 00 00 0
0088  10 0A 00 00 00 00 00 00 0
0505  FF 78 74 BF 00 0
0088  10 82 20 01 00 00 00 00 0
4008  00 77 00 00 00 00 00 00 0
0505  FF 78 74 BF 00 0
0088  03 AA 00 00 00 00 00 00 0
0218  00 AB 03 66 00 00 00 00 0
4008  00 77 00 00 00 00 00 00 0
0088  00 01 03 0C 00 03 0C 00 423
0505  FF 78 74 BF 00 0
0088  00 83 00 00 00 00 00 00 0
4008  00 77 00 00 00 00 00 00 0
0088  00 84 00 00 00 00 00 00 0
0505  FF 78 74 BF 00 0
0088  01 AA 00 00 00 00 00 00 0
01F8  00 AB 01 66 00 00 00 00 0
0505  FF 78 74 BF 00 0
4008  00 77 00 00 00 00 00 00 0
0088  00 85 00 00 00 00 00 00 0
4008  00 77 00 00 00 00 00 00 0
0088  00 86 00 00 00 03 03 00 0
0505  FF 78 74 BF 00 0
0088  02 AA 00 00 00 00 00 00 0
0208  00 AB 02 66 00 00 00 00 0
4008  00 77 00 00 00 00 00 00 0
0505  FF 78 74 BF 00 0
0088  01 BC 03 00 00 00 00 00 623
0088  00 01 03 0C 00 03 2C 00 423
0505  FF 78 74 BF 00 0
4008  00 77 00 00 00 00 00 00 0
0088  03 AA 00 00 00 00 00 00 0
0218  00 AB 03 66 00 00 00 00 0
4008  00 77 00 00 00 00 00 00 0
30810098  00 00 00 00 00 00 00 00 0
0505  FF 78 74 BF 00 0
0088  00 01 03 0C 00 03 2C 00 423
0505  FF 78 74 BF 00 0
4008  00 77 00 00 00 00 00 00 0
0088  01 0A 00 00 00 00 00 00 0
0088  01 AA 00 00 00 00 00 00 0
01F8  00 AB 01 66 00 00 00 00 0
0505  FF 78 74 BF 00 0
4008  00 77 00 00 00 00 00 00 0
0088  02 0A 00 00 00 00 00 00 0
0505  FF 78 74 BF 00 0
0088  03 0A 00 00 00 00 00 00 0
4008  00 77 00 00 00 00 00 00 0
0088  02 AA 00 00 00 00 00 00 0
0208  00 AB 02 66 00 00 00 00 0
0505  FF 78 74 BF 00 0
0088  04 0A 06 00 66 00 03 08 0
4008  00 77 00 00 00 00 00 00 0
0088  05 0A 00 00 00 00 00 00 0
0505  FF 78 74 BF 00 0
0088  03 AA 00 00 00 00 00 00 0
4008  00 77 00 00 00 00 00 00 0
0218  00 AB 03 66 00 00 00 00 0
0505  FF 78 74 BF 00 0
0505  FF 78 74 FF 00 0
0088  00 01 03 0C 00 03 0C 00 423
4008  00 77 00 00 00 00 00 00 0
0088  00 86 00 00 00 03 03 08 0
0505  FF 78 74 FF 00 0
0088  06 0A 00 00 00 00 00 00 0
4008  00 77 00 00 00 00 00 00 0
0505  FF 78 75 FF 00 0
0505  FF 78 75 FF 00 0
0088  00 82 20 01 00 00 00 00 0
0088  00 86 00 00 00 03 03 0A 0
4008  00 77 00 00 00 00 00 00 0
0505  FF 78 75 FF 00 0
0088  00 01 03 04 00 03 0C 00 423
4008  00 77 00 00 00 00 00 00 0
0088  04 0A 04 00 66 00 03 08 0
0505  FF 78 75 FF 00 0
0088  07 0A 00 00 00 00 00 00 0
4008  00 77 00 00 00 00 00 00 0
0505  FF 78 75 FF 00 0
0088  01 BC 03 00 00 00 00 00 623
0088  00 01 03 04 00 03 2C 00 423
4008  00 77 00 00 00 00 00 00 0
0505  FF 78 75 FF 00 0
0088  08 0A 00 00 00 00 00 00 0
4008  00 77 00 00 00 00 00 00 0
0505  FF 78 75 FF 00 0
0088  09 0A 00 00 00 00 00 00 0
0088  01 AA 00 00 00 00 00 00 0
01F8  00 AB 01 66 00 00 00 00 0
4008  00 77 00 00 00 00 00 00 0
0505  FF 78 75 FF 00 0
0088  0A 0A 00 00 09 12 25 56 0
0088  0B 0A 00 00 00 00 00 00 0
0505  FF 78 75 FF 00 0
4008  00 77 00 00 00 00 00 00 0
0088  02 AA 00 00 00 00 00 00 0
0208  00 AB 02 66 00 00 00 00 0
4008  00 77 00 00 00 00 00 00 0
0505  FF 78 75 FF 00 0
0088  0C 0A 00 00 00 00 00 00 0
0088  0D 0A 00 00 00 00 00 00 0
0505  FF 78 75 FF 00 0
4008  00 77 00 00 00 00 00 00 0
0088  03 AA 00 00 00 00 00 00 0
0218  00 AB 03 66 00 00 00 00 0
0088  0E 0A 00 00 00 00 00 00 0
0505  FF 78 75 FF 00 0
0505  FF 78 75 BF 00 0
4008  00 77 00 00 00 00 00 00 0
0088  00 86 00 00 00 03 03 02 0
0505  FF 78 75 BF 00 0
4008  00 77 00 00 00 00 00 00 0
0088  00 01 03 04 00 03 0C 00 423
0088  0F 0A 00 00 00 00 00 00 0
0505  FF 78 75 BF 00 0
4008  00 77 00 00 00 00 00 00 0
0088  01 AA 00 00 00 00 00 00 0
01F8  00 AB 01 66 00 00 00 00 0
0505  FF 78 75 BF 00 0
0088  10 0A 00 00 00 00 00 00 0
4008  00 77 00 00 00 00 00 00 0
0088  00 82 20 01 00 00 00 00 0
0505  FF 78 75 BF 00 0
4008  00 77 00 00 00 00 00 00 0
0088  02 AA 00 00 00 00 00 00 0
0208  00 AB 02 66 00 00 00 00 0
0088  00 83 00 00 00 00 00 00 0
0505  FF 78 75 BF 00 0
4008  00 77 00 00 00 00 00 00 0
0088  00 84 00 00 00 00 00 00 0
0505  FF 78 75 BF 00 0
0088  00 01 03 04 00 03 2C 00 423
4008  00 77 00 00 00 00 00 00 0
0088  03 AA 00 00 00 00 00 00 0
0218  00 AB 03 66 00 00 00 00 0
0505  FF 78 75 BF 00 0
4008  00 77 00 00 00 00 00 00 0
0088  00 85 00 00 00 00 00 00 0
0505  FF 78 75 BF 00 0
0088  00 86 00 00 00 03 03 02 0
4008  00 77 00 00 00 00 00 00 0
0088  01 AA 00 00 00 00 00 00 0
01F8  00 AB 01 66 00 00 00 00 0
0505  FF 78 75 BF 00 0
0088  01 BC 03 00 00 00 00 00 623
4008  00 77 00 00 00 00 00 00 0
0088  02 AA 00 00 00 00 00 00 0
0505  FF 78 75 BF 00 0
0208  00 AB 02 66 00 00 00 00 0
30810098  00 00 00 00 00 00 00 00 0
4008  00 77 00 00 00 00 00 00 0
0505  FF 78 75 BF 00 0
0088  00 01 03 04 00 03 2C 00 423
0088  01 0A 00 00 00 00 00 00 0
4008  00 77 00 00 00 00 00 00 0
0505  FF 78 75 BF 00 0
0088  03 AA 00 00 00 00 00 00 0
0218  00 AB 03 66 00 00 00 00 0
0505  FF 78 75 BF 00 0
0088  02 0A 00 00 00 00 00 00 0
4008  00 77 00 00 00 00 00 00 0
0088  00 01 03 04 00 03 0C 00 423
4008  00 77 00 00 00 00 00 00 0
0505  FF 78 75 BF 00 0
0088  03 0A 00 00 00 00 00 00 0
0088  01 AA 00 00 00 00 00 00 0
0505  FF 78 75 BF 00 0
01F8  00 AB 01 66 00 00 00 00 0
4008  00 77 00 00 00 00 00 00 0
0088  04 0A 04 00 66 00 03 08 0
0505  FF 78 75 BF 00 0
0088  05 0A 00 00 00 00 00 00 0
4008  00 77 00 00 00 00 00 00 0
0088  02 AA 00 00 00 00 00 00 0
0208  00 AB 02 66 00 00 00 00 0
4008  00 77 00 00 00 00 00 00 0
0505  FF 78 75 BF 00 0
0088  06 0A 00 00 00 00 00 00 0
0505  FF 78 75 BF 00 0
0088  07 0A 00 00 00 00 00 00 0
4008  00 77 00 00 00 00 00 00 0
0088  01 BC 03 00 00 00 00 00 623
0505  FF 78 75 BF 00 0
0088  00 01 03 04 00 03 2C 00 423
4008  00 77 00 00 00 00 00 00 0
0088  08 0A 00 00 00 00 00 00 0
0505  FF 78 75 BF 00 0
4008  00 77 00 00 00 00 00 00 0
0088  09 0A 00 00 00 00 00 00 0
0505  FF 78 75 BF 00 0
0088  03 AA 00 00 00 00 00 00 0
0218  00 AB 03 66 00 00 00 00 0
4008  00 77 00 00 00 00 00 00 0
0088  0A 0A 00 00 09 12 25 58 0
0505  FF 78 75 BF 00 0
0088  0B 0A 00 00 00 00 00 00 0
4008  00 77 00 00 00 00 00 00 0
0505  FF 78 75 BF 00 0
0088  01 AA 00 00 00 00 00 00 0
01F8  00 AB 01 66 00 00 00 00 0
4008  00 77 00 00 00 00 00 00 0
0088  0C 0A 00 00 00 00 00 00 0
0505  FF 78 75 BF 00 0
0088  0D 0A 00 00 00 00 00 00 0
4008  00 77 00 00 00 00 00 00 0
0088  02 AA 00 00 00 00 00 00 0
0208  00 AB 02 66 00 00 00 00 0
0505  FF 78 75 BF 00 0
0088  0E 0A 00 00 00 00 00 00 0
4008  00 77 00 00 00 00 00 00 0
0505  FF 78 75 BF 00 0
0088  00 01 03 04 00 03 0C 00 423
4008  00 77 00 00 00 00 00 00 0
0088  0F 0A 00 00 00 00 00 00 0
0505  FF 78 75 BF 00 0
0088  03 AA 00 00 00 00 00 00 0
0218  00 AB 03 66 00 00 00 00 0
4008  00 77 00 00 00 00 00 00 0
0505  FF 78 75 BF 00 0
0088  10 0A 00 00 00 00 00 00 0
0088  00 82 20 01 00 00 00 00 0
0505  FF 78 75 BF 00 0
4008  00 77 00 00 00 00 00 00 0
0088  01 AA 00 00 00 00 00 00 0
01F8  00 AB 01 66 00 00 00 00 0
4008  00 77 00 00 00 00 00 00 0
0088  00 83 00 00 00 00 00 00 0
0505  FF 78 75 BF 00 0
0088  00 84 00 00 00 00 00 00 0
4008  00 77 00 00 00 00 00 00 0
0505  FF 78 75 BF 00 0
0088  02 AA 00 00 00 00 00 00 0
0208  00 AB 02 66 00 00 00 00 0
0088  00 01 03 04 00 03 2C 00 423
0505  FF 78 75 BF 00 0
4008  00 77 00 00 00 00 00 00 0
0088  00 85 00 00 00 00 00 00 0
4008  00 77 00 00 00 00 00 00 0
0088  00 86 00 00 00 03 03 02 0
0505  FF 78 75 BF 00 0
0088  03 AA 00 00 00 00 00 00 0
0218  00 AB 03 66 00 00 00 00 0
0505  FF 78 75 BF 00 0
4008  00 77 00 00 00 00 00 00 0
0088  01 BC 03 00 00 00 00 00 623
0088  01 AA 00 00 00 00 00 00 0
01F8  00 AB 01 66 00 00 00 00 0
0505  FF 78 75 BF 00 0
4008  00 77 00 00 00 00 00 00 0
30810098  00 00 00 00 00 00 00 00 0
0505  FF 78 75 BF 00 0
0088  00 01 03 04 00 03 2C 00 423
4008  00 77 00 00 00 00 00 00 0
0088  01 0A 00 00 00 00 00 00 0
0505  FF 78 75 BF 00 0
0088  02 AA 00 00 00 00 00 00 0
4008  00 77 00 00 00 00 00 00 0
0208  00 AB 02 66 00 00 00 00 0
0088  02 0A 00 00 00 00 00 00 0
0505  FF 78 75 BF 00 0
0088  03 0A 00 00 00 00 00 00 0
4008  00 77 00 00 00 00 00 00 0
0505  FF 78 75 BF 00 0
0088  00 01 03 04 00 03 0C 00 423
4008  00 77 00 00 00 00 00 00 0
0088  03 AA 00 00 00 00 00 00 0
0218  00 AB 03 66 00 00 00 00 0
0505  FF 78 75 BF 00 0
0088  04 0A 04 00 66 00 03 08 0
4008  00 77 00 00 00 00 00 00 0
0505  FF 78 75 BF 00 0
0088  05 0A 00 00 00 00 00 00 0
0088  01 AA 00 00 00 00 00 00 0
01F8  00 AB 01 66 00 00 00 00 0
4008  00 77 00 00 00 00 00 00 0
0505  FF 78 75 BF 00 0
0088  06 0A 00 00 00 00 00 00 0
4008  00 77 00 00 00 00 00 00 0
0088  07 0A 00 00 00 00 00 00 0
0505  FF 78 75 BF 00 0
0088  01 BC 03 00 00 00 00 00 623
4008  00 77 00 00 00 00 00 00 0
0505  FF 78 75 BF 00 0
0088  00 01 03 04 00 03 2C 00 423
0088  08 0A 00 00 00 00 00 00 0
4008  00 77 00 00 00 00 00 00 0
0505  FF 78 75 BF 00 0
0088  09 0A 00 00 00 00 00 00 0
4008  00 77 00 00 00 00 00 00 0
0505  FF 78 75 BF 00 0
0088  02 AA 00 00 00 00 00 00 0
0208  00 AB 02 66 00 00 00 00 0
0088  0A 0A 00 00 09 12 26 00 0
4008  00 77 00 00 00 00 00 00 0
0505  FF 78 75 BF 00 0
0088  0B 0A 00 00 00 00 00 00 0
0088  03 AA 00 00 00 00 00 00 0
0218  00 AB 03 66 00 00 00 00 0
0505  FF 78 75 BF 00 0
4008  00 77 00 00 00 00 00 00 0
0088  0C 0A 00 00 00 00 00 00 0
4008  00 77 00 00 00 00 00 00 0
0505  FF 78 75 BF 00 0
0088  0D 0A 00 00 00 00 00 00 0
0088  01 AA 00 00 00 00 00 00 0
01F8  00 AB 01 66 00 00 00 00 0
0505  FF 78 75 BF 00 0
4008  00 77 00 00 00 00 00 00 0
0088  0E 0A 00 00 00 00 00 00 0
0505  FF 78 75 BF 00 0
0088  0F 0A 00 00 00 00 00 00 0
4008  00 77 00 00 00 00 00 00 0
0088  00 01 03 04 00 03 0C 00 423
0505  FF 78 75 BF 00 0
4008  00 77 00 00 00 00 00 00 0
0088  02 AA 00 00 00 00 00 00 0
0208  00 AB 02 66 00 00 00 00 0
0088  08 82 20 01 00 00 00 00 0
0505  FF 78 75 BF 00 0
4008  00 77 00 00 00 00 00 00 0
0088  00 01 03 14 00 03 0C 00 423
0505  FF 78 75 BF 00 0
0088  04 0A 06 00 66 00 03 08 0
4008  00 77 00 00 00 00 00 00 0
0088  10 0A 00 00 00 00 00 00 0
0505  FF 78 75 BF 00 0
4008  00 77 00 00 00 00 00 00 0
0088  08 82 20 01 00 00 00 00 0
0505  FF 78 75 BF 00 0
0088  03 AA 00 00 00 00 00 00 0
0218  00 AB 03 66 00 00 00 00 0
4008  00 77 00 00 00 00 00 00 0
0088  00 83 00 00 00 00 00 00 0
0505  FF 78 75 BF 00 0
0088  00 01 03 14 00 03 2C 00 423
4008  00 77 00 00 00 00 00 00 0
0088  00 84 00 00 00 00 00 00 0
0505  FF 78 75 BF 00 0
4008  00 77 00 00 00 00 00 00 0
0088  01 AA 00 00 00 00 00 00 0
01F8  00 AB 01 66 00 00 00 00 0
0505  FF 78 75 BF 00 0
0088  00 85 00 00 00 00 00 00 0
4008  00 77 00 00 00 00 00 00 0
0088  00 86 00 00 00 03 03 02 0
0505  FF 78 75 BF 00 0
0088  02 AA 00 00 00 00 00 00 0
0208  00 AB 02 66 00 00 00 00 0
0505  FF 78 74 BF 00 0
4008  00 77 00 00 00 00 00 00 0
0088  00 86 00 00 00 03 03 00 0
0505  FF 78 74 BF 00 0
4008  00 77 00 00 00 00 00 00 0
0088  01 BC 03 00 00 00 00 00 623
0505  FF 78 74 BF 00 0
0088  03 AA 00 00 00 00 00 00 0
0218  00 AB 03 66 00 00 00 00 0
4008  00 77 00 00 00 00 00 00 0
30810098  00 00 00 00 00 00 00 00 0
0505  FF 78 74 BF 00 0
0088  00 01 03 14 00 03 2C 00 423
0505  FF 78 74 BF 00 0
4008  00 77 00 00 00 00 00 00 0
0088  00 01 03 14 00 03 0C 00 423
0088  01 0A 00 00 00 00 00 00 0
4008  00 77 00 00 00 00 00 00 0
0505  FF 78 74 BF 00 0
0088  01 AA 00 00 00 00 00 00 0
01F8  00 AB 01 66 00 00 00 00 0
0088  02 0A 00 00 00 00 00 00 0
0505  FF 78 74 BF 00 0
4008  00 77 00 00 00 00 00 00 0
0088  03 0A 00 00 00 00 00 00 0
0505  FF 78 74 BF 00 0
0088  02 AA 00 00 00 00 00 00 0
4008  00 77 00 00 00 00 00 00 0
0208  00 AB 02 66 00 00 00 00 0
0088  04 0A 06 00 66 00 03 08 0
4008  00 77 00 00 00 00 00 00 0
0505  FF 78 74 BF 00 0
0088  05 0A 00 00 00 00 00 00 0
0505  FF 78 74 BF 00 0
0088  03 AA 00 00 00 00 00 00 0
0218  00 AB 03 66 00 00 00 00 0
4008  00 77 00 00 00 00 00 00 0
0088  00 01 03 14 00 03 2C 00 423
0505  FF 78 74 BF 00 0
0088  06 0A 00 00 00 00 00 00 0
4008  00 77 00 00 00 00 00 00 0
0088  07 0A 00 00 00 00 00 00 0
0505  FF 78 74 BF 00 0
4008  00 77 00 00 00 00 00 00 0
0088  01 BC 03 00 00 00 00 00 623
0505  FF 78 74 BF 00 0
0088  08 0A 00 00 00 00 00 00 0
4008  00 77 00 00 00 00 00 00 0
0088  09 0A 00 00 00 00 00 00 0
0505  FF 78 74 BF 00 0
0088  01 AA 00 00 00 00 00 00 0
01F8  00 AB 01 66 00 00 00 00 0
4008  00 77 00 00 00 00 00 00 0
0505  FF 78 74 BF 00 0
0088  0A 0A 00 00 09 12 26 02 0
4008  00 77 00 00 00 00 00 00 0
0088  0B 0A 00 00 00 00 00 00 0
0505  FF 78 74 BF 00 0
0088  02 AA 00 00 00 00 00 00 0
0208  00 AB 02 66 00 00 00 00 0
4008  00 77 00 00 00 00 00 00 0
0088  0C 0A 00 00 00 00 00 00 0
0505  FF 78 74 BF 00 0
0088  0D 0A 00 00 00 00 00 00 0
4008  00 77 00 00 00 00 00 00 0
0505  FF 78 74 BF 00 0
0088  00 01 03 14 00 03 0C 00 423
4008  00 77 00 00 00 00 00 00 0
0088  03 AA 00 00 00 00 00 00 0
0218  00 AB 03 66 00 00 00 00 0
0505  FF 78 74 BF 00 0
0088  0E 0A 00 00 00 00 00 00 0
4008  00 77 00 00 00 00 00 00 0
0505  FF 78 74 BF 00 0
0088  0F 0A 00 00 00 00 00 00 0
0088  01 AA 00 00 00 00 00 00 0
01F8  00 AB 01 66 00 00 00 00 0
0505  FF 78 74 BF 00 0
4008  00 77 00 00 00 00 00 00 0
0088  10 0A 00 00 00 00 00 00 0
4008  00 77 00 00 00 00 00 00 0
0088  08 82 20 01 00 00 00 00 0
0505  FF 78 74 BF 00 0
0088  02 AA 00 00 00 00 00 00 0
0208  00 AB 02 66 00 00 00 00 0
4008  00 77 00 00 00 00 00 00 0
0505  FF 78 74 BF 00 0
0088  00 83 00 00 00 00 00 00 0
0088  00 01 03 14 00 03 2C 00 423
0505  FF 78 74 BF 00 0
4008  00 77 00 00 00 00 00 00 0
0088  00 84 00 00 00 00 00 00 0
4008  00 77 00 00 00 00 00 00 0
0505  FF 78 74 BF 00 0
0088  03 AA 00 00 00 00 00 00 0
0218  00 AB 03 66 00 00 00 00 0
0088  00 85 00 00 00 00 00 00 0
0505  FF 78 74 BF 00 0
4008  00 77 00 00 00 00 00 00 0
0088  00 86 00 00 00 03 03 00 0
0088  01 AA 00 00 00 00 00 00 0
01F8  00 AB 01 66 00 00 00 00 0
0505  FF 78 74 BF 00 0
4008  00 77 00 00 00 00 00 00 0
0088  01 BC 03 00 00 00 00 00 623
0505  FF 78 74 BF 00 0
4008  00 77 00 00 00 00 00 00 0
0088  02 AA 00 00 00 00 00 00 0
0208  00 AB 02 66 00 00 00 00 0
30810098  00 00 00 00 00 00 00 00 0
0505  FF 78 74 BF 00 0
4008  00 77 00 00 00 00 00 00 0
0088  00 01 03 14 00 03 2C 00 423
0505  FF 78 74 BF 00 0
0088  01 0A 00 00 00 00 00 00 0
4008  00 77 00 00 00 00 00 00 0
0088  00 01 03 14 00 03 0C 00 423
0505  FF 78 74 BF 00 0
0088  03 AA 00 00 00 00 00 00 0
4008  00 77 00 00 00 00 00 00 0
0218  00 AB 03 66 00 00 00 00 0
0088  02 0A 00 00 00 00 00 00 0
0505  FF 78 74 BF 00 0
0088  03 0A 00 00 00 00 00 00 0
4008  00 77 00 00 00 00 00 00 0
0505  FF 78 74 BF 00 0
0088  01 AA 00 00 00 00 00 00 0
01F8  00 AB 01 66 00 00 00 00 0
0088  04 0A 06 00 66 00 03 08 0
4008  00 77 00 00 00 00 00 00 0
0505  FF 78 74 BF 00 0
0088  05 0A 00 00 00 00 00 00 0
4008  00 77 00 00 00 00 00 00 0
0088  02 AA 00 00 00 00 00 00 0
0505  FF 78 74 BF 00 0
0208  00 AB 02 66 00 00 00 00 0
0088  06 0A 00 00 00 00 00 00 0
4008  00 77 00 00 00 00 00 00 0
0505  FF 78 74 BF 00 0
0088  00 01 03 14 00 03 2C 00 423
0088  07 0A 00 00 00 00 00 00 0
4008  00 77 00 00 00 00 00 00 0
0505  FF 78 74 BF 00 0
0088  01 BC 03 00 00 00 00 00 623
4008  00 77 00 00 00 00 00 00 0
0505  FF 78 74 BF 00 0
0088  08 0A 00 00 00 00 00 00 0
0088  09 0A 00 00 00 00 00 00 0
4008  00 77 00 00 00 00 00 00 0
0505  FF 78 74 BF 00 0
0088  03 AA 00 00 00 00 00 00 0
0218  00 AB 03 66 00 00 00 00 0
0088  0A 0A 00 00 09 12 26 04 0
0505  FF 78 74 BF 00 0
4008  00 77 00 00 00 00 00 00 0
0088  0B 0A 00 00 00 00 00 00 0
0505  FF 78 76 BF 00 0
4008  00 77 00 00 00 00 00 00 0
0505  FF 78 76 BF 00 0
0088  00 82 20 01 00 00 00 00 0
0088  00 86 00 00 00 03 03 04 0
0505  FF 78 76 BF 00 0
4008  00 77 00 00 00 00 00 00 0
0088  00 01 03 00 00 03 0C 00 423
0505  FF 78 76 BF 00 0
0088  04 0A 04 00 66 00 03 08 0
4008  00 77 00 00 00 00 00 00 0
0088  01 AA 00 00 00 00 00 00 0
01F8  00 AB 01 66 00 00 00 00 0
0505  FF 78 76 BF 00 0
4008  00 77 00 00 00 00 00 00 0
0088  00 86 00 00 00 03 03 05 0
0088  00 82 28 01 00 00 00 00 0
0505  FF 78 76 BF 00 0
4008  00 77 00 00 00 00 00 00 0
0088  0C 0A 00 00 00 00 00 00 0
0505  FF 78 76 BF 00 0
0088  0D 0A 00 00 00 00 00 00 0
4008  00 77 00 00 00 00 00 00 0
0088  02 AA 00 00 00 00 00 00 0
0208  00 AB 02 66 00 00 00 00 0
0505  FF 78 76 BF 00 0
4008  00 77 00 00 00 00 00 00 0
0088  0E 0A 00 00 00 00 00 00 0
0505  FF 78 76 BF 00 0
0088  0F 0A 00 00 00 00 00 00 0
4008  00 77 00 00 00 00 00 00 0
0088  03 AA 00 00 00 00 00 00 0
0218  00 AB 03 66 00 00 00 00 0
0505  FF 78 76 BF 00 0
0088  10 0A 00 00 00 00 00 00 0
4008  00 77 00 00 00 00 00 00 0
0088  00 82 28 01 00 00 00 00 0
0505  FF 78 76 BF 00 0
4008  00 77 00 00 00 00 00 00 0
0088  01 AA 00 00 00 00 00 00 0
01F8  00 AB 01 66 00 00 00 00 0
0505  FF 78 76 BF 00 0
0088  00 83 00 00 00 00 00 00 0
4008  00 77 00 00 00 00 00 00 0
0088  00 84 00 00 00 00 00 00 0
0505  FF 78 76 BF 00 0
0088  02 AA 00 00 00 00 00 00 0
0208  00 AB 02 66 00 00 00 00 0
4008  00 77 00 00 00 00 00 00 0
0505  FF 78 76 BF 00 0
0088  00 85 00 00 00 00 00 00 0
4008  00 77 00 00 00 00 00 00 0
0088  00 86 00 00 00 03 03 05 0
0505  FF 78 76 BF 00 0
0088  03 AA 00 00 00 00 00 00 0
0218  00 AB 03 66 00 00 00 00 0
4008  00 77 00 00 00 00 00 00 0
0088  01 BC 03 00 00 00 00 00 623
0505  FF 78 76 BF 00 0
0088  01 AA 00 00 00 00 00 00 0
01F8  00 AB 01 66 00 00 00 00 0
0505  FF 78 76 BF 00 0
4008  00 77 00 00 00 00 00 00 0
30810098  00 00 00 00 00 00 00 00 0
0088  00 01 03 00 00 03 0C 00 423
4008  00 77 00 00 00 00 00 00 0
0505  FF 78 76 BF 00 0
0088  01 0A 00 00 00 00 00 00 0
0505  FF 78 76 BF 00 0
0088  02 AA 00 00 00 00 00 00 0
4008  00 77 00 00 00 00 00 00 0
0208  00 AB 02 66 00 00 00 00 0
0088  02 0A 00 00 00 00 00 00 0
0505  FF 78 76 BF 00 0
0088  03 0A 00 00 00 00 00 00 0
4008  00 77 00 00 00 00 00 00 0
0088  03 AA 00 00 00 00 00 00 0
0218  00 AB 03 66 00 00 00 00 0
0505  FF 78 76 BF 00 0
4008  00 77 00 00 00 00 00 00 0
0088  04 0A 04 00 66 00 03 08 0
0505  FF 78 76 BF 00 0
0088  05 0A 00 00 00 00 00 00 0
4008  00 77 00 00 00 00 00 00 0
0088  01 AA 00 00 00 00 00 00 0
01F8  00 AB 01 66 00 00 00 00 0
0505  FF 78 76 BF 00 0
0088  06 0A 00 00 00 00 00 00 0
4008  00 77 00 00 00 00 00 00 0
0505  FF 78 76 BF 00 0
0088  07 0A 00 00 00 00 00 00 0
4008  00 77 00 00 00 00 00 00 0
0088  01 BC 03 00 00 00 00 00 623
0505  FF 78 76 BF 00 0
0088  08 0A 00 00 00 00 00 00 0
4008  00 77 00 00 00 00 00 00 0
0088  09 0A 00 00 00 00 00 00 0
0505  FF 78 76 BF 00 0
0088  02 AA 00 00 00 00 00 00 0
0208  00 AB 02 66 00 00 00 00 0
4008  00 77 00 00 00 00 00 00 0
0505  FF 78 76 BF 00 0
0088  0A 0A 00 00 09 12 26 06 0
4008  00 77 00 00 00 00 00 00 0
0088  0B 0A 00 00 00 00 00 00 0
0505  FF 78 76 BF 00 0
0088  03 AA 00 00 00 00 00 00 0
0218  00 AB 03 66 00 00 00 00 0
4008  00 77 00 00 00 00 00 00 0
0088  0C 0A 00 00 00 00 00 00 0
0505  FF 78 76 BF 00 0
0088  0D 0A 00 00 00 00 00 00 0
4008  00 77 00 00 00 00 00 00 0
0505  FF 78 76 BF 00 0
0088  01 AA 00 00 00 00 00 00 0
01F8  00 AB 01 66 00 00 00 00 0
4008  00 77 00 00 00 00 00 00 0
0088  0E 0A 00 00 00 00 00 00 0
0505  FF 78 76 BF 00 0
0088  0F 0A 00 00 00 00 00 00 0
4008  00 77 00 00 00 00 00 00 0
0505  FF 78 76 BF 00 0
0088  02 AA 00 00 00 00 00 00 0
0208  00 AB 02 66 00 00 00 00 0
0088  10 0A 00 00 00 00 00 00 0
0505  FF 78 76 BF 00 0
4008  00 77 00 00 00 00 00 00 0
0088  00 82 28 01 00 00 00 00 0
4008  00 77 00 00 00 00 00 00 0
0088  03 AA 00 00 00 00 00 00 0
0505  FF 78 76 BF 00 0
0218  00 AB 03 66 00 00 00 00 0
0088  00 83 00 00 00 00 00 00 0
4008  00 77 00 00 00 00 00 00 0
0505  FF 78 76 BF 00 0
0088  00 84 00 00 00 00 00 00 0
0088  01 AA 00 00 00 00 00 00 0
01F8  00 AB 01 66 00 00 00 00 0
0505  FF 78 76 BF 00 0
4008  00 77 00 00 00 00 00 00 0
0088  00 85 00 00 00 00 00 00 0
4008  00 77 00 00 00 00 00 00 0
0505  FF 78 76 BF 00 0
0088  00 86 00 00 00 03 03 05 0
0088  02 AA 00 00 00 00 00 00 0
0208  00 AB 02 66 00 00 00 00 0
0505  FF 78 76 BF 00 0
4008  00 77 00 00 00 00 00 00 0
0088  01 BC 03 00 00 00 00 00 623
0088  03 AA 00 00 00 00 00 00 0
0505  FF 78 76 BF 00 0
0218  00 AB 03 66 00 00 00 00 0
4008  00 77 00 00 00 00 00 00 0
30810098  00 00 00 00 00 00 00 00 0
0505  FF 78 76 BF 00 0
4008  00 77 00 00 00 00 00 00 0
0088  00 01 03 00 00 03 0C 00 423
0088  01 0A 00 00 00 00 00 00 0
0505  FF 78 76 BF 00 0
4008  00 77 00 00 00 00 00 00 0
0088  01 AA 00 00 00 00 00 00 0
01F8  00 AB 01 66 00 00 00 00 0
0505  FF 78 76 BF 00 0
0088  02 0A 00 00 00 00 00 00 0
4008  00 77 00 00 00 00 00 00 0
0088  03 0A 00 00 00 00 00 00 0
0505  FF 78 76 BF 00 0
4008  00 77 00 00 00 00 00 00 0
0088  02 AA 00 00 00 00 00 00 0
0208  00 AB 02 66 00 00 00 00 0
0088  04 0A 04 00 66 00 03 08 0
0505  FF 78 76 BF 00 0
4008  00 77 00 00 00 00 00 00 0
0088  05 0A 00 00 00 00 00 00 0
0505  FF 78 76 BF 00 0
0088  03 AA 00 00 00 00 00 00 0
0218  00 AB 03 66 00 00 00 00 0
4008  00 77 00 00 00 00 00 00 0
0088  06 0A 00 00 00 00 00 00 0
0505  FF 78 76 BF 00 0
0088  07 0A 00 00 00 00 00 00 0
4008  00 77 00 00 00 00 00 00 0
0505  FF 78 76 BF 00 0
0088  01 BC 03 00 00 00 00 00 623
0088  08 0A 00 00 00 00 00 00 0
4008  00 77 00 00 00 00 00 00 0
0505  FF 78 76 BF 00 0
0088  09 0A 00 00 00 00 00 00 0
0088  01 AA 00 00 00 00 00 00 0
4008  00 77 00 00 00 00 00 00 0
01F8  00 AB 01 66 00 00 00 00 0
0505  FF 78 76 BF 00 0
0088  0A 0A 00 00 09 12 26 08 0
4008  00 77 00 00 00 00 00 00 0
0505  FF 78 76 BF 00 0
0088  0B 0A 00 00 00 00 00 00 0
0088  02 AA 00 00 00 00 00 00 0
0208  00 AB 02 66 00 00 00 00 0
4008  00 77 00 00 00 00 00 00 0
0505  FF 78 76 BF 00 0
0088  0C 0A 00 00 00 00 00 00 0
0505  FF 78 76 BF 00 0
0088  0D 0A 00 00 00 00 00 00 0
4008  00 77 00 00 00 00 00 00 0
0088  03 AA 00 00 00 00 00 00 0
0218  00 AB 03 66 00 00 00 00 0
4008  00 77 00 00 00 00 00 00 0
0505  FF 78 76 BF 00 0
0088  0E 0A 00 00 00 00 00 00 0
0088  0F 0A 00 00 00 00 00 00 0
0505  FF 78 76 BF 00 0
4008  00 77 00 00 00 00 00 00 0
0088  01 AA 00 00 00 00 00 00 0
01F8  00 AB 01 66 00 00 00 00 0
0505  FF 78 76 BF 00 0
0088  10 0A 00 00 00 00 00 00 0
4008  00 77 00 00 00 00 00 00 0
0088  00 82 28 01 00 00 00 00 0
0505  FF 78 76 BF 00 0
4008  00 77 00 00 00 00 00 00 0
0088  02 AA 00 00 00 00 00 00 0
0208  00 AB 02 66 00 00 00 00 0
0088  00 83 00 00 00 00 00 00 0
0505  FF 78 76 BF 00 0
4008  00 77 00 00 00 00 00 00 0
0088  00 84 00 00 00 00 00 00 0
0505  FF 78 76 BF 00 0
0088  03 AA 00 00 00 00 00 00 0
0218  00 AB 03 66 00 00 00 00 0
4008  00 77 00 00 00 00 00 00 0
0088  00 85 00 00 00 00 00 00 0
0505  FF 78 76 BF 00 0
4008  00 77 00 00 00 00 00 00 0
0088  00 86 00 00 00 03 03 05 0
0505  FF 78 76 BF 00 0
0088  01 AA 00 00 00 00 00 00 0
01F8  00 AB 01 66 00 00 00 00 0
4008  00 77 00 00 00 00 00 00 0
0088  01 BC 03 00 00 00 00 00 623
0505  FF 78 76 BF 00 0
0088  02 AA 00 00 00 00 00 00 0
0208  00 AB 02 66 00 00 00 00 0
4008  00 77 00 00 00 00 00 00 0
30810098  00 00 00 00 00 00 00 00 0
0505  FF 78 76 BF 00 0
4008  00 77 00 00 00 00 00 00 0
0088  00 01 03 00 00 03 0C 00 423
0088  00 01 03 00 00 03 0C 00 423

