
        009            42 87 00 00 00 00 00 00 
        008            01 0A 00 00 00 00 00 00 
        00A            00 7E 00 00 00 00 00 00 
        008            02 0A 00 00 00 00 00 00 
        008            03 0A 00 00 00 00 00 00 
        008            04 0A 04 00 00 00 02 20 
        008            05 0A 00 00 00 00 00 00 
        008            06 0A 00 00 00 00 00 00 
        008            07 0A 00 00 00 00 00 00 
        008            08 0A 00 00 00 00 00 00 
        008            09 0A 00 00 00 00 00 00 
        008            0A 0A 00 00 03 18 09 56 
        008            0B 0A 00 00 00 00 00 00 
        008            0C 0A 00 00 00 00 00 00 
        008            0D 0A 00 00 00 00 00 00 
        008            0E 0A 00 00 00 00 00 00 
        008            0F 0A 00 00 00 00 00 00 
        008            10 0A 00 00 00 00 00 00 
        008            00 82 00 00 00 00 00 00 
        008            00 83 00 00 00 00 00 00 
        008            00 84 00 00 00 00 00 00 
        008            00 85 00 00 00 20 20 32 
        008            00 86 00 00 00 02 01 05 
        008            00 01 02 00 00 02 00 00 
        008            01 AA 00 00 00 00 00 00 
        01F            00 AB 01 00 00 00 00 00 
        008            02 AA 00 00 00 00 00 00 
        020            00 AB 02 00 00 00 00 00 
        008            14 0A 10 05 05 18 09 57 
        008            03 AA 00 00 00 00 00 00 
        021            00 AB 03 00 00 00 00 00 
        008            01 BC 02 00 00 00 00 00 
        008            0A 0A 00 00 03 18 09 57 
        008            04 AA 00 00 00 00 00 00 
        022            00 AB 04 00 00 00 00 00 
        008            14 0A 10 05 05 18 09 58 
        008            14 0A 10 05 05 18 09 59 
        008            0A 0A 00 00 03 18 10 00 
        008            14 0A 10 05 05 18 10 00 
        008            14 0A 10 05 05 18 10 01 
        008            0A 0A 00 00 03 18 10 01 
        008            14 0A 10 05 05 18 10 02 
        008            14 0A 10 05 05 18 10 03 
        008            0A 0A 00 00 03 18 10 03 
        008            14 0A 10 05 05 18 10 04 
        008            0A 0A 00 00 03 18 10 05 
        008            14 0A 10 05 05 18 10 06 
        008            04 0A 04 00 00 01 02 20 
        008            00 BC 02 00 00 00 00 00 
        008            0A 0A 00 00 03 18 10 07 
        008            00 01 02 03 00 02 02 00 
        008            14 0A 10 05 05 18 10 08 
        008            0A 0A 00 00 03 18 10 08 
        008            14 0A 10 05 05 18 10 09 
        008            14 0A 10 05 05 18 10 10 
        008            0A 0A FF 79 03 18 10 10 
        008            14 0A 10 05 05 18 10 11 
        008            00 01 02 03 00 02 06 00 
        008            0A 0A FF BF 02 18 10 12 
        008            14 0A 10 05 05 18 10 13 
        008            0A 0A FF CE 02 18 10 14 
        008            14 0A 10 05 05 18 10 14 
        008            14 0A 10 05 05 18 10 15 
        008            14 0A 10 05 05 18 10 16 
        008            14 0A 10 05 05 18 10 17 
        008            0A 0A FF C2 02 18 10 17 
        008            14 0A 10 05 05 18 10 18 
        008            00 82 00 01 00 00 00 00 
        008            00 01 02 03 00 02 0E 00 
        008            14 0A 10 05 05 18 10 19 
        008            00 01 02 00 00 02 0E 00 
        008            0A 0A 00 00 02 18 10 19 
        008            00 01 02 00 00 02 0C 00 
        008            14 0A 10 05 05 18 10 20 
        008            04 0A 04 20 00 00 02 20 
        008            10 82 00 01 00 00 00 00 
        008            00 01 02 08 00 02 0C 00 
        009            43 87 00 00 00 00 00 00 
        008            00 86 00 00 00 02 01 01 
        008            00 86 00 00 00 02 01 00 
        009            41 87 00 00 00 00 00 00 
        008            14 0A 10 05 05 18 10 21 
        008            00 86 00 00 00 02 01 02 
        008            0A 0A 00 00 02 18 10 21 
        008            14 0A 10 05 05 18 10 22 
        008            14 0A 10 05 05 18 10 23 
        008            0A 0A 00 00 02 18 10 23 
        008            08 82 00 01 00 00 00 00 
        008            00 01 02 10 00 02 0C 00 
        008            04 0A 04 40 00 00 02 20 
        008            14 0A 10 05 05 18 10 24 
        008            14 0A 10 05 05 18 10 25 
        008            0A 0A 00 00 02 18 10 25 
        008            14 0A 10 05 05 18 10 26 
        008            0A 0A 00 00 02 18 10 27 
        008            14 0A 10 05 05 18 10 28 
        008            0A 0A 00 00 02 18 10 29 
        008            14 0A 10 05 05 18 10 29 
        008            14 0A 10 05 05 18 10 30 
        008            0A 0A 00 00 02 18 10 30 
        008            14 0A 10 05 05 18 10 31 
