   
   009           42 87 00 00 00 00 00 00 
   008           01 0A 00 00 00 00 00 00 
   00A           00 7E 00 00 00 00 00 00 
   008           02 0A 00 00 00 00 00 00 
   008           03 0A 00 00 00 00 00 00 
   008           04 0A 04 00 00 00 03 13 
   008           05 0A 00 00 00 00 00 00 
   008           06 0A 00 00 00 00 00 00 
   008           07 0A 00 00 00 00 00 00 
   008           08 0A 00 00 00 00 00 00 
   008           09 0A 00 00 00 00 00 00 
   008           0A 0A 00 00 03 18 20 28 
   008           0B 0A 00 00 00 00 00 00 
   008           0C 0A 00 00 00 00 00 00 
   008           0D 0A 00 00 00 00 00 00 
   008           0E 0A 00 00 00 00 00 00 
   008           0F 0A 00 00 00 00 00 00 
   008           10 0A 00 00 00 00 00 00 
   008           00 82 00 00 00 00 00 00 
   008           00 83 00 00 00 00 00 00 
   008           00 84 00 00 00 00 00 00 
   008           00 85 00 00 00 20 20 33 
   008           00 86 00 00 00 03 01 05 
   008           00 01 03 00 00 03 00 00 
   008           01 AA 00 00 00 00 00 00 
   01F           00 AB 01 00 00 00 00 00 
   008           02 AA 00 00 00 00 00 00 
   020           00 AB 02 00 00 00 00 00 
   008           14 0A 10 05 05 18 20 29 
   008           03 AA 00 00 00 00 00 00 
   021           00 AB 03 00 00 00 00 00 
   008           01 BC 03 00 00 00 00 00 
   008           0A 0A 00 00 03 18 20 30 
   008           04 AA 00 00 00 00 00 00 
   022           00 AB 04 00 00 00 00 00 
   008           14 0A 10 05 05 18 20 31 
   008           0A 0A 00 00 03 18 20 32 
   008           14 0A 10 05 05 18 20 32 
   008           14 0A 10 05 05 18 20 33 
   008           0A 0A 00 00 03 18 20 33 
   008           14 0A 10 05 05 18 20 34 
   008           14 0A 10 05 05 18 20 35 
   008           0A 0A 00 00 03 18 20 35 
   008           14 0A 10 05 05 18 20 36 
   008           0A 0A 00 00 03 18 20 37 
   008           14 0A 10 05 05 18 20 38 
   008           04 0A 04 00 00 01 03 13 
   008           00 BC 03 00 00 00 00 00 
   008           0A 0A 00 00 03 18 20 39 
   008           00 01 03 02 00 03 01 00 
   008           14 0A 10 05 05 18 20 39 
   008           14 0A 10 05 05 18 20 40 
   008           0A 0A 00 00 03 18 20 40 
   008           14 0A 10 05 05 18 20 41 
   008           14 0A 10 05 05 18 20 42 
   008           0A 0A 00 88 03 18 20 42 
   008           14 0A 10 05 05 18 20 43 
   008           00 01 03 02 00 03 09 00 
   008           0A 0A 00 32 03 18 20 44 
   008           14 0A 10 05 05 18 20 45 
   008           0A 0A 00 3A 03 18 20 46 
   008           14 0A 10 05 05 18 20 46 
   008           14 0A 10 05 05 18 20 47 
   008           0A 0A 00 40 04 18 20 47 
   008           14 0A 10 05 05 18 20 48 
   008           14 0A 10 05 05 18 20 49 
   008           0A 0A 00 3A 04 18 20 49 
   008           14 0A 10 05 05 18 20 50 
   008           00 82 00 01 00 00 00 00 
   008           00 01 03 02 00 03 0D 00 
   008           14 0A 10 05 05 18 20 51 
   008           00 01 03 00 00 03 0D 00 
   008           0A 0A 00 00 04 18 20 51 
   008           00 01 03 00 00 03 0C 00 
   008           00 01 03 08 00 03 0C 00 
   008           04 0A 04 20 00 00 03 13 
   008           10 82 00 01 00 00 00 00 
   008           14 0A 10 05 05 18 20 52 
   009           43 87 00 00 00 00 00 00 
   008           00 86 00 00 00 03 01 01 
   008           00 86 00 00 00 03 01 00 
   009           41 87 00 00 00 00 00 00 
   008           00 86 00 00 00 03 01 02 
   008           14 0A 10 05 05 18 20 53 
   008           0A 0A 00 00 04 18 20 53 
   008           14 0A 10 05 05 18 20 54 
   008           14 0A 10 05 05 18 20 55 
   008           0A 0A 00 00 04 18 20 55 
   008           08 82 00 01 00 00 00 00 
   008           00 01 03 10 00 03 0C 00 
   008           04 0A 04 40 00 00 03 13 
   008           14 0A 10 05 05 18 20 56 
   008           14 0A 10 05 05 18 20 57 
   008           0A 0A 00 00 04 18 20 57 
   008           14 0A 10 05 05 18 20 58 
   008           0A 0A 00 00 04 18 20 59 
   008           14 0A 10 05 05 18 21 00 
