    
         009         42 87 00 00 00 00 00 00 
         008         04 AA 00 00 00 00 00 00 
         022         00 AB 04 00 00 00 00 00 
         00A         00 7E 00 00 00 00 00 00 
         008         04 0A 04 00 00 00 01 13 
         008         05 0A 00 00 00 00 00 00 
         008         14 0A 10 05 04 18 36 26 
         008         06 0A 00 00 00 00 00 00 
         008         07 0A 00 00 00 00 00 00 
         008         01 AA 00 00 00 00 00 00 
         01F         00 AB 01 00 00 00 00 00 
         008         08 0A 00 00 00 00 00 00 
         008         09 0A 00 00 00 00 00 00 
         008         01 BC 01 00 00 00 00 00 
         008         0A 0A 00 00 00 18 36 26 
         008         0B 0A 00 00 00 00 00 00 
         008         02 AA 00 00 00 00 00 00 
         020         00 AB 02 00 00 00 00 00 
         008         0C 0A 00 00 00 00 00 00 
         008         0D 0A 00 00 00 00 00 00 
         008         03 AA 00 00 00 00 00 00 
         021         00 AB 03 00 00 00 00 00 
         008         0E 0A 00 00 00 00 00 00 
         008         0F 0A 00 00 00 00 00 00 
         008         10 0A 00 00 00 00 00 00 
         008         00 82 00 01 00 00 00 00 
         008         00 83 00 00 00 00 00 00 
         008         00 84 00 00 00 00 00 00 
         008         00 85 00 00 00 20 20 31 
         008         00 86 00 00 00 01 01 05 
         008         14 0A 10 05 04 18 36 27 
         008         00 01 01 00 00 01 0C 00 
         008         01 0A 00 00 00 00 00 00 
         008         02 0A 00 00 00 00 00 00 
         008         03 0A 00 00 00 00 00 00 
         008         0A 0A 00 00 00 18 36 28 
         008         14 0A 10 05 04 18 36 29 
         00A         01 6E 04 00 00 00 00 00 
         008         03 0A 08 00 00 00 00 00 
         008         04 0A 04 00 00 01 01 13 
         00A         00 6E 04 00 00 00 00 00 
         008         07 0A 08 00 00 00 00 00 
         008         09 0A 08 00 00 00 00 00 
         008         00 01 01 01 00 01 0C 00 
         008         00 01 01 02 00 01 0D 00 
         008         00 BC 01 00 00 00 00 00 
         008         0A 0A 00 00 00 18 36 30 
         008         14 0A 10 05 04 18 36 31 
         008         00 86 00 00 00 02 01 05 
         008         0A 0A 00 02 00 18 36 32 
         008         00 01 01 02 00 01 05 00 
         008         00 82 00 00 00 00 00 00 
         008         00 86 00 00 00 03 01 05 
         008         14 0A 10 05 04 18 36 33 
         008         00 01 01 02 00 01 01 00 
         008         0A 0A 02 8D 01 18 36 33 
         008         04 0A 04 00 00 01 02 13 
         008         00 85 00 00 00 20 20 32 
         008         00 01 02 02 00 02 01 00 
         008         00 01 02 02 00 02 09 00 
         008         14 0A 10 05 04 18 36 34 
         008         00 BC 02 00 00 00 00 00 
         008         14 0A 10 05 04 18 36 35 
         008         00 01 02 02 00 02 0D 00 
         008         00 01 02 02 00 02 05 00 
         008         0A 0A 02 9A 02 18 36 36 
         008         14 0A 10 05 04 18 36 36 
         008         00 85 00 00 00 20 20 33 
         008         00 86 00 00 00 04 01 05 
         008         00 01 03 02 00 03 01 00 
         008         04 0A 04 00 00 01 03 13 
         008         14 0A 10 05 04 18 36 37 
         008         00 BC 03 00 00 00 00 00 
         008         0A 0A 02 A3 03 18 36 38 
         008         00 01 03 02 00 03 09 00 
         008         00 01 03 02 00 03 05 00 
         008         14 0A 10 05 04 18 36 39 
         008         0A 0A 02 A2 05 18 36 39 
         008         00 85 00 00 00 20 20 34 
         008         00 01 04 02 00 04 01 00 
         008         04 0A 04 00 00 01 04 13 
         008         00 01 04 02 00 04 09 00 
         008         04 0A 06 00 00 01 04 13 
         008         01 82 00 00 00 00 00 00 
         008         00 01 04 02 00 04 A9 00 
         008         14 0A 10 05 04 18 36 41 
         008         00 BC 04 00 00 00 00 00 
         008         01 82 00 01 00 00 00 00 
         008         11 82 00 01 00 00 00 00 
         008         00 01 04 8C 02 04 8C 00 
         008         04 0A 06 20 00 00 04 17 
         009         43 87 00 00 00 00 00 00 
         008         00 86 00 00 00 04 01 01 
         008         00 86 00 00 00 04 01 00 
         008         04 0A 04 20 00 00 04 17 
         009         41 87 00 00 00 00 00 00 
         008         10 82 00 01 00 00 00 00 
         008         04 0A 04 00 00 00 04 17 
         008         00 86 00 00 00 04 01 02 
         008         00 01 04 80 02 04 0C 00 
         008         14 0A 10 05 04 18 36 42 
         008         01 BC 04 00 00 00 00 00 
         008         0A 0A 00 00 06 18 36 42 
         008         14 0A 10 05 04 18 36 43 
         008         14 0A 10 05 04 18 36 44 
         008         0A 0A 00 00 06 18 36 44 
         008         14 0A 10 05 04 18 36 45 
         008         08 82 00 01 00 00 00 00 
         008         00 01 04 10 00 04 0C 00 
         008         04 0A 04 40 00 00 04 17 
         008         14 0A 10 05 04 18 36 46 
         008         00 01 04 00 00 04 0C 00 
         008         0A 0A 00 00 06 18 36 46 
         008         14 0A 10 05 04 18 36 47 
         008         14 0A 10 05 04 18 36 48 
         008         0A 0A 00 00 06 18 36 48 
         008         14 0A 10 05 04 18 36 49 
         008         0A 0A 00 00 06 18 36 50 
         008         14 0A 10 05 04 18 36 51 
         008         0A 0A 00 00 06 18 36 51 
         008         14 0A 10 05 04 18 36 52 
         008         14 0A 10 05 04 18 36 53 
         008         0A 0A 00 00 06 18 36 53 
         008         14 0A 10 05 04 18 36 54 
         008         14 0A 10 05 04 18 36 55 
         008         0A 0A 00 00 06 18 36 55 
         008         14 0A 10 05 04 18 36 56 
