    
       009            42 87 00 00 00 00 00 00 
       008            00 86 00 00 00 01 01 05 
       00A            00 7E 00 00 00 00 00 00 
       008            14 0A 10 05 04 18 40 31 
       008            01 BC 01 00 00 00 00 00 
       008            01 AA 00 00 00 00 00 00 
       01F            00 AB 01 00 00 00 00 00 
       008            00 01 01 00 00 01 0C 00 
       008            01 0A 00 00 00 00 00 00 
       008            02 AA 00 00 00 00 00 00 
       020            00 AB 02 00 00 00 00 00 
       008            02 0A 00 00 00 00 00 00 
       008            03 0A 00 00 00 00 00 00 
       008            03 AA 00 00 00 00 00 00 
       021            00 AB 03 00 00 00 00 00 
       008            04 0A 04 00 00 00 01 13 
       008            05 0A 00 00 00 00 00 00 
       008            06 0A 00 00 00 00 00 00 
       008            07 0A 00 00 00 00 00 00 
       008            04 AA 00 00 00 00 00 00 
       022            00 AB 04 00 00 00 00 00 
       008            08 0A 00 00 00 00 00 00 
       008            09 0A 00 00 00 00 00 00 
       008            0A 0A 00 00 00 18 40 32 
       008            0B 0A 00 00 00 00 00 00 
       008            0C 0A 00 00 00 00 00 00 
       008            0D 0A 00 00 00 00 00 00 
       008            0E 0A 00 00 00 00 00 00 
       008            0F 0A 00 00 00 00 00 00 
       008            10 0A 00 00 00 00 00 00 
       008            00 82 00 01 00 00 00 00 
       008            00 83 00 00 00 00 00 00 
       008            00 84 00 00 00 00 00 00 
       008            00 85 00 00 00 20 20 31 
       008            14 0A 10 05 04 18 40 33 
       008            0A 0A 00 00 00 18 40 33 
       00A            01 6E 03 00 00 00 00 00 
       008            03 0A 04 00 00 00 00 00 
       008            04 0A 04 00 00 01 01 13 
       008            07 0A 04 00 00 00 00 00 
       008            09 0A 04 00 00 00 00 00 
       00A            00 6E 03 00 00 00 00 00 
       008            00 01 01 01 00 01 0C 00 
       008            00 01 01 02 00 01 0D 00 
       008            14 0A 10 05 04 18 40 35 
       008            00 BC 01 00 00 00 00 00 
       008            00 86 00 00 00 02 01 05 
       008            14 0A 10 05 04 18 40 36 
       008            14 0A 10 05 04 18 40 37 
       008            00 01 01 02 00 01 05 00 
       008            00 86 00 00 00 03 01 05 
       008            00 82 00 00 00 00 00 00 
       008            0A 0A 01 9F 00 18 40 37 
       008            00 01 01 02 00 01 01 00 
       008            14 0A 10 05 04 18 40 38 
       008            04 0A 04 00 00 01 02 13 
       008            00 85 00 00 00 20 20 32 
       008            00 01 02 02 00 02 01 00 
       008            14 0A 10 05 04 18 40 39 
       008            00 BC 02 00 00 00 00 00 
       008            00 01 02 02 00 02 09 00 
       008            0A 0A 02 A0 01 18 40 39 
       008            00 01 02 02 00 02 0D 00 
       008            00 01 02 02 00 02 05 00 
       008            14 0A 10 05 04 18 40 40 
       008            14 0A 10 05 04 18 40 41 
       008            0A 0A 02 A6 03 18 40 41 
       008            00 85 00 00 00 20 20 33 
       008            00 01 03 02 00 03 01 00 
       008            04 0A 04 00 00 01 03 13 
       008            02 82 00 00 00 00 00 00 
       008            00 01 03 02 00 03 51 00 
       008            04 0A 05 00 00 01 03 13 
       008            00 01 03 02 00 03 59 00 
       008            14 0A 10 05 04 18 40 43 
       008            00 BC 03 00 00 00 00 00 
       008            00 01 03 81 02 03 58 00 
       008            00 01 03 81 02 03 48 00 
       008            04 0A 05 00 00 00 03 17 
       008            00 01 03 80 02 03 08 00 
       008            04 0A 04 00 00 00 03 17 
       008            14 0A 10 05 04 18 40 44 
       008            01 BC 03 00 00 00 00 00 
       008            0A 0A 00 00 04 18 40 44 
       008            14 0A 10 05 04 18 40 45 
       008            0A 0A 00 00 04 18 40 46 
       008            14 0A 10 05 04 18 40 46 
       008            14 0A 10 05 04 18 40 47 
       008            00 01 03 00 00 03 08 00 
       008            04 0A 04 00 00 01 03 17 
       008            00 01 03 02 00 03 09 00 
       008            0A 0A 00 00 04 18 40 48 
       008            14 0A 10 05 04 18 40 48 
       008            14 0A 10 05 04 18 40 49 
       008            0A 0A 00 00 04 18 40 49 
       008            14 0A 10 05 04 18 40 50 
       008            14 0A 10 05 04 18 40 51 
       008            0A 0A 00 45 04 18 40 51 
       008            00 01 03 02 00 03 05 00 
       008            14 0A 10 05 04 18 40 52 
       008            00 01 03 00 00 03 05 00 
       008            14 0A 10 05 04 18 40 53 
       008            00 01 03 00 00 03 04 00 
       008            0A 0A 00 00 04 18 40 53 
       008            14 0A 10 05 04 18 40 54 
       008            0A 0A 00 00 04 18 40 55 
       008            14 0A 10 05 04 18 40 56 
       008            00 01 03 03 00 03 06 00 
       008            0A 0A 00 00 04 18 40 57 
       008            14 0A 10 05 04 18 40 57 
       008            14 0A 10 05 04 18 40 58 
       008            0A 0A FF EB 04 18 40 58 
       008            14 0A 10 05 04 18 40 59 
       008            00 01 03 03 00 03 02 00 
       008            00 01 03 03 00 03 0A 00 
       008            14 0A 10 05 04 18 41 00 
       008            0A 0A FF 9F 04 18 41 00 
       008            00 01 03 00 00 03 0A 00 
       008            14 0A 10 05 04 18 41 01 
       008            14 0A 10 05 04 18 41 02 
       008            0A 0A 00 00 04 18 41 02 
       008            14 0A 10 05 04 18 41 03 
       008            0A 0A 00 00 04 18 41 04 
       008            14 0A 10 05 04 18 41 05 
       008            0A 0A 00 00 04 18 41 06 
       008            14 0A 10 05 04 18 41 06 
       008            14 0A 10 05 04 18 41 07 
       008            0A 0A 00 45 04 18 41 07 
       008            14 0A 10 05 04 18 41 08 
       008            14 0A 10 05 04 18 41 09 
       008            0A 0A 00 00 04 18 41 10 
       008            14 0A 10 05 04 18 41 11 
       008            0A 0A 00 00 04 18 41 11 
       008            14 0A 10 05 04 18 41 12 
       008            14 0A 10 05 04 18 41 13 
       008            0A 0A 00 00 04 18 41 13 
       008            14 0A 10 05 04 18 41 14 
       008            14 0A 10 05 04 18 41 15 
       008            0A 0A 00 00 04 18 41 15 
       008            14 0A 10 05 04 18 41 16 
       008            0A 0A FF BD 04 18 41 17 
