   
           009          42 87 00 00 00 00 00 00 
           009          42 87 00 00 00 00 00 00 
           009          42 87 00 00 00 00 00 00 
           009          42 87 00 00 00 00 00 00 
           009          42 87 00 00 00 00 00 00 
           009          42 87 00 00 00 00 00 00 
           009          42 87 00 00 00 00 00 00 
           009          42 87 00 00 00 00 00 00 
           009          42 87 00 00 00 00 00 00 
           009          42 87 00 00 00 00 00 00 
           009          42 87 00 00 00 00 00 00 
           009          42 87 00 00 00 00 00 00 
           009          42 87 00 00 00 00 00 00 
           009          42 87 00 00 00 00 00 00 
           009          42 87 00 00 00 00 00 00 
           009          42 87 00 00 00 00 00 00 
           009          42 87 00 00 00 00 00 00 
           009          42 87 00 00 00 00 00 00 
           009          42 87 00 00 00 00 00 00 
           009          42 87 00 00 00 00 00 00 
           009          42 87 00 00 00 00 00 00 
           009          42 87 00 00 00 00 00 00 
           009          42 87 00 00 00 00 00 00 
           009          42 87 00 00 00 00 00 00 
           009          42 87 00 00 00 00 00 00 
           009          42 87 00 00 00 00 00 00 
           009          42 87 00 00 00 00 00 00 
           009          42 87 00 00 00 00 00 00 
           009          42 87 00 00 00 00 00 00 
           009          42 87 00 00 00 00 00 00 
           009          42 87 00 00 00 00 00 00 
           009          42 87 00 00 00 00 00 00 
           009          42 87 00 00 00 00 00 00 
           009          42 87 00 00 00 00 00 00 
           009          42 87 00 00 00 00 00 00 
           009          42 87 00 00 00 00 00 00 
           009          42 87 00 00 00 00 00 00 
           009          42 87 00 00 00 00 00 00 
           009          42 87 00 00 00 00 00 00 
           009          42 87 00 00 00 00 00 00 
           009          42 87 00 00 00 00 00 00 
           008          01 0A 00 00 00 00 00 00 
           00A          00 7E 00 00 00 00 00 00 
           009          42 87 00 00 00 00 00 00 
           008          02 0A 00 00 00 00 00 00 
           009          42 87 00 00 00 00 00 00 
           008          03 0A 00 00 00 00 00 00 
           00A          00 7E 00 00 00 00 00 00 
           009          42 87 00 00 00 00 00 00 
           008          04 0A 04 00 00 00 03 20 
           009          42 87 00 00 00 00 00 00 
           008          05 0A 00 00 00 00 00 00 
           00A          00 7E 00 00 00 00 00 00 
           009          42 87 00 00 00 00 00 00 
           008          06 0A 00 00 00 00 00 00 
           009          42 87 00 00 00 00 00 00 
           008          07 0A 00 00 00 00 00 00 
           00A          00 7E 00 00 00 00 00 00 
           009          42 87 00 00 00 00 00 00 
           008          08 0A 00 00 00 00 00 00 
           009          42 87 00 00 00 00 00 00 
           008          09 0A 00 00 00 00 00 00 
           00A          00 7E 00 00 00 00 00 00 
           009          42 87 00 00 00 00 00 00 
           008          0A 0A 00 00 03 19 19 27 
           009          42 87 00 00 00 00 00 00 
           008          0B 0A 00 00 00 00 00 00 
           00A          00 7E 00 00 00 00 00 00 
           009          42 87 00 00 00 00 00 00 
           008          0C 0A 00 00 00 00 00 00 
           009          42 87 00 00 00 00 00 00 
           008          0D 0A 00 00 00 00 00 00 
           00A          00 7E 00 00 00 00 00 00 
           009          42 87 00 00 00 00 00 00 
           008          0E 0A 00 00 00 00 00 00 
           009          42 87 00 00 00 00 00 00 
           008          0F 0A 00 00 00 00 00 00 
           00A          00 7E 00 00 00 00 00 00 
           009          42 87 00 00 00 00 00 00 
           008          10 0A 00 00 00 00 00 00 
           009          42 87 00 00 00 00 00 00 
           008          00 82 00 00 00 00 00 00 
           00A          00 7E 00 00 00 00 00 00 
           009          42 87 00 00 00 00 00 00 
           008          00 83 00 00 00 00 00 00 
           009          42 87 00 00 00 00 00 00 
           008          00 84 00 00 00 00 00 00 
           00A          00 7E 00 00 00 00 00 00 
           009          42 87 00 00 00 00 00 00 
           008          00 85 00 00 00 20 20 33 
           009          42 87 00 00 00 00 00 00 
           008          00 86 00 00 00 03 01 05 
           00A          00 7E 00 00 00 00 00 00 
           009          42 87 00 00 00 00 00 00 
           008          00 01 03 00 00 03 00 00 
           009          42 87 00 00 00 00 00 00 
           008          00 01 03 00 00 03 00 00 
           00A          00 7E 00 00 00 00 00 00 
           009          42 87 00 00 00 00 00 00 
           008          01 0A 00 00 00 00 00 00 
           009          42 87 00 00 00 00 00 00 
           008          01 AA 00 00 00 00 00 00 
           01F          00 AB 01 00 00 00 00 00 
           00A          00 7E 00 00 00 00 00 00 
           009          42 87 00 00 00 00 00 00 
           008          02 0A 00 00 00 00 00 00 
           009          42 87 00 00 00 00 00 00 
           008          03 0A 00 00 00 00 00 00 
           00A          00 7E 00 00 00 00 00 00 
           009          42 87 00 00 00 00 00 00 
           008          02 AA 00 00 00 00 00 00 
           020          00 AB 02 00 00 00 00 00 
           009          42 87 00 00 00 00 00 00 
           008          04 0A 04 00 00 00 03 20 
           00A          00 7E 00 00 00 00 00 00 
           009          42 87 00 00 00 00 00 00 
           008          05 0A 00 00 00 00 00 00 
           009          42 87 00 00 00 00 00 00 
           008          14 0A 10 05 05 19 19 28 
           00A          00 7E 00 00 00 00 00 00 
           009          42 87 00 00 00 00 00 00 
           008          06 0A 00 00 00 00 00 00 
           009          42 87 00 00 00 00 00 00 
           008          07 0A 00 00 00 00 00 00 
           00A          00 7E 00 00 00 00 00 00 
           009          42 87 00 00 00 00 00 00 
           008          03 AA 00 00 00 00 00 00 
           021          00 AB 03 00 00 00 00 00 
           009          42 87 00 00 00 00 00 00 
           008          08 0A 00 00 00 00 00 00 
           00A          00 7E 00 00 00 00 00 00 
           009          42 87 00 00 00 00 00 00 
           008          09 0A 00 00 00 00 00 00 
           009          42 87 00 00 00 00 00 00 
           008          01 BC 03 00 00 00 00 00 
           00A          00 7E 00 00 00 00 00 00 
           009          42 87 00 00 00 00 00 00 
           008          0A 0A 00 00 03 19 19 28 
           009          42 87 00 00 00 00 00 00 
           008          0B 0A 00 00 00 00 00 00 
           00A          00 7E 00 00 00 00 00 00 
           009          42 87 00 00 00 00 00 00 
           008          04 AA 00 00 00 00 00 00 
           022          00 AB 04 00 00 00 00 00 
           009          42 87 00 00 00 00 00 00 
           008          0C 0A 00 00 00 00 00 00 
           00A          00 7E 00 00 00 00 00 00 
           009          42 87 00 00 00 00 00 00 
           008          0D 0A 00 00 00 00 00 00 
           009          42 87 00 00 00 00 00 00 
           008          01 AA 00 00 00 00 00 00 
           01F          00 AB 01 00 00 00 00 00 
           00A          00 7E 00 00 00 00 00 00 
           009          42 87 00 00 00 00 00 00 
           008          0E 0A 00 00 00 00 00 00 
           009          42 87 00 00 00 00 00 00 
           008          0F 0A 00 00 00 00 00 00 
           00A          00 7E 00 00 00 00 00 00 
           009          42 87 00 00 00 00 00 00 
           008          02 AA 00 00 00 00 00 00 
           020          00 AB 02 00 00 00 00 00 
           009          42 87 00 00 00 00 00 00 
           008          10 0A 00 00 00 00 00 00 
           00A          00 7E 00 00 00 00 00 00 
           009          42 87 00 00 00 00 00 00 
           008          00 82 00 00 00 00 00 00 
           009          42 87 00 00 00 00 00 00 
           008          03 AA 00 00 00 00 00 00 
           021          00 AB 03 00 00 00 00 00 
           00A          00 7E 00 00 00 00 00 00 
           009          42 87 00 00 00 00 00 00 
           008          00 83 00 00 00 00 00 00 
           009          42 87 00 00 00 00 00 00 
           008          00 84 00 00 00 00 00 00 
           00A          00 7E 00 00 00 00 00 00 
           009          42 87 00 00 00 00 00 00 
           008          04 AA 00 00 00 00 00 00 
           022          00 AB 04 00 00 00 00 00 
           009          42 87 00 00 00 00 00 00 
           008          00 85 00 00 00 20 20 33 
           00A          00 7E 00 00 00 00 00 00 
           009          42 87 00 00 00 00 00 00 
           008          00 86 00 00 00 03 01 05 
           009          42 87 00 00 00 00 00 00 
           008          14 0A 10 05 05 19 19 29 
           00A          00 7E 00 00 00 00 00 00 
           009          42 87 00 00 00 00 00 00 
           008          01 BC 03 00 00 00 00 00 
           009          42 87 00 00 00 00 00 00 
           008          01 AA 00 00 00 00 00 00 
           01F          00 AB 01 00 00 00 00 00 
           00A          00 7E 00 00 00 00 00 00 
           009          42 87 00 00 00 00 00 00 
           008          00 01 03 00 00 03 00 00 
           009          42 87 00 00 00 00 00 00 
           008          01 0A 00 00 00 00 00 00 
           00A          00 7E 00 00 00 00 00 00 
           009          42 87 00 00 00 00 00 00 
           008          02 AA 00 00 00 00 00 00 
           020          00 AB 02 00 00 00 00 00 
           009          42 87 00 00 00 00 00 00 
           008          02 0A 00 00 00 00 00 00 
           00A          00 7E 00 00 00 00 00 00 
           009          42 87 00 00 00 00 00 00 
           008          03 0A 00 00 00 00 00 00 
           009          42 87 00 00 00 00 00 00 
           008          03 AA 00 00 00 00 00 00 
           021          00 AB 03 00 00 00 00 00 
           00A          00 7E 00 00 00 00 00 00 
           009          42 87 00 00 00 00 00 00 
           008          04 0A 04 00 00 00 03 20 
           009          42 87 00 00 00 00 00 00 
           008          05 0A 00 00 00 00 00 00 
           00A          00 7E 00 00 00 00 00 00 
           009          42 87 00 00 00 00 00 00 
           008          14 0A 10 05 05 19 19 30 
           009          42 87 00 00 00 00 00 00 
           008          06 0A 00 00 00 00 00 00 
           00A          00 7E 00 00 00 00 00 00 
           009          42 87 00 00 00 00 00 00 
           008          07 0A 00 00 00 00 00 00 
           009          42 87 00 00 00 00 00 00 
           008          04 AA 00 00 00 00 00 00 
           022          00 AB 04 00 00 00 00 00 
           00A          00 7E 00 00 00 00 00 00 
           009          42 87 00 00 00 00 00 00 
           008          08 0A 00 00 00 00 00 00 
           009          42 87 00 00 00 00 00 00 
           008          09 0A 00 00 00 00 00 00 
           00A          00 7E 00 00 00 00 00 00 
           009          42 87 00 00 00 00 00 00 
           008          01 BC 03 00 00 00 00 00 
           009          42 87 00 00 00 00 00 00 
           008          0A 0A 00 00 03 19 19 30 
           00A          00 7E 00 00 00 00 00 00 
           009          42 87 00 00 00 00 00 00 
           008          0B 0A 00 00 00 00 00 00 
           009          42 87 00 00 00 00 00 00 
           008          01 AA 00 00 00 00 00 00 
           01F          00 AB 01 00 00 00 00 00 
           00A          00 7E 00 00 00 00 00 00 
           009          42 87 00 00 00 00 00 00 
           008          0C 0A 00 00 00 00 00 00 
           009          42 87 00 00 00 00 00 00 
           008          0D 0A 00 00 00 00 00 00 
           00A          00 7E 00 00 00 00 00 00 
           009          42 87 00 00 00 00 00 00 
           008          02 AA 00 00 00 00 00 00 
           020          00 AB 02 00 00 00 00 00 
           009          42 87 00 00 00 00 00 00 
           008          0E 0A 00 00 00 00 00 00 
           00A          00 7E 00 00 00 00 00 00 
           009          42 87 00 00 00 00 00 00 
           008          0F 0A 00 00 00 00 00 00 
           009          42 87 00 00 00 00 00 00 
           008          03 AA 00 00 00 00 00 00 
           021          00 AB 03 00 00 00 00 00 
           00A          00 7E 00 00 00 00 00 00 
           009          42 87 00 00 00 00 00 00 
           008          10 0A 00 00 00 00 00 00 
           009          42 87 00 00 00 00 00 00 
           008          00 82 00 00 00 00 00 00 
           00A          00 7E 00 00 00 00 00 00 
           009          42 87 00 00 00 00 00 00 
           008          04 AA 00 00 00 00 00 00 
           022          00 AB 04 00 00 00 00 00 
           009          42 87 00 00 00 00 00 00 
           008          00 83 00 00 00 00 00 00 
           00A          00 7E 00 00 00 00 00 00 
           009          42 87 00 00 00 00 00 00 
           008          00 84 00 00 00 00 00 00 
           009          42 87 00 00 00 00 00 00 
           008          01 AA 00 00 00 00 00 00 
           01F          00 AB 01 00 00 00 00 00 
           00A          00 7E 00 00 00 00 00 00 
           009          42 87 00 00 00 00 00 00 
           008          00 85 00 00 00 20 20 33 
           009          42 87 00 00 00 00 00 00 
           008          00 86 00 00 00 03 01 05 
           00A          00 7E 00 00 00 00 00 00 
           009          42 87 00 00 00 00 00 00 
           008          14 0A 10 05 05 19 19 31 
           009          42 87 00 00 00 00 00 00 
           008          01 BC 03 00 00 00 00 00 
           00A          00 7E 00 00 00 00 00 00 
           009          42 87 00 00 00 00 00 00 
           008          02 AA 00 00 00 00 00 00 
           020          00 AB 02 00 00 00 00 00 
           009          42 87 00 00 00 00 00 00 
           008          00 01 03 00 00 03 00 00 
           00A          00 7E 00 00 00 00 00 00 
           009          42 87 00 00 00 00 00 00 
           008          01 0A 00 00 00 00 00 00 
           009          42 87 00 00 00 00 00 00 
           008          03 AA 00 00 00 00 00 00 
           021          00 AB 03 00 00 00 00 00 
           00A          00 7E 00 00 00 00 00 00 
           009          42 87 00 00 00 00 00 00 
           008          02 0A 00 00 00 00 00 00 
           009          42 87 00 00 00 00 00 00 
           008          03 0A 00 00 00 00 00 00 
           00A          00 7E 00 00 00 00 00 00 
           009          42 87 00 00 00 00 00 00 
           008          04 AA 00 00 00 00 00 00 
           022          00 AB 04 00 00 00 00 00 
           009          42 87 00 00 00 00 00 00 
           008          04 0A 04 00 00 00 03 20 
           00A          00 7E 00 00 00 00 00 00 
           009          42 87 00 00 00 00 00 00 
           008          05 0A 00 00 00 00 00 00 
           009          42 87 00 00 00 00 00 00 
           008          14 0A 10 05 05 19 19 31 
           00A          00 7E 00 00 00 00 00 00 
           009          42 87 00 00 00 00 00 00 
           008          06 0A 00 00 00 00 00 00 
           009          42 87 00 00 00 00 00 00 
           008          07 0A 00 00 00 00 00 00 
           00A          00 7E 00 00 00 00 00 00 
           009          42 87 00 00 00 00 00 00 
           008          01 AA 00 00 00 00 00 00 
           01F          00 AB 01 00 00 00 00 00 
           009          42 87 00 00 00 00 00 00 
           008          08 0A 00 00 00 00 00 00 
           00A          00 7E 00 00 00 00 00 00 
           009          42 87 00 00 00 00 00 00 
           008          09 0A 00 00 00 00 00 00 
           009          42 87 00 00 00 00 00 00 
           008          01 BC 03 00 00 00 00 00 
           00A          00 7E 00 00 00 00 00 00 
           009          42 87 00 00 00 00 00 00 
           008          0A 0A 00 00 03 19 19 32 
           009          42 87 00 00 00 00 00 00 
           008          0B 0A 00 00 00 00 00 00 
           00A          00 7E 00 00 00 00 00 00 
           009          42 87 00 00 00 00 00 00 
           008          02 AA 00 00 00 00 00 00 
           020          00 AB 02 00 00 00 00 00 
           009          42 87 00 00 00 00 00 00 
           008          0C 0A 00 00 00 00 00 00 
           00A          00 7E 00 00 00 00 00 00 
           009          42 87 00 00 00 00 00 00 
           008          0D 0A 00 00 00 00 00 00 
           009          42 87 00 00 00 00 00 00 
           008          03 AA 00 00 00 00 00 00 
           021          00 AB 03 00 00 00 00 00 
           00A          00 7E 00 00 00 00 00 00 
           009          42 87 00 00 00 00 00 00 
           008          0E 0A 00 00 00 00 00 00 
           009          42 87 00 00 00 00 00 00 
           008          0F 0A 00 00 00 00 00 00 
           00A          00 7E 00 00 00 00 00 00 
           009          42 87 00 00 00 00 00 00 
           008          04 AA 00 00 00 00 00 00 
           022          00 AB 04 00 00 00 00 00 
           009          42 87 00 00 00 00 00 00 
           008          10 0A 00 00 00 00 00 00 
           00A          00 7E 00 00 00 00 00 00 
           009          42 87 00 00 00 00 00 00 
           008          00 82 00 00 00 00 00 00 
           009          42 87 00 00 00 00 00 00 
           008          01 AA 00 00 00 00 00 00 
           01F          00 AB 01 00 00 00 00 00 
           00A          00 7E 00 00 00 00 00 00 
           009          42 87 00 00 00 00 00 00 
           008          00 83 00 00 00 00 00 00 
           009          42 87 00 00 00 00 00 00 
           008          00 84 00 00 00 00 00 00 
           00A          00 7E 00 00 00 00 00 00 
           009          42 87 00 00 00 00 00 00 
           008          02 AA 00 00 00 00 00 00 
           020          00 AB 02 00 00 00 00 00 
           009          42 87 00 00 00 00 00 00 
           008          00 85 00 00 00 20 20 33 
           00A          00 7E 00 00 00 00 00 00 
           009          42 87 00 00 00 00 00 00 
           008          00 86 00 00 00 03 01 05 
           009          42 87 00 00 00 00 00 00 
           008          14 0A 10 05 05 19 19 33 
           00A          00 7E 00 00 00 00 00 00 
           009          42 87 00 00 00 00 00 00 
           008          01 BC 03 00 00 00 00 00 
           009          42 87 00 00 00 00 00 00 
           008          03 AA 00 00 00 00 00 00 
           021          00 AB 03 00 00 00 00 00 
           00A          00 7E 00 00 00 00 00 00 
           009          42 87 00 00 00 00 00 00 
           008          00 01 03 00 00 03 00 00 
           009          42 87 00 00 00 00 00 00 
           008          01 0A 00 00 00 00 00 00 
           00A          00 7E 00 00 00 00 00 00 
           009          42 87 00 00 00 00 00 00 
           008          04 AA 00 00 00 00 00 00 
           022          00 AB 04 00 00 00 00 00 
           009          42 87 00 00 00 00 00 00 
           008          02 0A 00 00 00 00 00 00 
           00A          00 7E 00 00 00 00 00 00 
           009          42 87 00 00 00 00 00 00 
           008          03 0A 00 00 00 00 00 00 
           009          42 87 00 00 00 00 00 00 
           008          01 AA 00 00 00 00 00 00 
           01F          00 AB 01 00 00 00 00 00 
           00A          00 7E 00 00 00 00 00 00 
           009          42 87 00 00 00 00 00 00 
           008          04 0A 04 00 00 00 03 20 
           009          42 87 00 00 00 00 00 00 
           008          05 0A 00 00 00 00 00 00 
           00A          00 7E 00 00 00 00 00 00 
           009          42 87 00 00 00 00 00 00 
           008          14 0A 10 05 05 19 19 33 
           009          42 87 00 00 00 00 00 00 
           008          06 0A 00 00 00 00 00 00 
           00A          00 7E 00 00 00 00 00 00 
           009          42 87 00 00 00 00 00 00 
           008          07 0A 00 00 00 00 00 00 
           009          42 87 00 00 00 00 00 00 
           008          02 AA 00 00 00 00 00 00 
           020          00 AB 02 00 00 00 00 00 
           00A          00 7E 00 00 00 00 00 00 
           009          42 87 00 00 00 00 00 00 
           008          08 0A 00 00 00 00 00 00 
           009          42 87 00 00 00 00 00 00 
           008          09 0A 00 00 00 00 00 00 
           00A          00 7E 00 00 00 00 00 00 
           009          42 87 00 00 00 00 00 00 
           008          01 BC 03 00 00 00 00 00 
           009          42 87 00 00 00 00 00 00 
           008          0A 0A 00 00 03 19 19 34 
           00A          00 7E 00 00 00 00 00 00 
           009          42 87 00 00 00 00 00 00 
           008          0B 0A 00 00 00 00 00 00 
           009          42 87 00 00 00 00 00 00 
           008          03 AA 00 00 00 00 00 00 
           021          00 AB 03 00 00 00 00 00 
           00A          00 7E 00 00 00 00 00 00 
           009          42 87 00 00 00 00 00 00 
           008          0C 0A 00 00 00 00 00 00 
           009          42 87 00 00 00 00 00 00 
           008          0D 0A 00 00 00 00 00 00 
           00A          00 7E 00 00 00 00 00 00 
           009          42 87 00 00 00 00 00 00 
           008          04 AA 00 00 00 00 00 00 
           022          00 AB 04 00 00 00 00 00 
           009          42 87 00 00 00 00 00 00 
           008          0E 0A 00 00 00 00 00 00 
           00A          00 7E 00 00 00 00 00 00 
           009          42 87 00 00 00 00 00 00 
           008          0F 0A 00 00 00 00 00 00 
           009          42 87 00 00 00 00 00 00 
           008          01 AA 00 00 00 00 00 00 
           01F          00 AB 01 00 00 00 00 00 
           00A          00 7E 00 00 00 00 00 00 
           009          42 87 00 00 00 00 00 00 
           008          10 0A 00 00 00 00 00 00 
           009          42 87 00 00 00 00 00 00 
           008          00 82 00 00 00 00 00 00 
           00A          00 7E 00 00 00 00 00 00 
           009          42 87 00 00 00 00 00 00 
           008          02 AA 00 00 00 00 00 00 
           020          00 AB 02 00 00 00 00 00 
           009          42 87 00 00 00 00 00 00 
           008          00 83 00 00 00 00 00 00 
           00A          00 7E 00 00 00 00 00 00 
           009          42 87 00 00 00 00 00 00 
           008          00 84 00 00 00 00 00 00 
           009          42 87 00 00 00 00 00 00 
           008          03 AA 00 00 00 00 00 00 
           021          00 AB 03 00 00 00 00 00 
           00A          00 7E 00 00 00 00 00 00 
           009          42 87 00 00 00 00 00 00 
           008          00 85 00 00 00 20 20 33 
           009          42 87 00 00 00 00 00 00 
           008          00 86 00 00 00 03 01 05 
           00A          00 7E 00 00 00 00 00 00 
           009          42 87 00 00 00 00 00 00 
           008          14 0A 10 05 05 19 19 34 
           009          42 87 00 00 00 00 00 00 
           008          01 BC 03 00 00 00 00 00 
           00A          00 7E 00 00 00 00 00 00 
           009          42 87 00 00 00 00 00 00 
           008          04 AA 00 00 00 00 00 00 
           022          00 AB 04 00 00 00 00 00 
           009          42 87 00 00 00 00 00 00 
           008          00 01 03 00 00 03 00 00 
           00A          00 7E 00 00 00 00 00 00 
           009          42 87 00 00 00 00 00 00 
           008          01 0A 00 00 00 00 00 00 
           009          42 87 00 00 00 00 00 00 
           008          01 AA 00 00 00 00 00 00 
           01F          00 AB 01 00 00 00 00 00 
           00A          00 7E 00 00 00 00 00 00 
           009          42 87 00 00 00 00 00 00 
           008          02 0A 00 00 00 00 00 00 
           009          42 87 00 00 00 00 00 00 
           008          03 0A 00 00 00 00 00 00 
           00A          00 7E 00 00 00 00 00 00 
           009          42 87 00 00 00 00 00 00 
           008          02 AA 00 00 00 00 00 00 
           020          00 AB 02 00 00 00 00 00 
           009          42 87 00 00 00 00 00 00 
           008          04 0A 04 00 00 00 03 20 
           00A          00 7E 00 00 00 00 00 00 
           009          42 87 00 00 00 00 00 00 
           008          05 0A 00 00 00 00 00 00 
           009          42 87 00 00 00 00 00 00 
           008          14 0A 10 05 05 19 19 35 
           00A          00 7E 00 00 00 00 00 00 
           009          42 87 00 00 00 00 00 00 
           008          06 0A 00 00 00 00 00 00 
           009          42 87 00 00 00 00 00 00 
           008          07 0A 00 00 00 00 00 00 
           00A          00 7E 00 00 00 00 00 00 
           009          42 87 00 00 00 00 00 00 
           008          03 AA 00 00 00 00 00 00 
           021          00 AB 03 00 00 00 00 00 
           009          42 87 00 00 00 00 00 00 
           008          08 0A 00 00 00 00 00 00 
           00A          00 7E 00 00 00 00 00 00 
           009          42 87 00 00 00 00 00 00 
           008          09 0A 00 00 00 00 00 00 
           009          42 87 00 00 00 00 00 00 
           008          01 BC 03 00 00 00 00 00 
           00A          00 7E 00 00 00 00 00 00 
           009          42 87 00 00 00 00 00 00 
           008          0A 0A 00 00 03 19 19 35 
           009          42 87 00 00 00 00 00 00 
           008          0B 0A 00 00 00 00 00 00 
           00A          00 7E 00 00 00 00 00 00 
           009          42 87 00 00 00 00 00 00 
           008          04 AA 00 00 00 00 00 00 
           022          00 AB 04 00 00 00 00 00 
           009          42 87 00 00 00 00 00 00 
           008          0C 0A 00 00 00 00 00 00 
           00A          00 7E 00 00 00 00 00 00 
           009          42 87 00 00 00 00 00 00 
           008          0D 0A 00 00 00 00 00 00 
           009          42 87 00 00 00 00 00 00 
           008          01 AA 00 00 00 00 00 00 
           01F          00 AB 01 00 00 00 00 00 
           00A          00 7E 00 00 00 00 00 00 
           009          42 87 00 00 00 00 00 00 
           008          0E 0A 00 00 00 00 00 00 
           009          42 87 00 00 00 00 00 00 
           008          0F 0A 00 00 00 00 00 00 
           00A          00 7E 00 00 00 00 00 00 
           009          42 87 00 00 00 00 00 00 
           008          02 AA 00 00 00 00 00 00 
           020          00 AB 02 00 00 00 00 00 
           009          42 87 00 00 00 00 00 00 
           008          10 0A 00 00 00 00 00 00 
           00A          00 7E 00 00 00 00 00 00 
           009          42 87 00 00 00 00 00 00 
           008          00 82 00 00 00 00 00 00 
           009          42 87 00 00 00 00 00 00 
           008          03 AA 00 00 00 00 00 00 
           021          00 AB 03 00 00 00 00 00 
           00A          00 7E 00 00 00 00 00 00 
           009          42 87 00 00 00 00 00 00 
           008          00 83 00 00 00 00 00 00 
           009          42 87 00 00 00 00 00 00 
           008          00 84 00 00 00 00 00 00 
           00A          00 7E 00 00 00 00 00 00 
           009          42 87 00 00 00 00 00 00 
           008          04 AA 00 00 00 00 00 00 
           022          00 AB 04 00 00 00 00 00 
           009          42 87 00 00 00 00 00 00 
           008          00 85 00 00 00 20 20 33 
           00A          00 7E 00 00 00 00 00 00 
           009          42 87 00 00 00 00 00 00 
           008          00 86 00 00 00 03 01 05 
           009          42 87 00 00 00 00 00 00 
           008          14 0A 10 05 05 19 19 36 
           00A          00 7E 00 00 00 00 00 00 
           009          42 87 00 00 00 00 00 00 
           008          01 BC 03 00 00 00 00 00 
           009          42 87 00 00 00 00 00 00 
           008          01 AA 00 00 00 00 00 00 
           01F          00 AB 01 00 00 00 00 00 
           00A          00 7E 00 00 00 00 00 00 
           009          42 87 00 00 00 00 00 00 
           008          00 01 03 00 00 03 00 00 
           009          42 87 00 00 00 00 00 00 
           008          01 0A 00 00 00 00 00 00 
           00A          00 7E 00 00 00 00 00 00 
           009          42 87 00 00 00 00 00 00 
           008          02 AA 00 00 00 00 00 00 
           020          00 AB 02 00 00 00 00 00 
           009          42 87 00 00 00 00 00 00 
           008          02 0A 00 00 00 00 00 00 
           00A          00 7E 00 00 00 00 00 00 
           009          42 87 00 00 00 00 00 00 
           008          03 0A 00 00 00 00 00 00 
           009          42 87 00 00 00 00 00 00 
           008          03 AA 00 00 00 00 00 00 
           021          00 AB 03 00 00 00 00 00 
           00A          00 7E 00 00 00 00 00 00 
           009          42 87 00 00 00 00 00 00 
           008          04 0A 04 00 00 00 03 20 
           009          42 87 00 00 00 00 00 00 
           008          05 0A 00 00 00 00 00 00 
           00A          00 7E 00 00 00 00 00 00 
           009          42 87 00 00 00 00 00 00 
           008          14 0A 10 05 05 19 19 37 
           009          42 87 00 00 00 00 00 00 
           008          06 0A 00 00 00 00 00 00 
           00A          00 7E 00 00 00 00 00 00 
           009          42 87 00 00 00 00 00 00 
           008          07 0A 00 00 00 00 00 00 
           009          42 87 00 00 00 00 00 00 
           008          04 AA 00 00 00 00 00 00 
           022          00 AB 04 00 00 00 00 00 
           00A          00 7E 00 00 00 00 00 00 
           009          42 87 00 00 00 00 00 00 
           008          08 0A 00 00 00 00 00 00 
           009          42 87 00 00 00 00 00 00 
           008          09 0A 00 00 00 00 00 00 
           00A          00 7E 00 00 00 00 00 00 
           009          42 87 00 00 00 00 00 00 
           008          04 0A 04 00 00 01 03 20 
           009          42 87 00 00 00 00 00 00 
           008          00 BC 03 00 00 00 00 00 
           00A          00 7E 00 00 00 00 00 00 
           009          42 87 00 00 00 00 00 00 
           008          0A 0A 00 00 03 19 19 37 
           009          42 87 00 00 00 00 00 00 
           008          0B 0A 00 00 00 00 00 00 
           00A          00 7E 00 00 00 00 00 00 
           009          42 87 00 00 00 00 00 00 
           008          01 AA 00 00 00 00 00 00 
           01F          00 AB 01 00 00 00 00 00 
           009          42 87 00 00 00 00 00 00 
           008          00 01 03 02 00 03 01 00 
           00A          00 7E 00 00 00 00 00 00 
           009          42 87 00 00 00 00 00 00 
           008          0C 0A 00 00 00 00 00 00 
           009          42 87 00 00 00 00 00 00 
           008          0D 0A 00 00 00 00 00 00 
           00A          00 7E 00 00 00 00 00 00 
           009          42 87 00 00 00 00 00 00 
           008          02 AA 00 00 00 00 00 00 
           009          42 87 00 00 00 00 00 00 
           008          0E 0A 00 00 00 00 00 00 
           00A          00 7E 00 00 00 00 00 00 
           009          42 87 00 00 00 00 00 00 
           008          0F 0A 00 00 00 00 00 00 
           008          03 AA 00 00 00 00 00 00 
           009          42 87 00 00 00 00 00 00 
           009          42 87 00 00 00 00 00 00 
           008          10 0A 00 00 00 00 00 00 
           00A          00 7E 00 00 00 00 00 00 
           008          04 AA 00 00 00 00 00 00 
           009          42 87 00 00 00 00 00 00 
           008          00 84 00 00 00 00 00 00 
           021          00 AB 03 00 00 00 00 00 
           009          42 87 00 00 00 00 00 00 
           008          01 AA 00 00 00 00 00 00 
           00A          00 7E 00 00 00 00 00 00 
           009          42 87 00 00 00 00 00 00 
           008          00 85 00 00 00 20 20 33 
           009          42 87 00 00 00 00 00 00 
           008          00 86 00 00 00 03 01 05 
           00A          00 7E 00 00 00 00 00 00 
           009          42 87 00 00 00 00 00 00 
           008          14 0A 10 05 05 19 19 38 
           008          00 BC 03 00 00 00 00 00 
           009          42 87 00 00 00 00 00 00 
           008          02 AA 00 00 00 00 00 00 
           009          42 87 00 00 00 00 00 00 
           00A          00 7E 00 00 00 00 00 00 
           009          42 87 00 00 00 00 00 00 
           008          00 01 03 02 00 03 01 00 
           00A          00 7E 00 00 00 00 00 00 
           009          42 87 00 00 00 00 00 00 
           008          02 0A 00 00 00 00 00 00 
           009          42 87 00 00 00 00 00 00 
           008          03 0A 00 00 00 00 00 00 
           00A          00 7E 00 00 00 00 00 00 
           008          04 AA 00 00 00 00 00 00 
           009          42 87 00 00 00 00 00 00 
           020          00 AB 02 00 00 00 00 00 
           022          00 AB 04 00 00 00 00 00 
           009          42 87 00 00 00 00 00 00 
           008          04 0A 04 00 00 01 03 20 
           00A          00 7E 00 00 00 00 00 00 
           008          05 0A 00 00 00 00 00 00 
           009          42 87 00 00 00 00 00 00 
           008          14 0A 10 05 05 19 19 38 
           009          42 87 00 00 00 00 00 00 
           00A          00 7E 00 00 00 00 00 00 
           008          06 0A 00 00 00 00 00 00 
           009          42 87 00 00 00 00 00 00 
           009          42 87 00 00 00 00 00 00 
           008          07 0A 00 00 00 00 00 00 
           00A          00 7E 00 00 00 00 00 00 
           008          01 AA 00 00 00 00 00 00 
           009          42 87 00 00 00 00 00 00 
           009          42 87 00 00 00 00 00 00 
           008          08 0A 00 00 00 00 00 00 
           00A          00 7E 00 00 00 00 00 00 
           009          42 87 00 00 00 00 00 00 
           008          09 0A 00 00 00 00 00 00 
           009          42 87 00 00 00 00 00 00 
           008          00 BC 03 00 00 00 00 00 
           00A          00 7E 00 00 00 00 00 00 
           009          42 87 00 00 00 00 00 00 
           008          0A 0A 00 00 03 19 19 39 
           009          42 87 00 00 00 00 00 00 
           008          0B 0A 00 00 00 00 00 00 
           00A          00 7E 00 00 00 00 00 00 
           009          42 87 00 00 00 00 00 00 
           008          02 AA 00 00 00 00 00 00 
           020          00 AB 02 00 00 00 00 00 
           009          42 87 00 00 00 00 00 00 
           008          0C 0A 00 00 00 00 00 00 
           00A          00 7E 00 00 00 00 00 00 
           009          42 87 00 00 00 00 00 00 
           008          0D 0A 00 00 00 00 00 00 
           009          42 87 00 00 00 00 00 00 
           008          03 AA 00 00 00 00 00 00 
           021          00 AB 03 00 00 00 00 00 
           00A          00 7E 00 00 00 00 00 00 
           009          42 87 00 00 00 00 00 00 
           008          0E 0A 00 00 00 00 00 00 
           009          42 87 00 00 00 00 00 00 
           008          0F 0A 00 00 00 00 00 00 
           00A          00 7E 00 00 00 00 00 00 
           009          42 87 00 00 00 00 00 00 
           008          04 AA 00 00 00 00 00 00 
           022          00 AB 04 00 00 00 00 00 
           009          42 87 00 00 00 00 00 00 
           008          10 0A 00 00 00 00 00 00 
           00A          00 7E 00 00 00 00 00 00 
           009          42 87 00 00 00 00 00 00 
           008          00 82 00 00 00 00 00 00 
           009          42 87 00 00 00 00 00 00 
           008          01 AA 00 00 00 00 00 00 
           01F          00 AB 01 00 00 00 00 00 
           00A          00 7E 00 00 00 00 00 00 
           009          42 87 00 00 00 00 00 00 
           008          00 83 00 00 00 00 00 00 
           008          00 84 00 00 00 00 00 00 
           009          42 87 00 00 00 00 00 00 
           00A          00 7E 00 00 00 00 00 00 
           009          42 87 00 00 00 00 00 00 
           008          02 AA 00 00 00 00 00 00 
           020          00 AB 02 00 00 00 00 00 
           009          42 87 00 00 00 00 00 00 
           008          00 85 00 00 00 20 20 33 
           00A          00 7E 00 00 00 00 00 00 
           008          00 86 00 00 00 03 01 05 
           008          14 0A 10 05 05 19 19 40 
           00A          00 7E 00 00 00 00 00 00 
           008          00 BC 03 00 00 00 00 00 
           009          42 87 00 00 00 00 00 00 
           008          03 AA 00 00 00 00 00 00 
           021          00 AB 03 00 00 00 00 00 
           009          42 87 00 00 00 00 00 00 
           00A          00 7E 00 00 00 00 00 00 
           008          00 01 03 02 00 03 01 00 
           009          42 87 00 00 00 00 00 00 
           008          01 0A 00 00 00 00 00 00 
           00A          00 7E 00 00 00 00 00 00 
           009          42 87 00 00 00 00 00 00 
           008          04 AA 00 00 00 00 00 00 
           022          00 AB 04 00 00 00 00 00 
           009          42 87 00 00 00 00 00 00 
           008          02 0A 00 00 00 00 00 00 
           00A          00 7E 00 00 00 00 00 00 
           009          42 87 00 00 00 00 00 00 
           008          03 0A 00 00 00 00 00 00 
           009          42 87 00 00 00 00 00 00 
           008          01 AA 00 00 00 00 00 00 
           01F          00 AB 01 00 00 00 00 00 
           00A          00 7E 00 00 00 00 00 00 
           009          42 87 00 00 00 00 00 00 
           008          04 0A 04 00 00 01 03 20 
           009          42 87 00 00 00 00 00 00 
           008          05 0A 00 00 00 00 00 00 
           009          42 87 00 00 00 00 00 00 
           00A          00 7E 00 00 00 00 00 00 
           008          14 0A 10 05 05 19 19 40 
           009          42 87 00 00 00 00 00 00 
           008          06 0A 00 00 00 00 00 00 
           009          42 87 00 00 00 00 00 00 
           00A          00 7E 00 00 00 00 00 00 
           008          07 0A 00 00 00 00 00 00 
           009          42 87 00 00 00 00 00 00 
           008          02 AA 00 00 00 00 00 00 
           020          00 AB 02 00 00 00 00 00 
           009          42 87 00 00 00 00 00 00 
           00A          00 7E 00 00 00 00 00 00 
           008          08 0A 00 00 00 00 00 00 
           009          42 87 00 00 00 00 00 00 
           008          09 0A 00 00 00 00 00 00 
           009          42 87 00 00 00 00 00 00 
           00A          00 7E 00 00 00 00 00 00 
           008          00 BC 03 00 00 00 00 00 
           009          42 87 00 00 00 00 00 00 
           008          0A 0A 00 88 03 19 19 41 
           009          42 87 00 00 00 00 00 00 
           00A          00 7E 00 00 00 00 00 00 
           008          0B 0A 00 00 00 00 00 00 
           009          42 87 00 00 00 00 00 00 
           008          03 AA 00 00 00 00 00 00 
           021          00 AB 03 00 00 00 00 00 
           00A          00 7E 00 00 00 00 00 00 
           009          42 87 00 00 00 00 00 00 
           008          0C 0A 00 00 00 00 00 00 
           009          42 87 00 00 00 00 00 00 
           008          0D 0A 00 00 00 00 00 00 
           00A          00 7E 00 00 00 00 00 00 
           009          42 87 00 00 00 00 00 00 
           008          04 AA 00 00 00 00 00 00 
           022          00 AB 04 00 00 00 00 00 
           009          42 87 00 00 00 00 00 00 
           008          0E 0A 00 00 00 00 00 00 
           00A          00 7E 00 00 00 00 00 00 
           008          0F 0A 00 00 00 00 00 00 
           009          42 87 00 00 00 00 00 00 
           009          42 87 00 00 00 00 00 00 
           008          01 AA 00 00 00 00 00 00 
           01F          00 AB 01 00 00 00 00 00 
           009          42 87 00 00 00 00 00 00 
           00A          00 7E 00 00 00 00 00 00 
           008          10 0A 00 00 00 00 00 00 
           009          42 87 00 00 00 00 00 00 
           008          00 82 00 00 00 00 00 00 
           00A          00 7E 00 00 00 00 00 00 
           009          42 87 00 00 00 00 00 00 
           008          00 01 03 02 00 03 09 00 
           009          42 87 00 00 00 00 00 00 
           009          42 87 00 00 00 00 00 00 
           00A          00 7E 00 00 00 00 00 00 
           009          42 87 00 00 00 00 00 00 
           008          00 84 00 00 00 00 00 00 
           009          42 87 00 00 00 00 00 00 
           008          03 AA 00 00 00 00 00 00 
           009          42 87 00 00 00 00 00 00 
           00A          00 7E 00 00 00 00 00 00 
           021          00 AB 03 00 00 00 00 00 
           008          00 85 00 00 00 20 20 33 
           009          42 87 00 00 00 00 00 00 
           008          00 86 00 00 00 03 01 05 
           009          42 87 00 00 00 00 00 00 
           00A          00 7E 00 00 00 00 00 00 
           008          14 0A 10 05 05 19 19 41 
           009          42 87 00 00 00 00 00 00 
           008          00 BC 03 00 00 00 00 00 
           009          42 87 00 00 00 00 00 00 
           00A          00 7E 00 00 00 00 00 00 
           008          04 AA 00 00 00 00 00 00 
           022          00 AB 04 00 00 00 00 00 
           009          42 87 00 00 00 00 00 00 
           008          00 01 03 02 00 03 09 00 
           009          42 87 00 00 00 00 00 00 
           00A          00 7E 00 00 00 00 00 00 
           008          01 0A 00 00 00 00 00 00 
           009          42 87 00 00 00 00 00 00 
           008          01 AA 00 00 00 00 00 00 
           01F          00 AB 01 00 00 00 00 00 
           00A          00 7E 00 00 00 00 00 00 
           009          42 87 00 00 00 00 00 00 
           008          02 0A 00 00 00 00 00 00 
           009          42 87 00 00 00 00 00 00 
           008          03 0A 00 00 00 00 00 00 
           00A          00 7E 00 00 00 00 00 00 
           009          42 87 00 00 00 00 00 00 
           008          02 AA 00 00 00 00 00 00 
           008          04 0A 04 00 00 01 03 20 
           009          42 87 00 00 00 00 00 00 
           009          42 87 00 00 00 00 00 00 
           020          00 AB 02 00 00 00 00 00 
           008          05 0A 00 00 00 00 00 00 
           00A          00 7E 00 00 00 00 00 00 
           009          42 87 00 00 00 00 00 00 
           008          14 0A 10 05 05 19 19 42 
           00A          00 7E 00 00 00 00 00 00 
           009          42 87 00 00 00 00 00 00 
           008          06 0A 00 00 00 00 00 00 
           009          42 87 00 00 00 00 00 00 
           008          07 0A 00 00 00 00 00 00 
           00A          00 7E 00 00 00 00 00 00 
           009          42 87 00 00 00 00 00 00 
           008          03 AA 00 00 00 00 00 00 
           009          42 87 00 00 00 00 00 00 
           008          08 0A 00 00 00 00 00 00 
           00A          00 7E 00 00 00 00 00 00 
           009          42 87 00 00 00 00 00 00 
           008          09 0A 00 00 00 00 00 00 
           009          42 87 00 00 00 00 00 00 
           008          00 BC 03 00 00 00 00 00 
           009          42 87 00 00 00 00 00 00 
           00A          00 7E 00 00 00 00 00 00 
           008          0A 0A 00 49 03 19 19 42 
           009          42 87 00 00 00 00 00 00 
           008          0B 0A 00 00 00 00 00 00 
           00A          00 7E 00 00 00 00 00 00 
           009          42 87 00 00 00 00 00 00 
           008          04 AA 00 00 00 00 00 00 
           022          00 AB 04 00 00 00 00 00 
           009          42 87 00 00 00 00 00 00 
           008          0C 0A 00 00 00 00 00 00 
           00A          00 7E 00 00 00 00 00 00 
           009          42 87 00 00 00 00 00 00 
           008          0D 0A 00 00 00 00 00 00 
           009          42 87 00 00 00 00 00 00 
           008          01 AA 00 00 00 00 00 00 
           01F          00 AB 01 00 00 00 00 00 
           00A          00 7E 00 00 00 00 00 00 
           009          42 87 00 00 00 00 00 00 
           008          0E 0A 00 00 00 00 00 00 
           009          42 87 00 00 00 00 00 00 
           008          0F 0A 00 00 00 00 00 00 
           00A          00 7E 00 00 00 00 00 00 
           009          42 87 00 00 00 00 00 00 
           008          02 AA 00 00 00 00 00 00 
           020          00 AB 02 00 00 00 00 00 
           009          42 87 00 00 00 00 00 00 
           008          10 0A 00 00 00 00 00 00 
           00A          00 7E 00 00 00 00 00 00 
           009          42 87 00 00 00 00 00 00 
           008          00 82 00 00 00 00 00 00 
           009          42 87 00 00 00 00 00 00 
           008          03 AA 00 00 00 00 00 00 
           009          42 87 00 00 00 00 00 00 
           021          00 AB 03 00 00 00 00 00 
           008          00 83 00 00 00 00 00 00 
           009          42 87 00 00 00 00 00 00 
           008          00 84 00 00 00 00 00 00 
           009          42 87 00 00 00 00 00 00 
           008          04 AA 00 00 00 00 00 00 
           022          00 AB 04 00 00 00 00 00 
           009          42 87 00 00 00 00 00 00 
           008          00 85 00 00 00 20 20 33 
           009          42 87 00 00 00 00 00 00 
           008          00 86 00 00 00 03 01 05 
           008          14 0A 10 05 05 19 19 43 
           00A          00 7E 00 00 00 00 00 00 
           008          00 BC 03 00 00 00 00 00 
           008          01 AA 00 00 00 00 00 00 
           009          42 87 00 00 00 00 00 00 
           00A          00 7E 00 00 00 00 00 00 
           008          00 01 03 02 00 03 09 00 
           009          42 87 00 00 00 00 00 00 
           008          01 0A 00 00 00 00 00 00 
           009          42 87 00 00 00 00 00 00 
           00A          00 7E 00 00 00 00 00 00 
           008          02 AA 00 00 00 00 00 00 
           020          00 AB 02 00 00 00 00 00 
           009          42 87 00 00 00 00 00 00 
           008          02 0A 00 00 00 00 00 00 
           009          42 87 00 00 00 00 00 00 
           00A          00 7E 00 00 00 00 00 00 
           008          03 0A 00 00 00 00 00 00 
           009          42 87 00 00 00 00 00 00 
           008          03 AA 00 00 00 00 00 00 
           00A          00 7E 00 00 00 00 00 00 
           009          42 87 00 00 00 00 00 00 
           008          04 0A 04 00 00 01 03 20 
           009          42 87 00 00 00 00 00 00 
           008          05 0A 00 00 00 00 00 00 
           00A          00 7E 00 00 00 00 00 00 
           008          14 0A 10 05 05 19 19 44 
           021          00 AB 03 00 00 00 00 00 
           009          42 87 00 00 00 00 00 00 
           008          06 0A 00 00 00 00 00 00 
           00A          00 7E 00 00 00 00 00 00 
           009          42 87 00 00 00 00 00 00 
           008          07 0A 00 00 00 00 00 00 
           009          42 87 00 00 00 00 00 00 
           008          04 AA 00 00 00 00 00 00 
           022          00 AB 04 00 00 00 00 00 
           00A          00 7E 00 00 00 00 00 00 
           009          42 87 00 00 00 00 00 00 
           008          08 0A 00 00 00 00 00 00 
           009          42 87 00 00 00 00 00 00 
           008          09 0A 00 00 00 00 00 00 
           00A          00 7E 00 00 00 00 00 00 
           009          42 87 00 00 00 00 00 00 
           008          00 BC 03 00 00 00 00 00 
           009          42 87 00 00 00 00 00 00 
           008          0A 0A 00 40 04 19 19 44 
           00A          00 7E 00 00 00 00 00 00 
           008          0B 0A 00 00 00 00 00 00 
           009          42 87 00 00 00 00 00 00 
           009          42 87 00 00 00 00 00 00 
           008          01 AA 00 00 00 00 00 00 
           01F          00 AB 01 00 00 00 00 00 
           00A          00 7E 00 00 00 00 00 00 
           009          42 87 00 00 00 00 00 00 
           008          0C 0A 00 00 00 00 00 00 
           009          42 87 00 00 00 00 00 00 
           008          0D 0A 00 00 00 00 00 00 
           00A          00 7E 00 00 00 00 00 00 
           009          42 87 00 00 00 00 00 00 
           008          02 AA 00 00 00 00 00 00 
           009          42 87 00 00 00 00 00 00 
           008          0E 0A 00 00 00 00 00 00 
           00A          00 7E 00 00 00 00 00 00 
           009          42 87 00 00 00 00 00 00 
           008          0F 0A 00 00 00 00 00 00 
           009          42 87 00 00 00 00 00 00 
           008          03 AA 00 00 00 00 00 00 
           021          00 AB 03 00 00 00 00 00 
           00A          00 7E 00 00 00 00 00 00 
           009          42 87 00 00 00 00 00 00 
           008          10 0A 00 00 00 00 00 00 
           009          42 87 00 00 00 00 00 00 
           008          00 82 00 00 00 00 00 00 
           00A          00 7E 00 00 00 00 00 00 
           009          42 87 00 00 00 00 00 00 
           008          04 AA 00 00 00 00 00 00 
           022          00 AB 04 00 00 00 00 00 
           009          42 87 00 00 00 00 00 00 
           008          00 83 00 00 00 00 00 00 
           00A          00 7E 00 00 00 00 00 00 
           009          42 87 00 00 00 00 00 00 
           008          00 84 00 00 00 00 00 00 
           009          42 87 00 00 00 00 00 00 
           008          01 AA 00 00 00 00 00 00 
           01F          00 AB 01 00 00 00 00 00 
           009          42 87 00 00 00 00 00 00 
           008          00 85 00 00 00 20 20 33 
           00A          00 7E 00 00 00 00 00 00 
           009          42 87 00 00 00 00 00 00 
           008          00 86 00 00 00 03 01 05 
           00A          00 7E 00 00 00 00 00 00 
           008          14 0A 10 05 05 19 19 45 
           009          42 87 00 00 00 00 00 00 
           009          42 87 00 00 00 00 00 00 
           008          00 BC 03 00 00 00 00 00 
           00A          00 7E 00 00 00 00 00 00 
           009          42 87 00 00 00 00 00 00 
           008          02 AA 00 00 00 00 00 00 
           020          00 AB 02 00 00 00 00 00 
           009          42 87 00 00 00 00 00 00 
           008          00 01 03 02 00 03 09 00 
           00A          00 7E 00 00 00 00 00 00 
           009          42 87 00 00 00 00 00 00 
           008          01 0A 00 00 00 00 00 00 
           009          42 87 00 00 00 00 00 00 
           008          03 AA 00 00 00 00 00 00 
           021          00 AB 03 00 00 00 00 00 
           00A          00 7E 00 00 00 00 00 00 
           009          42 87 00 00 00 00 00 00 
           008          02 0A 00 00 00 00 00 00 
           009          42 87 00 00 00 00 00 00 
           008          03 0A 00 00 00 00 00 00 
           00A          00 7E 00 00 00 00 00 00 
           009          42 87 00 00 00 00 00 00 
           008          04 AA 00 00 00 00 00 00 
           022          00 AB 04 00 00 00 00 00 
           009          42 87 00 00 00 00 00 00 
           008          04 0A 04 00 00 01 03 20 
           00A          00 7E 00 00 00 00 00 00 
           009          42 87 00 00 00 00 00 00 
           008          05 0A 00 00 00 00 00 00 
           009          42 87 00 00 00 00 00 00 
           008          14 0A 10 05 05 19 19 45 
           00A          00 7E 00 00 00 00 00 00 
           008          06 0A 00 00 00 00 00 00 
           009          42 87 00 00 00 00 00 00 
           009          42 87 00 00 00 00 00 00 
           008          07 0A 00 00 00 00 00 00 
           00A          00 7E 00 00 00 00 00 00 
           009          42 87 00 00 00 00 00 00 
           008          01 AA 00 00 00 00 00 00 
           01F          00 AB 01 00 00 00 00 00 
           009          42 87 00 00 00 00 00 00 
           008          08 0A 00 00 00 00 00 00 
           00A          00 7E 00 00 00 00 00 00 
           009          42 87 00 00 00 00 00 00 
           008          09 0A 00 00 00 00 00 00 
           009          42 87 00 00 00 00 00 00 
           008          00 BC 03 00 00 00 00 00 
           00A          00 7E 00 00 00 00 00 00 
           009          42 87 00 00 00 00 00 00 
           008          0A 0A 00 34 04 19 19 46 
           009          42 87 00 00 00 00 00 00 
           008          0B 0A 00 00 00 00 00 00 
           00A          00 7E 00 00 00 00 00 00 
           009          42 87 00 00 00 00 00 00 
           008          02 AA 00 00 00 00 00 00 
           020          00 AB 02 00 00 00 00 00 
           009          42 87 00 00 00 00 00 00 
           008          0C 0A 00 00 00 00 00 00 
           020          00 AB 02 00 00 00 00 00 
           00A          00 7E 00 00 00 00 00 00 
           009          42 87 00 00 00 00 00 00 
           008          0D 0A 00 00 00 00 00 00 
           009          42 87 00 00 00 00 00 00 
           008          03 AA 00 00 00 00 00 00 
           021          00 AB 03 00 00 00 00 00 
           00A          00 7E 00 00 00 00 00 00 
           009          42 87 00 00 00 00 00 00 
           008          0E 0A 00 00 00 00 00 00 
           008          0F 0A 00 00 00 00 00 00 
           009          42 87 00 00 00 00 00 00 
           00A          00 7E 00 00 00 00 00 00 
           009          42 87 00 00 00 00 00 00 
           008          04 AA 00 00 00 00 00 00 
           022          00 AB 04 00 00 00 00 00 
           009          42 87 00 00 00 00 00 00 
           008          10 0A 00 00 00 00 00 00 
           00A          00 7E 00 00 00 00 00 00 
           008          00 82 00 00 00 00 00 00 
           009          42 87 00 00 00 00 00 00 
           009          42 87 00 00 00 00 00 00 
           008          01 AA 00 00 00 00 00 00 
           01F          00 AB 01 00 00 00 00 00 
           00A          00 7E 00 00 00 00 00 00 
           009          42 87 00 00 00 00 00 00 
           008          00 83 00 00 00 00 00 00 
           009          42 87 00 00 00 00 00 00 
           008          00 84 00 00 00 00 00 00 
           00A          00 7E 00 00 00 00 00 00 
           009          42 87 00 00 00 00 00 00 
           008          02 AA 00 00 00 00 00 00 
           020          00 AB 02 00 00 00 00 00 
           008          00 85 00 00 00 20 20 33 
           00A          00 7E 00 00 00 00 00 00 
           009          42 87 00 00 00 00 00 00 
           008          00 86 00 00 00 03 01 05 
           009          42 87 00 00 00 00 00 00 
           008          14 0A 10 05 05 19 19 47 
           00A          00 7E 00 00 00 00 00 00 
           009          42 87 00 00 00 00 00 00 
           008          00 BC 03 00 00 00 00 00 
           009          42 87 00 00 00 00 00 00 
           008          03 AA 00 00 00 00 00 00 
           021          00 AB 03 00 00 00 00 00 
           00A          00 7E 00 00 00 00 00 00 
           009          42 87 00 00 00 00 00 00 
           008          00 01 03 02 00 03 09 00 
           009          42 87 00 00 00 00 00 00 
           008          01 0A 00 00 00 00 00 00 
           00A          00 7E 00 00 00 00 00 00 
           009          42 87 00 00 00 00 00 00 
           008          04 AA 00 00 00 00 00 00 
           022          00 AB 04 00 00 00 00 00 
           009          42 87 00 00 00 00 00 00 
           008          02 0A 00 00 00 00 00 00 
           00A          00 7E 00 00 00 00 00 00 
           009          42 87 00 00 00 00 00 00 
           008          03 0A 00 00 00 00 00 00 
           009          42 87 00 00 00 00 00 00 
           008          01 AA 00 00 00 00 00 00 
           01F          00 AB 01 00 00 00 00 00 
           009          42 87 00 00 00 00 00 00 
           00A          00 7E 00 00 00 00 00 00 
           008          04 0A 04 00 00 01 03 20 
           009          42 87 00 00 00 00 00 00 
           008          05 0A 00 00 00 00 00 00 
           00A          00 7E 00 00 00 00 00 00 
           009          42 87 00 00 00 00 00 00 
           008          14 0A 10 05 05 19 19 47 
           009          42 87 00 00 00 00 00 00 
           008          06 0A 00 00 00 00 00 00 
           00A          00 7E 00 00 00 00 00 00 
           009          42 87 00 00 00 00 00 00 
           008          07 0A 00 00 00 00 00 00 
           009          42 87 00 00 00 00 00 00 
           008          02 AA 00 00 00 00 00 00 
           020          00 AB 02 00 00 00 00 00 
           00A          00 7E 00 00 00 00 00 00 
           009          42 87 00 00 00 00 00 00 
           008          08 0A 00 00 00 00 00 00 
           008          09 0A 00 00 00 00 00 00 
           008          00 BC 03 00 00 00 00 00 
           008          0A 0A 00 3E 04 19 19 48 
           009          42 87 00 00 00 00 00 00 
           008          0B 0A 00 00 00 00 00 00 
           00A          00 7E 00 00 00 00 00 00 
           009          42 87 00 00 00 00 00 00 
           008          03 AA 00 00 00 00 00 00 
           021          00 AB 03 00 00 00 00 00 
           009          42 87 00 00 00 00 00 00 
           008          0C 0A 00 00 00 00 00 00 
           00A          00 7E 00 00 00 00 00 00 
           009          42 87 00 00 00 00 00 00 
           008          0D 0A 00 00 00 00 00 00 
           009          42 87 00 00 00 00 00 00 
           008          04 AA 00 00 00 00 00 00 
           022          00 AB 04 00 00 00 00 00 
           00A          00 7E 00 00 00 00 00 00 
           009          42 87 00 00 00 00 00 00 
           008          0E 0A 00 00 00 00 00 00 
           009          42 87 00 00 00 00 00 00 
           008          0F 0A 00 00 00 00 00 00 
           00A          00 7E 00 00 00 00 00 00 
           009          42 87 00 00 00 00 00 00 
           008          01 AA 00 00 00 00 00 00 
           009          42 87 00 00 00 00 00 00 
           008          00 82 00 01 00 00 00 00 
           00A          00 7E 00 00 00 00 00 00 
           009          42 87 00 00 00 00 00 00 
           008          00 01 03 02 00 03 0D 00 
           009          42 87 00 00 00 00 00 00 
           008          10 0A 00 00 00 00 00 00 
           00A          00 7E 00 00 00 00 00 00 
           008          00 82 00 01 00 00 00 00 
           009          42 87 00 00 00 00 00 00 
           009          42 87 00 00 00 00 00 00 
           008          02 AA 00 00 00 00 00 00 
           00A          00 7E 00 00 00 00 00 00 
           009          42 87 00 00 00 00 00 00 
           008          00 83 00 00 00 00 00 00 
           009          42 87 00 00 00 00 00 00 
           008          00 84 00 00 00 00 00 00 
           020          00 AB 02 00 00 00 00 00 
           00A          00 7E 00 00 00 00 00 00 
           009          42 87 00 00 00 00 00 00 
           008          03 AA 00 00 00 00 00 00 
           009          42 87 00 00 00 00 00 00 
           008          00 85 00 00 00 20 20 33 
           021          00 AB 03 00 00 00 00 00 
           00A          00 7E 00 00 00 00 00 00 
           009          42 87 00 00 00 00 00 00 
           008          00 86 00 00 00 03 01 05 
           009          42 87 00 00 00 00 00 00 
           008          14 0A 10 05 05 19 19 48 
           00A          00 7E 00 00 00 00 00 00 
           009          42 87 00 00 00 00 00 00 
           008          00 BC 03 00 00 00 00 00 
           009          42 87 00 00 00 00 00 00 
           008          04 AA 00 00 00 00 00 00 
           022          00 AB 04 00 00 00 00 00 
           00A          00 7E 00 00 00 00 00 00 
           009          42 87 00 00 00 00 00 00 
           008          00 01 03 02 00 03 0D 00 
           009          42 87 00 00 00 00 00 00 
           008          04 0A 04 00 00 00 03 20 
           00A          00 7E 00 00 00 00 00 00 
           009          42 87 00 00 00 00 00 00 
           008          00 01 03 00 00 03 0D 00 
           009          42 87 00 00 00 00 00 00 
           008          01 0A 00 00 00 00 00 00 
           00A          00 7E 00 00 00 00 00 00 
           009          42 87 00 00 00 00 00 00 
           008          01 AA 00 00 00 00 00 00 
           01F          00 AB 01 00 00 00 00 00 
           009          42 87 00 00 00 00 00 00 
           008          02 0A 00 00 00 00 00 00 
           00A          00 7E 00 00 00 00 00 00 
           009          42 87 00 00 00 00 00 00 
           008          03 0A 00 00 00 00 00 00 
           009          42 87 00 00 00 00 00 00 
           008          02 AA 00 00 00 00 00 00 
           009          42 87 00 00 00 00 00 00 
           008          04 0A 04 00 00 00 03 20 
           00A          00 7E 00 00 00 00 00 00 
           00A          00 7E 00 00 00 00 00 00 
           008          07 0A 00 00 00 00 00 00 
           009          42 87 00 00 00 00 00 00 
           009          42 87 00 00 00 00 00 00 
           008          03 AA 00 00 00 00 00 00 
           00A          00 7E 00 00 00 00 00 00 
           009          42 87 00 00 00 00 00 00 
           008          08 0A 00 00 00 00 00 00 
           021          00 AB 03 00 00 00 00 00 
           020          00 AB 02 00 00 00 00 00 
           009          42 87 00 00 00 00 00 00 
           008          00 01 03 00 00 03 0C 00 
           00A          00 7E 00 00 00 00 00 00 
           009          42 87 00 00 00 00 00 00 
           008          09 0A 00 00 00 00 00 00 
           009          42 87 00 00 00 00 00 00 
           008          00 BC 03 00 00 00 00 00 
           00A          00 7E 00 00 00 00 00 00 
           009          42 87 00 00 00 00 00 00 
           008          0A 0A 00 00 04 19 19 50 
           009          42 87 00 00 00 00 00 00 
           008          0B 0A 00 00 00 00 00 00 
           00A          00 7E 00 00 00 00 00 00 
           009          42 87 00 00 00 00 00 00 
           008          04 AA 00 00 00 00 00 00 
           022          00 AB 04 00 00 00 00 00 
           009          42 87 00 00 00 00 00 00 
           008          0C 0A 00 00 00 00 00 00 
           00A          00 7E 00 00 00 00 00 00 
           009          42 87 00 00 00 00 00 00 
           008          0D 0A 00 00 00 00 00 00 
           009          42 87 00 00 00 00 00 00 
           008          01 AA 00 00 00 00 00 00 
           01F          00 AB 01 00 00 00 00 00 
           00A          00 7E 00 00 00 00 00 00 
           009          42 87 00 00 00 00 00 00 
           008          0E 0A 00 00 00 00 00 00 
           009          42 87 00 00 00 00 00 00 
           008          10 82 00 01 00 00 00 00 
           00A          00 7E 00 00 00 00 00 00 
           009          42 87 00 00 00 00 00 00 
           008          00 01 03 08 00 03 0C 00 
           009          42 87 00 00 00 00 00 00 
           008          04 0A 04 20 00 00 03 20 
           00A          00 7E 00 00 00 00 00 00 
           009          42 87 00 00 00 00 00 00 
           008          0F 0A 00 00 00 00 00 00 
           009          42 87 00 00 00 00 00 00 
           008          02 AA 00 00 00 00 00 00 
           020          00 AB 02 00 00 00 00 00 
           00A          00 7E 00 00 00 00 00 00 
           009          43 87 00 00 00 00 00 00 
           008          10 0A 00 00 00 00 00 00 
           009          43 87 00 00 00 00 00 00 
           008          00 86 00 00 00 03 01 01 
           00A          00 7E 00 00 00 00 00 00 
           009          43 87 00 00 00 00 00 00 
           008          10 82 00 01 00 00 00 00 
           009          43 87 00 00 00 00 00 00 
           008          00 86 00 00 00 03 01 00 
           00A          00 7E 00 00 00 00 00 00 
           009          43 87 00 00 00 00 00 00 
           008          03 AA 00 00 00 00 00 00 
           021          00 AB 03 00 00 00 00 00 
           009          43 87 00 00 00 00 00 00 
           008          00 83 00 00 00 00 00 00 
           00A          00 7E 00 00 00 00 00 00 
           009          43 87 00 00 00 00 00 00 
           008          00 84 00 00 00 00 00 00 
           009          43 87 00 00 00 00 00 00 
           008          04 AA 00 00 00 00 00 00 
           022          00 AB 04 00 00 00 00 00 
           00A          00 7E 00 00 00 00 00 00 
           009          41 87 00 00 00 00 00 00 
           008          00 85 00 00 00 20 20 33 
           009          41 87 00 00 00 00 00 00 
           008          04 0A 04 00 00 00 03 20 
           00A          00 7E 00 00 00 00 00 00 
           009          41 87 00 00 00 00 00 00 
           008          00 82 00 01 00 00 00 00 
           009          41 87 00 00 00 00 00 00 
           008          00 86 00 00 00 03 01 02 
           00A          00 7E 00 00 00 00 00 00 
           009          41 87 00 00 00 00 00 00 
           008          00 01 03 00 00 03 0C 00 
           009          41 87 00 00 00 00 00 00 
           008          00 86 00 00 00 03 01 02 
           00A          00 7E 00 00 00 00 00 00 
           009          41 87 00 00 00 00 00 00 
           008          14 0A 10 05 05 19 19 51 
           009          41 87 00 00 00 00 00 00 
           008          01 BC 03 00 00 00 00 00 
           00A          00 7E 00 00 00 00 00 00 
           009          41 87 00 00 00 00 00 00 
           008          01 AA 00 00 00 00 00 00 
           01F          00 AB 01 00 00 00 00 00 
           009          41 87 00 00 00 00 00 00 
           008          00 01 03 00 00 03 0C 00 
           00A          00 7E 00 00 00 00 00 00 
           009          41 87 00 00 00 00 00 00 
           008          01 0A 00 00 00 00 00 00 
           009          41 87 00 00 00 00 00 00 
           008          02 AA 00 00 00 00 00 00 
           020          00 AB 02 00 00 00 00 00 
           00A          00 7E 00 00 00 00 00 00 
           009          41 87 00 00 00 00 00 00 
           008          02 0A 00 00 00 00 00 00 
           009          41 87 00 00 00 00 00 00 
           008          03 0A 00 00 00 00 00 00 
           00A          00 7E 00 00 00 00 00 00 
           009          41 87 00 00 00 00 00 00 
           008          03 AA 00 00 00 00 00 00 
           021          00 AB 03 00 00 00 00 00 
           009          41 87 00 00 00 00 00 00 
           008          04 0A 04 00 00 00 03 20 
           00A          00 7E 00 00 00 00 00 00 
           009          41 87 00 00 00 00 00 00 
           008          05 0A 00 00 00 00 00 00 
           009          41 87 00 00 00 00 00 00 
           008          14 0A 10 05 05 19 19 51 
           00A          00 7E 00 00 00 00 00 00 
           009          41 87 00 00 00 00 00 00 
           008          06 0A 00 00 00 00 00 00 
           009          41 87 00 00 00 00 00 00 
           008          07 0A 00 00 00 00 00 00 
           00A          00 7E 00 00 00 00 00 00 
           009          41 87 00 00 00 00 00 00 
           008          04 AA 00 00 00 00 00 00 
           022          00 AB 04 00 00 00 00 00 
           009          41 87 00 00 00 00 00 00 
           008          08 0A 00 00 00 00 00 00 
           00A          00 7E 00 00 00 00 00 00 
           009          41 87 00 00 00 00 00 00 
           008          09 0A 00 00 00 00 00 00 
           009          41 87 00 00 00 00 00 00 
           008          01 BC 03 00 00 00 00 00 
           00A          00 7E 00 00 00 00 00 00 
           009          41 87 00 00 00 00 00 00 
           008          0A 0A 00 00 04 19 19 52 
           009          41 87 00 00 00 00 00 00 
           008          0B 0A 00 00 00 00 00 00 
           00A          00 7E 00 00 00 00 00 00 
           009          41 87 00 00 00 00 00 00 
           008          01 AA 00 00 00 00 00 00 
           01F          00 AB 01 00 00 00 00 00 
           009          41 87 00 00 00 00 00 00 
           008          0C 0A 00 00 00 00 00 00 
           00A          00 7E 00 00 00 00 00 00 
           009          41 87 00 00 00 00 00 00 
           008          0D 0A 00 00 00 00 00 00 
           009          41 87 00 00 00 00 00 00 
           008          02 AA 00 00 00 00 00 00 
           020          00 AB 02 00 00 00 00 00 
           00A          00 7E 00 00 00 00 00 00 
           009          41 87 00 00 00 00 00 00 
           008          0E 0A 00 00 00 00 00 00 
           009          41 87 00 00 00 00 00 00 
           008          0F 0A 00 00 00 00 00 00 
           00A          00 7E 00 00 00 00 00 00 
           009          41 87 00 00 00 00 00 00 
           008          03 AA 00 00 00 00 00 00 
           021          00 AB 03 00 00 00 00 00 
           009          41 87 00 00 00 00 00 00 
           008          10 0A 00 00 00 00 00 00 
           00A          00 7E 00 00 00 00 00 00 
           009          41 87 00 00 00 00 00 00 
           008          00 82 00 01 00 00 00 00 
           009          41 87 00 00 00 00 00 00 
           008          04 AA 00 00 00 00 00 00 
           022          00 AB 04 00 00 00 00 00 
           00A          00 7E 00 00 00 00 00 00 
           009          41 87 00 00 00 00 00 00 
           008          00 83 00 00 00 00 00 00 
           009          41 87 00 00 00 00 00 00 
           008          00 84 00 00 00 00 00 00 
           00A          00 7E 00 00 00 00 00 00 
           009          41 87 00 00 00 00 00 00 
           008          01 AA 00 00 00 00 00 00 
           01F          00 AB 01 00 00 00 00 00 
           009          41 87 00 00 00 00 00 00 
           008          00 85 00 00 00 20 20 33 
           00A          00 7E 00 00 00 00 00 00 
           009          41 87 00 00 00 00 00 00 
           008          00 86 00 00 00 03 01 02 
           009          41 87 00 00 00 00 00 00 
           008          14 0A 10 05 05 19 19 53 
           00A          00 7E 00 00 00 00 00 00 
           009          41 87 00 00 00 00 00 00 
           008          01 BC 03 00 00 00 00 00 
           009          41 87 00 00 00 00 00 00 
           008          02 AA 00 00 00 00 00 00 
           020          00 AB 02 00 00 00 00 00 
           00A          00 7E 00 00 00 00 00 00 
           009          41 87 00 00 00 00 00 00 
           008          00 01 03 00 00 03 0C 00 
           009          41 87 00 00 00 00 00 00 
           008          01 0A 00 00 00 00 00 00 
           00A          00 7E 00 00 00 00 00 00 
           009          41 87 00 00 00 00 00 00 
           008          03 AA 00 00 00 00 00 00 
           021          00 AB 03 00 00 00 00 00 
           009          41 87 00 00 00 00 00 00 
           008          02 0A 00 00 00 00 00 00 
           00A          00 7E 00 00 00 00 00 00 
           009          41 87 00 00 00 00 00 00 
           008          03 0A 00 00 00 00 00 00 
           009          41 87 00 00 00 00 00 00 
           008          04 AA 00 00 00 00 00 00 
           022          00 AB 04 00 00 00 00 00 
           00A          00 7E 00 00 00 00 00 00 
           009          41 87 00 00 00 00 00 00 
           008          04 0A 04 00 00 00 03 20 
           009          41 87 00 00 00 00 00 00 
           008          05 0A 00 00 00 00 00 00 
           00A          00 7E 00 00 00 00 00 00 
           009          41 87 00 00 00 00 00 00 
           008          14 0A 10 05 05 19 19 53 
           009          41 87 00 00 00 00 00 00 
           008          06 0A 00 00 00 00 00 00 
           00A          00 7E 00 00 00 00 00 00 
           009          41 87 00 00 00 00 00 00 
           008          07 0A 00 00 00 00 00 00 
           009          41 87 00 00 00 00 00 00 
           008          01 AA 00 00 00 00 00 00 
           01F          00 AB 01 00 00 00 00 00 
           00A          00 7E 00 00 00 00 00 00 
           009          41 87 00 00 00 00 00 00 
           008          08 0A 00 00 00 00 00 00 
           009          41 87 00 00 00 00 00 00 
           008          09 0A 00 00 00 00 00 00 
           00A          00 7E 00 00 00 00 00 00 
           009          41 87 00 00 00 00 00 00 
           008          01 BC 03 00 00 00 00 00 
           009          41 87 00 00 00 00 00 00 
           008          0A 0A 00 00 04 19 19 53 
           00A          00 7E 00 00 00 00 00 00 
           009          41 87 00 00 00 00 00 00 
           008          0B 0A 00 00 00 00 00 00 
           009          41 87 00 00 00 00 00 00 
           008          00 01 03 10 00 03 0C 00 
           00A          00 7E 00 00 00 00 00 00 
           009          41 87 00 00 00 00 00 00 
           008          04 0A 04 40 00 00 03 20 
           009          41 87 00 00 00 00 00 00 
           008          08 82 00 01 00 00 00 00 
           00A          00 7E 00 00 00 00 00 00 
           009          41 87 00 00 00 00 00 00 
           008          02 AA 00 00 00 00 00 00 
           020          00 AB 02 00 00 00 00 00 
           009          41 87 00 00 00 00 00 00 
           008          0C 0A 00 00 00 00 00 00 
           00A          00 7E 00 00 00 00 00 00 
           009          43 87 00 00 00 00 00 00 
           008          0D 0A 00 00 00 00 00 00 
           009          43 87 00 00 00 00 00 00 
           008          00 86 00 00 00 03 01 00 
           00A          00 7E 00 00 00 00 00 00 
           009          43 87 00 00 00 00 00 00 
           008          03 AA 00 00 00 00 00 00 
           021          00 AB 03 00 00 00 00 00 
           009          43 87 00 00 00 00 00 00 
           008          0E 0A 00 00 00 00 00 00 
           00A          00 7E 00 00 00 00 00 00 
           009          43 87 00 00 00 00 00 00 
           008          0F 0A 00 00 00 00 00 00 
           009          43 87 00 00 00 00 00 00 
           008          04 AA 00 00 00 00 00 00 
           022          00 AB 04 00 00 00 00 00 
           00A          00 7E 00 00 00 00 00 00 
           009          43 87 00 00 00 00 00 00 
           008          10 0A 00 00 00 00 00 00 
           009          43 87 00 00 00 00 00 00 
           008          00 86 00 00 00 03 01 01 
           00A          00 7E 00 00 00 00 00 00 
           009          42 87 00 00 00 00 00 00 
           008          08 82 00 01 00 00 00 00 
           009          42 87 00 00 00 00 00 00 
           008          00 82 00 01 00 00 00 00 
           00A          00 7E 00 00 00 00 00 00 
           009          42 87 00 00 00 00 00 00 
           008          00 86 00 00 00 03 01 05 
           009          42 87 00 00 00 00 00 00 
           008          00 01 03 00 00 03 0C 00 
           00A          00 7E 00 00 00 00 00 00 
           009          42 87 00 00 00 00 00 00 
           008          04 0A 04 00 00 00 03 20 
           009          42 87 00 00 00 00 00 00 
           008          01 AA 00 00 00 00 00 00 
           01F          00 AB 01 00 00 00 00 00 
           00A          00 7E 00 00 00 00 00 00 
           009          42 87 00 00 00 00 00 00 
           008          00 83 00 00 00 00 00 00 
           009          42 87 00 00 00 00 00 00 
           008          00 84 00 00 00 00 00 00 
           00A          00 7E 00 00 00 00 00 00 
           009          42 87 00 00 00 00 00 00 
           008          02 AA 00 00 00 00 00 00 
           020          00 AB 02 00 00 00 00 00 
           009          42 87 00 00 00 00 00 00 
           008          00 85 00 00 00 20 20 33 
           00A          00 7E 00 00 00 00 00 00 
           009          42 87 00 00 00 00 00 00 
           008          00 86 00 00 00 03 01 05 
           009          42 87 00 00 00 00 00 00 
           008          14 0A 10 05 05 19 19 55 
           00A          00 7E 00 00 00 00 00 00 
           009          42 87 00 00 00 00 00 00 
           008          01 BC 03 00 00 00 00 00 
           009          42 87 00 00 00 00 00 00 
           008          03 AA 00 00 00 00 00 00 
           021          00 AB 03 00 00 00 00 00 
           00A          00 7E 00 00 00 00 00 00 
           009          42 87 00 00 00 00 00 00 
           008          00 01 03 00 00 03 0C 00 
           009          42 87 00 00 00 00 00 00 
           008          01 0A 00 00 00 00 00 00 
           00A          00 7E 00 00 00 00 00 00 
           009          42 87 00 00 00 00 00 00 
           008          04 AA 00 00 00 00 00 00 
           022          00 AB 04 00 00 00 00 00 
           009          42 87 00 00 00 00 00 00 
           008          02 0A 00 00 00 00 00 00 
           00A          00 7E 00 00 00 00 00 00 
           009          42 87 00 00 00 00 00 00 
           008          03 0A 00 00 00 00 00 00 
           009          42 87 00 00 00 00 00 00 
           008          01 AA 00 00 00 00 00 00 
           01F          00 AB 01 00 00 00 00 00 
           00A          00 7E 00 00 00 00 00 00 
           009          42 87 00 00 00 00 00 00 
           008          04 0A 04 00 00 00 03 20 
           009          42 87 00 00 00 00 00 00 
           008          05 0A 00 00 00 00 00 00 
           00A          00 7E 00 00 00 00 00 00 
           009          42 87 00 00 00 00 00 00 
           008          14 0A 10 05 05 19 19 55 
           009          42 87 00 00 00 00 00 00 
           008          06 0A 00 00 00 00 00 00 
           00A          00 7E 00 00 00 00 00 00 
           009          42 87 00 00 00 00 00 00 
           008          07 0A 00 00 00 00 00 00 
           009          42 87 00 00 00 00 00 00 
           008          02 AA 00 00 00 00 00 00 
           020          00 AB 02 00 00 00 00 00 
           00A          00 7E 00 00 00 00 00 00 
           009          42 87 00 00 00 00 00 00 
           008          08 0A 00 00 00 00 00 00 
           009          42 87 00 00 00 00 00 00 
           008          09 0A 00 00 00 00 00 00 
           00A          00 7E 00 00 00 00 00 00 
           009          42 87 00 00 00 00 00 00 
           008          01 BC 03 00 00 00 00 00 
           009          42 87 00 00 00 00 00 00 
           008          0A 0A 00 00 04 19 19 56 
           00A          00 7E 00 00 00 00 00 00 
           009          42 87 00 00 00 00 00 00 
           008          0B 0A 00 00 00 00 00 00 
           009          42 87 00 00 00 00 00 00 
           008          03 AA 00 00 00 00 00 00 
           021          00 AB 03 00 00 00 00 00 
           00A          00 7E 00 00 00 00 00 00 
           009          42 87 00 00 00 00 00 00 
           008          0C 0A 00 00 00 00 00 00 
           009          42 87 00 00 00 00 00 00 
           008          0D 0A 00 00 00 00 00 00 
           00A          00 7E 00 00 00 00 00 00 
