
           009            42 87 00 00 00 00 00 00 
           009            42 87 00 00 00 00 00 00 
           009            42 87 00 00 00 00 00 00 
           009            42 87 00 00 00 00 00 00 
           009            42 87 00 00 00 00 00 00 
           009            42 87 00 00 00 00 00 00 
           009            42 87 00 00 00 00 00 00 
           009            42 87 00 00 00 00 00 00 
           009            42 87 00 00 00 00 00 00 
           009            42 87 00 00 00 00 00 00 
           009            42 87 00 00 00 00 00 00 
           009            42 87 00 00 00 00 00 00 
           009            42 87 00 00 00 00 00 00 
           009            42 87 00 00 00 00 00 00 
           009            42 87 00 00 00 00 00 00 
           009            42 87 00 00 00 00 00 00 
           009            42 87 00 00 00 00 00 00 
           009            42 87 00 00 00 00 00 00 
           009            42 87 00 00 00 00 00 00 
           009            42 87 00 00 00 00 00 00 
           009            42 87 00 00 00 00 00 00 
           009            42 87 00 00 00 00 00 00 
           009            42 87 00 00 00 00 00 00 
           009            42 87 00 00 00 00 00 00 
           009            42 87 00 00 00 00 00 00 
           009            42 87 00 00 00 00 00 00 
           009            42 87 00 00 00 00 00 00 
           009            42 87 00 00 00 00 00 00 
           009            42 87 00 00 00 00 00 00 
           009            42 87 00 00 00 00 00 00 
           009            42 87 00 00 00 00 00 00 
           009            42 87 00 00 00 00 00 00 
           009            42 87 00 00 00 00 00 00 
           009            42 87 00 00 00 00 00 00 
           009            42 87 00 00 00 00 00 00 
           009            42 87 00 00 00 00 00 00 
           009            42 87 00 00 00 00 00 00 
           009            42 87 00 00 00 00 00 00 
           009            42 87 00 00 00 00 00 00 
           009            42 87 00 00 00 00 00 00 
           009            42 87 00 00 00 00 00 00 
           009            42 87 00 00 00 00 00 00 
           008            01 0A 00 00 00 00 00 00 
           00A            00 7E 00 00 00 00 00 00 
           009            42 87 00 00 00 00 00 00 
           008            02 0A 00 00 00 00 00 00 
           009            42 87 00 00 00 00 00 00 
           008            03 0A 00 00 00 00 00 00 
           00A            00 7E 00 00 00 00 00 00 
           009            42 87 00 00 00 00 00 00 
           008            04 0A 04 00 00 00 02 20 
           009            42 87 00 00 00 00 00 00 
           008            05 0A 00 00 00 00 00 00 
           00A            00 7E 00 00 00 00 00 00 
           009            42 87 00 00 00 00 00 00 
           008            06 0A 00 00 00 00 00 00 
           009            42 87 00 00 00 00 00 00 
           008            07 0A 00 00 00 00 00 00 
           00A            00 7E 00 00 00 00 00 00 
           009            42 87 00 00 00 00 00 00 
           008            08 0A 00 00 00 00 00 00 
           009            42 87 00 00 00 00 00 00 
           008            09 0A 00 00 00 00 00 00 
           00A            00 7E 00 00 00 00 00 00 
           009            42 87 00 00 00 00 00 00 
           008            0A 0A 00 00 03 19 17 46 
           009            42 87 00 00 00 00 00 00 
           008            0B 0A 00 00 00 00 00 00 
           00A            00 7E 00 00 00 00 00 00 
           009            42 87 00 00 00 00 00 00 
           008            0C 0A 00 00 00 00 00 00 
           009            42 87 00 00 00 00 00 00 
           008            0D 0A 00 00 00 00 00 00 
           00A            00 7E 00 00 00 00 00 00 
           009            42 87 00 00 00 00 00 00 
           008            0E 0A 00 00 00 00 00 00 
           009            42 87 00 00 00 00 00 00 
           008            0F 0A 00 00 00 00 00 00 
           00A            00 7E 00 00 00 00 00 00 
           009            42 87 00 00 00 00 00 00 
           008            10 0A 00 00 00 00 00 00 
           009            42 87 00 00 00 00 00 00 
           008            00 82 00 00 00 00 00 00 
           00A            00 7E 00 00 00 00 00 00 
           009            42 87 00 00 00 00 00 00 
           008            00 83 00 00 00 00 00 00 
           009            42 87 00 00 00 00 00 00 
           008            00 84 00 00 00 00 00 00 
           00A            00 7E 00 00 00 00 00 00 
           009            42 87 00 00 00 00 00 00 
           008            00 85 00 00 00 20 20 32 
           009            42 87 00 00 00 00 00 00 
           008            00 86 00 00 00 02 01 05 
           00A            00 7E 00 00 00 00 00 00 
           009            42 87 00 00 00 00 00 00 
           008            00 01 02 00 00 02 00 00 
           009            42 87 00 00 00 00 00 00 
           008            00 01 02 00 00 02 00 00 
           00A            00 7E 00 00 00 00 00 00 
           009            42 87 00 00 00 00 00 00 
           008            01 0A 00 00 00 00 00 00 
           009            42 87 00 00 00 00 00 00 
           008            01 AA 00 00 00 00 00 00 
           01F            00 AB 01 00 00 00 00 00 
           00A            00 7E 00 00 00 00 00 00 
           009            42 87 00 00 00 00 00 00 
           008            02 0A 00 00 00 00 00 00 
           009            42 87 00 00 00 00 00 00 
           008            03 0A 00 00 00 00 00 00 
           00A            00 7E 00 00 00 00 00 00 
           009            42 87 00 00 00 00 00 00 
           008            02 AA 00 00 00 00 00 00 
           020            00 AB 02 00 00 00 00 00 
           009            42 87 00 00 00 00 00 00 
           008            04 0A 04 00 00 00 02 20 
           00A            00 7E 00 00 00 00 00 00 
           009            42 87 00 00 00 00 00 00 
           008            05 0A 00 00 00 00 00 00 
           009            42 87 00 00 00 00 00 00 
           008            14 0A 10 05 05 19 17 47 
           00A            00 7E 00 00 00 00 00 00 
           009            42 87 00 00 00 00 00 00 
           008            06 0A 00 00 00 00 00 00 
           009            42 87 00 00 00 00 00 00 
           008            07 0A 00 00 00 00 00 00 
           00A            00 7E 00 00 00 00 00 00 
           009            42 87 00 00 00 00 00 00 
           008            03 AA 00 00 00 00 00 00 
           021            00 AB 03 00 00 00 00 00 
           009            42 87 00 00 00 00 00 00 
           008            08 0A 00 00 00 00 00 00 
           00A            00 7E 00 00 00 00 00 00 
           009            42 87 00 00 00 00 00 00 
           008            09 0A 00 00 00 00 00 00 
           009            42 87 00 00 00 00 00 00 
           008            01 BC 02 00 00 00 00 00 
           00A            00 7E 00 00 00 00 00 00 
           009            42 87 00 00 00 00 00 00 
           008            0A 0A 00 00 03 19 17 48 
           009            42 87 00 00 00 00 00 00 
           008            0B 0A 00 00 00 00 00 00 
           00A            00 7E 00 00 00 00 00 00 
           009            42 87 00 00 00 00 00 00 
           008            04 AA 00 00 00 00 00 00 
           022            00 AB 04 00 00 00 00 00 
           009            42 87 00 00 00 00 00 00 
           008            0C 0A 00 00 00 00 00 00 
           00A            00 7E 00 00 00 00 00 00 
           009            42 87 00 00 00 00 00 00 
           008            0D 0A 00 00 00 00 00 00 
           009            42 87 00 00 00 00 00 00 
           008            01 AA 00 00 00 00 00 00 
           01F            00 AB 01 00 00 00 00 00 
           00A            00 7E 00 00 00 00 00 00 
           009            42 87 00 00 00 00 00 00 
           008            0E 0A 00 00 00 00 00 00 
           009            42 87 00 00 00 00 00 00 
           008            0F 0A 00 00 00 00 00 00 
           00A            00 7E 00 00 00 00 00 00 
           009            42 87 00 00 00 00 00 00 
           008            02 AA 00 00 00 00 00 00 
           020            00 AB 02 00 00 00 00 00 
           009            42 87 00 00 00 00 00 00 
           008            10 0A 00 00 00 00 00 00 
           00A            00 7E 00 00 00 00 00 00 
           009            42 87 00 00 00 00 00 00 
           008            00 82 00 00 00 00 00 00 
           009            42 87 00 00 00 00 00 00 
           008            03 AA 00 00 00 00 00 00 
           021            00 AB 03 00 00 00 00 00 
           00A            00 7E 00 00 00 00 00 00 
           009            42 87 00 00 00 00 00 00 
           008            00 83 00 00 00 00 00 00 
           009            42 87 00 00 00 00 00 00 
           008            00 84 00 00 00 00 00 00 
           00A            00 7E 00 00 00 00 00 00 
           009            42 87 00 00 00 00 00 00 
           008            04 AA 00 00 00 00 00 00 
           022            00 AB 04 00 00 00 00 00 
           009            42 87 00 00 00 00 00 00 
           008            00 85 00 00 00 20 20 32 
           00A            00 7E 00 00 00 00 00 00 
           009            42 87 00 00 00 00 00 00 
           008            00 86 00 00 00 02 01 05 
           009            42 87 00 00 00 00 00 00 
           008            14 0A 10 05 05 19 17 49 
           00A            00 7E 00 00 00 00 00 00 
           009            42 87 00 00 00 00 00 00 
           008            01 BC 02 00 00 00 00 00 
           009            42 87 00 00 00 00 00 00 
           008            01 AA 00 00 00 00 00 00 
           01F            00 AB 01 00 00 00 00 00 
           00A            00 7E 00 00 00 00 00 00 
           009            42 87 00 00 00 00 00 00 
           008            00 01 02 00 00 02 00 00 
           009            42 87 00 00 00 00 00 00 
           008            01 0A 00 00 00 00 00 00 
           00A            00 7E 00 00 00 00 00 00 
           009            42 87 00 00 00 00 00 00 
           008            02 AA 00 00 00 00 00 00 
           020            00 AB 02 00 00 00 00 00 
           009            42 87 00 00 00 00 00 00 
           008            02 0A 00 00 00 00 00 00 
           00A            00 7E 00 00 00 00 00 00 
           009            42 87 00 00 00 00 00 00 
           008            03 0A 00 00 00 00 00 00 
           009            42 87 00 00 00 00 00 00 
           008            03 AA 00 00 00 00 00 00 
           021            00 AB 03 00 00 00 00 00 
           00A            00 7E 00 00 00 00 00 00 
           009            42 87 00 00 00 00 00 00 
           008            04 0A 04 00 00 00 02 20 
           009            42 87 00 00 00 00 00 00 
           008            05 0A 00 00 00 00 00 00 
           00A            00 7E 00 00 00 00 00 00 
           009            42 87 00 00 00 00 00 00 
           008            14 0A 10 05 05 19 17 49 
           009            42 87 00 00 00 00 00 00 
           008            06 0A 00 00 00 00 00 00 
           00A            00 7E 00 00 00 00 00 00 
           009            42 87 00 00 00 00 00 00 
           008            07 0A 00 00 00 00 00 00 
           009            42 87 00 00 00 00 00 00 
           008            04 AA 00 00 00 00 00 00 
           022            00 AB 04 00 00 00 00 00 
           00A            00 7E 00 00 00 00 00 00 
           009            42 87 00 00 00 00 00 00 
           008            08 0A 00 00 00 00 00 00 
           009            42 87 00 00 00 00 00 00 
           008            09 0A 00 00 00 00 00 00 
           00A            00 7E 00 00 00 00 00 00 
           009            42 87 00 00 00 00 00 00 
           008            01 BC 02 00 00 00 00 00 
           009            42 87 00 00 00 00 00 00 
           008            0A 0A 00 00 03 19 17 50 
           00A            00 7E 00 00 00 00 00 00 
           009            42 87 00 00 00 00 00 00 
           008            0B 0A 00 00 00 00 00 00 
           009            42 87 00 00 00 00 00 00 
           008            01 AA 00 00 00 00 00 00 
           01F            00 AB 01 00 00 00 00 00 
           00A            00 7E 00 00 00 00 00 00 
           009            42 87 00 00 00 00 00 00 
           008            0C 0A 00 00 00 00 00 00 
           009            42 87 00 00 00 00 00 00 
           008            0D 0A 00 00 00 00 00 00 
           00A            00 7E 00 00 00 00 00 00 
           009            42 87 00 00 00 00 00 00 
           008            02 AA 00 00 00 00 00 00 
           020            00 AB 02 00 00 00 00 00 
           009            42 87 00 00 00 00 00 00 
           008            0E 0A 00 00 00 00 00 00 
           00A            00 7E 00 00 00 00 00 00 
           009            42 87 00 00 00 00 00 00 
           008            0F 0A 00 00 00 00 00 00 
           009            42 87 00 00 00 00 00 00 
           008            03 AA 00 00 00 00 00 00 
           021            00 AB 03 00 00 00 00 00 
           00A            00 7E 00 00 00 00 00 00 
           009            42 87 00 00 00 00 00 00 
           008            10 0A 00 00 00 00 00 00 
           009            42 87 00 00 00 00 00 00 
           008            00 82 00 00 00 00 00 00 
           00A            00 7E 00 00 00 00 00 00 
           009            42 87 00 00 00 00 00 00 
           008            04 AA 00 00 00 00 00 00 
           022            00 AB 04 00 00 00 00 00 
           009            42 87 00 00 00 00 00 00 
           008            00 83 00 00 00 00 00 00 
           00A            00 7E 00 00 00 00 00 00 
           009            42 87 00 00 00 00 00 00 
           008            00 84 00 00 00 00 00 00 
           009            42 87 00 00 00 00 00 00 
           008            01 AA 00 00 00 00 00 00 
           01F            00 AB 01 00 00 00 00 00 
           00A            00 7E 00 00 00 00 00 00 
           009            42 87 00 00 00 00 00 00 
           008            00 85 00 00 00 20 20 32 
           009            42 87 00 00 00 00 00 00 
           008            00 86 00 00 00 02 01 05 
           00A            00 7E 00 00 00 00 00 00 
           009            42 87 00 00 00 00 00 00 
           008            14 0A 10 05 05 19 17 50 
           009            42 87 00 00 00 00 00 00 
           008            01 BC 02 00 00 00 00 00 
           00A            00 7E 00 00 00 00 00 00 
           009            42 87 00 00 00 00 00 00 
           008            02 AA 00 00 00 00 00 00 
           020            00 AB 02 00 00 00 00 00 
           009            42 87 00 00 00 00 00 00 
           008            00 01 02 00 00 02 00 00 
           00A            00 7E 00 00 00 00 00 00 
           009            42 87 00 00 00 00 00 00 
           008            01 0A 00 00 00 00 00 00 
           009            42 87 00 00 00 00 00 00 
           008            03 AA 00 00 00 00 00 00 
           021            00 AB 03 00 00 00 00 00 
           00A            00 7E 00 00 00 00 00 00 
           009            42 87 00 00 00 00 00 00 
           008            02 0A 00 00 00 00 00 00 
           009            42 87 00 00 00 00 00 00 
           008            03 0A 00 00 00 00 00 00 
           00A            00 7E 00 00 00 00 00 00 
           009            42 87 00 00 00 00 00 00 
           008            04 AA 00 00 00 00 00 00 
           022            00 AB 04 00 00 00 00 00 
           009            42 87 00 00 00 00 00 00 
           008            04 0A 04 00 00 00 02 20 
           00A            00 7E 00 00 00 00 00 00 
           009            42 87 00 00 00 00 00 00 
           008            05 0A 00 00 00 00 00 00 
           009            42 87 00 00 00 00 00 00 
           008            14 0A 10 05 05 19 17 51 
           00A            00 7E 00 00 00 00 00 00 
           009            42 87 00 00 00 00 00 00 
           008            06 0A 00 00 00 00 00 00 
           009            42 87 00 00 00 00 00 00 
           008            07 0A 00 00 00 00 00 00 
           00A            00 7E 00 00 00 00 00 00 
           009            42 87 00 00 00 00 00 00 
           008            01 AA 00 00 00 00 00 00 
           01F            00 AB 01 00 00 00 00 00 
           009            42 87 00 00 00 00 00 00 
           008            08 0A 00 00 00 00 00 00 
           00A            00 7E 00 00 00 00 00 00 
           009            42 87 00 00 00 00 00 00 
           008            09 0A 00 00 00 00 00 00 
           009            42 87 00 00 00 00 00 00 
           008            01 BC 02 00 00 00 00 00 
           00A            00 7E 00 00 00 00 00 00 
           009            42 87 00 00 00 00 00 00 
           008            0A 0A 00 00 03 19 17 51 
           009            42 87 00 00 00 00 00 00 
           008            0B 0A 00 00 00 00 00 00 
           00A            00 7E 00 00 00 00 00 00 
           009            42 87 00 00 00 00 00 00 
           008            02 AA 00 00 00 00 00 00 
           020            00 AB 02 00 00 00 00 00 
           009            42 87 00 00 00 00 00 00 
           008            0C 0A 00 00 00 00 00 00 
           00A            00 7E 00 00 00 00 00 00 
           009            42 87 00 00 00 00 00 00 
           008            0D 0A 00 00 00 00 00 00 
           009            42 87 00 00 00 00 00 00 
           008            03 AA 00 00 00 00 00 00 
           021            00 AB 03 00 00 00 00 00 
           00A            00 7E 00 00 00 00 00 00 
           009            42 87 00 00 00 00 00 00 
           008            0E 0A 00 00 00 00 00 00 
           009            42 87 00 00 00 00 00 00 
           008            0F 0A 00 00 00 00 00 00 
           00A            00 7E 00 00 00 00 00 00 
           009            42 87 00 00 00 00 00 00 
           008            04 AA 00 00 00 00 00 00 
           022            00 AB 04 00 00 00 00 00 
           009            42 87 00 00 00 00 00 00 
           008            10 0A 00 00 00 00 00 00 
           00A            00 7E 00 00 00 00 00 00 
           009            42 87 00 00 00 00 00 00 
           008            00 82 00 00 00 00 00 00 
           009            42 87 00 00 00 00 00 00 
           008            01 AA 00 00 00 00 00 00 
           01F            00 AB 01 00 00 00 00 00 
           00A            00 7E 00 00 00 00 00 00 
           009            42 87 00 00 00 00 00 00 
           008            00 83 00 00 00 00 00 00 
           009            42 87 00 00 00 00 00 00 
           008            00 84 00 00 00 00 00 00 
           00A            00 7E 00 00 00 00 00 00 
           009            42 87 00 00 00 00 00 00 
           008            02 AA 00 00 00 00 00 00 
           020            00 AB 02 00 00 00 00 00 
           009            42 87 00 00 00 00 00 00 
           008            00 85 00 00 00 20 20 32 
           00A            00 7E 00 00 00 00 00 00 
           009            42 87 00 00 00 00 00 00 
           008            00 86 00 00 00 02 01 05 
           009            42 87 00 00 00 00 00 00 
           008            14 0A 10 05 05 19 17 52 
           00A            00 7E 00 00 00 00 00 00 
           009            42 87 00 00 00 00 00 00 
           008            01 BC 02 00 00 00 00 00 
           009            42 87 00 00 00 00 00 00 
           008            03 AA 00 00 00 00 00 00 
           021            00 AB 03 00 00 00 00 00 
           00A            00 7E 00 00 00 00 00 00 
           009            42 87 00 00 00 00 00 00 
           008            00 01 02 00 00 02 00 00 
           009            42 87 00 00 00 00 00 00 
           008            01 0A 00 00 00 00 00 00 
           00A            00 7E 00 00 00 00 00 00 
           009            42 87 00 00 00 00 00 00 
           008            04 AA 00 00 00 00 00 00 
           022            00 AB 04 00 00 00 00 00 
           009            42 87 00 00 00 00 00 00 
           008            02 0A 00 00 00 00 00 00 
           00A            00 7E 00 00 00 00 00 00 
           009            42 87 00 00 00 00 00 00 
           008            03 0A 00 00 00 00 00 00 
           009            42 87 00 00 00 00 00 00 
           008            01 AA 00 00 00 00 00 00 
           01F            00 AB 01 00 00 00 00 00 
           00A            00 7E 00 00 00 00 00 00 
           009            42 87 00 00 00 00 00 00 
           008            04 0A 04 00 00 00 02 20 
           009            42 87 00 00 00 00 00 00 
           008            05 0A 00 00 00 00 00 00 
           00A            00 7E 00 00 00 00 00 00 
           009            42 87 00 00 00 00 00 00 
           008            14 0A 10 05 05 19 17 53 
           009            42 87 00 00 00 00 00 00 
           008            06 0A 00 00 00 00 00 00 
           00A            00 7E 00 00 00 00 00 00 
           009            42 87 00 00 00 00 00 00 
           008            07 0A 00 00 00 00 00 00 
           009            42 87 00 00 00 00 00 00 
           008            02 AA 00 00 00 00 00 00 
           020            00 AB 02 00 00 00 00 00 
           00A            00 7E 00 00 00 00 00 00 
           009            42 87 00 00 00 00 00 00 
           008            08 0A 00 00 00 00 00 00 
           009            42 87 00 00 00 00 00 00 
           008            09 0A 00 00 00 00 00 00 
           00A            00 7E 00 00 00 00 00 00 
           009            42 87 00 00 00 00 00 00 
           008            01 BC 02 00 00 00 00 00 
           009            42 87 00 00 00 00 00 00 
           008            0A 0A 00 00 03 19 17 53 
           00A            00 7E 00 00 00 00 00 00 
           009            42 87 00 00 00 00 00 00 
           008            0B 0A 00 00 00 00 00 00 
           009            42 87 00 00 00 00 00 00 
           008            03 AA 00 00 00 00 00 00 
           021            00 AB 03 00 00 00 00 00 
           00A            00 7E 00 00 00 00 00 00 
           009            42 87 00 00 00 00 00 00 
           008            0C 0A 00 00 00 00 00 00 
           009            42 87 00 00 00 00 00 00 
           008            0D 0A 00 00 00 00 00 00 
           00A            00 7E 00 00 00 00 00 00 
           009            42 87 00 00 00 00 00 00 
           008            04 AA 00 00 00 00 00 00 
           022            00 AB 04 00 00 00 00 00 
           009            42 87 00 00 00 00 00 00 
           008            0E 0A 00 00 00 00 00 00 
           00A            00 7E 00 00 00 00 00 00 
           009            42 87 00 00 00 00 00 00 
           008            0F 0A 00 00 00 00 00 00 
           009            42 87 00 00 00 00 00 00 
           008            01 AA 00 00 00 00 00 00 
           01F            00 AB 01 00 00 00 00 00 
           00A            00 7E 00 00 00 00 00 00 
           009            42 87 00 00 00 00 00 00 
           008            10 0A 00 00 00 00 00 00 
           009            42 87 00 00 00 00 00 00 
           008            00 82 00 00 00 00 00 00 
           00A            00 7E 00 00 00 00 00 00 
           009            42 87 00 00 00 00 00 00 
           008            02 AA 00 00 00 00 00 00 
           020            00 AB 02 00 00 00 00 00 
           009            42 87 00 00 00 00 00 00 
           008            00 83 00 00 00 00 00 00 
           00A            00 7E 00 00 00 00 00 00 
           009            42 87 00 00 00 00 00 00 
           008            00 84 00 00 00 00 00 00 
           009            42 87 00 00 00 00 00 00 
           008            03 AA 00 00 00 00 00 00 
           021            00 AB 03 00 00 00 00 00 
           00A            00 7E 00 00 00 00 00 00 
           009            42 87 00 00 00 00 00 00 
           008            00 85 00 00 00 20 20 32 
           009            42 87 00 00 00 00 00 00 
           008            00 86 00 00 00 02 01 05 
           00A            00 7E 00 00 00 00 00 00 
           009            42 87 00 00 00 00 00 00 
           008            14 0A 10 05 05 19 17 54 
           009            42 87 00 00 00 00 00 00 
           008            01 BC 02 00 00 00 00 00 
           00A            00 7E 00 00 00 00 00 00 
           009            42 87 00 00 00 00 00 00 
           008            04 AA 00 00 00 00 00 00 
           022            00 AB 04 00 00 00 00 00 
           009            42 87 00 00 00 00 00 00 
           008            00 01 02 00 00 02 00 00 
           00A            00 7E 00 00 00 00 00 00 
           009            42 87 00 00 00 00 00 00 
           008            01 0A 00 00 00 00 00 00 
           009            42 87 00 00 00 00 00 00 
           008            01 AA 00 00 00 00 00 00 
           01F            00 AB 01 00 00 00 00 00 
           00A            00 7E 00 00 00 00 00 00 
           009            42 87 00 00 00 00 00 00 
           008            02 0A 00 00 00 00 00 00 
           009            42 87 00 00 00 00 00 00 
           008            03 0A 00 00 00 00 00 00 
           00A            00 7E 00 00 00 00 00 00 
           009            42 87 00 00 00 00 00 00 
           008            02 AA 00 00 00 00 00 00 
           020            00 AB 02 00 00 00 00 00 
           009            42 87 00 00 00 00 00 00 
           008            04 0A 04 00 00 00 02 20 
           00A            00 7E 00 00 00 00 00 00 
           009            42 87 00 00 00 00 00 00 
           008            05 0A 00 00 00 00 00 00 
           009            42 87 00 00 00 00 00 00 
           008            14 0A 10 05 05 19 17 54 
           00A            00 7E 00 00 00 00 00 00 
           009            42 87 00 00 00 00 00 00 
           008            06 0A 00 00 00 00 00 00 
           009            42 87 00 00 00 00 00 00 
           008            07 0A 00 00 00 00 00 00 
           00A            00 7E 00 00 00 00 00 00 
           009            42 87 00 00 00 00 00 00 
           008            03 AA 00 00 00 00 00 00 
           021            00 AB 03 00 00 00 00 00 
           009            42 87 00 00 00 00 00 00 
           008            08 0A 00 00 00 00 00 00 
           00A            00 7E 00 00 00 00 00 00 
           009            42 87 00 00 00 00 00 00 
           008            09 0A 00 00 00 00 00 00 
           009            42 87 00 00 00 00 00 00 
           008            01 BC 02 00 00 00 00 00 
           00A            00 7E 00 00 00 00 00 00 
           009            42 87 00 00 00 00 00 00 
           008            0A 0A 00 00 03 19 17 55 
           009            42 87 00 00 00 00 00 00 
           008            0B 0A 00 00 00 00 00 00 
           00A            00 7E 00 00 00 00 00 00 
           009            42 87 00 00 00 00 00 00 
           008            04 AA 00 00 00 00 00 00 
           022            00 AB 04 00 00 00 00 00 
           009            42 87 00 00 00 00 00 00 
           008            0C 0A 00 00 00 00 00 00 
           00A            00 7E 00 00 00 00 00 00 
           009            42 87 00 00 00 00 00 00 
           008            0D 0A 00 00 00 00 00 00 
           009            42 87 00 00 00 00 00 00 
           008            01 AA 00 00 00 00 00 00 
           01F            00 AB 01 00 00 00 00 00 
           00A            00 7E 00 00 00 00 00 00 
           009            42 87 00 00 00 00 00 00 
           008            0E 0A 00 00 00 00 00 00 
           009            42 87 00 00 00 00 00 00 
           008            0F 0A 00 00 00 00 00 00 
           00A            00 7E 00 00 00 00 00 00 
           009            42 87 00 00 00 00 00 00 
           008            02 AA 00 00 00 00 00 00 
           020            00 AB 02 00 00 00 00 00 
           009            42 87 00 00 00 00 00 00 
           008            10 0A 00 00 00 00 00 00 
           00A            00 7E 00 00 00 00 00 00 
           009            42 87 00 00 00 00 00 00 
           008            00 82 00 00 00 00 00 00 
           009            42 87 00 00 00 00 00 00 
           008            03 AA 00 00 00 00 00 00 
           021            00 AB 03 00 00 00 00 00 
           00A            00 7E 00 00 00 00 00 00 
           009            42 87 00 00 00 00 00 00 
           008            00 83 00 00 00 00 00 00 
           009            42 87 00 00 00 00 00 00 
           008            00 84 00 00 00 00 00 00 
           00A            00 7E 00 00 00 00 00 00 
           009            42 87 00 00 00 00 00 00 
           008            04 AA 00 00 00 00 00 00 
           022            00 AB 04 00 00 00 00 00 
           009            42 87 00 00 00 00 00 00 
           008            00 85 00 00 00 20 20 32 
           00A            00 7E 00 00 00 00 00 00 
           009            42 87 00 00 00 00 00 00 
           008            00 86 00 00 00 02 01 05 
           009            42 87 00 00 00 00 00 00 
           008            14 0A 10 05 05 19 17 56 
           00A            00 7E 00 00 00 00 00 00 
           009            42 87 00 00 00 00 00 00 
           008            01 BC 02 00 00 00 00 00 
           009            42 87 00 00 00 00 00 00 
           008            01 AA 00 00 00 00 00 00 
           01F            00 AB 01 00 00 00 00 00 
           00A            00 7E 00 00 00 00 00 00 
           009            42 87 00 00 00 00 00 00 
           008            00 01 02 00 00 02 00 00 
           009            42 87 00 00 00 00 00 00 
           008            01 0A 00 00 00 00 00 00 
           00A            00 7E 00 00 00 00 00 00 
           009            42 87 00 00 00 00 00 00 
           008            02 AA 00 00 00 00 00 00 
           020            00 AB 02 00 00 00 00 00 
           009            42 87 00 00 00 00 00 00 
           008            02 0A 00 00 00 00 00 00 
           00A            00 7E 00 00 00 00 00 00 
           009            42 87 00 00 00 00 00 00 
           008            03 0A 00 00 00 00 00 00 
           009            42 87 00 00 00 00 00 00 
           008            03 AA 00 00 00 00 00 00 
           021            00 AB 03 00 00 00 00 00 
           00A            00 7E 00 00 00 00 00 00 
           009            42 87 00 00 00 00 00 00 
           008            04 0A 04 00 00 00 02 20 
           009            42 87 00 00 00 00 00 00 
           008            05 0A 00 00 00 00 00 00 
           00A            00 7E 00 00 00 00 00 00 
           009            42 87 00 00 00 00 00 00 
           008            14 0A 10 05 05 19 17 56 
           009            42 87 00 00 00 00 00 00 
           008            06 0A 00 00 00 00 00 00 
           00A            00 7E 00 00 00 00 00 00 
           009            42 87 00 00 00 00 00 00 
           008            07 0A 00 00 00 00 00 00 
           009            42 87 00 00 00 00 00 00 
           008            04 AA 00 00 00 00 00 00 
           022            00 AB 04 00 00 00 00 00 
           00A            00 7E 00 00 00 00 00 00 
           009            42 87 00 00 00 00 00 00 
           008            08 0A 00 00 00 00 00 00 
           009            42 87 00 00 00 00 00 00 
           008            09 0A 00 00 00 00 00 00 
           00A            00 7E 00 00 00 00 00 00 
           009            42 87 00 00 00 00 00 00 
           008            04 0A 04 00 00 01 02 20 
           009            42 87 00 00 00 00 00 00 
           008            00 BC 02 00 00 00 00 00 
           00A            00 7E 00 00 00 00 00 00 
           009            42 87 00 00 00 00 00 00 
           008            0A 0A 00 00 03 19 17 57 
           009            42 87 00 00 00 00 00 00 
           008            0B 0A 00 00 00 00 00 00 
           00A            00 7E 00 00 00 00 00 00 
           009            42 87 00 00 00 00 00 00 
           008            01 AA 00 00 00 00 00 00 
           01F            00 AB 01 00 00 00 00 00 
           009            42 87 00 00 00 00 00 00 
           008            00 01 02 03 00 02 02 00 
           00A            00 7E 00 00 00 00 00 00 
           009            42 87 00 00 00 00 00 00 
           008            0C 0A 00 00 00 00 00 00 
           009            42 87 00 00 00 00 00 00 
           008            0D 0A 00 00 00 00 00 00 
           00A            00 7E 00 00 00 00 00 00 
           009            42 87 00 00 00 00 00 00 
           008            02 AA 00 00 00 00 00 00 
           009            42 87 00 00 00 00 00 00 
           008            0E 0A 00 00 00 00 00 00 
           00A            00 7E 00 00 00 00 00 00 
           009            42 87 00 00 00 00 00 00 
           008            0F 0A 00 00 00 00 00 00 
           009            42 87 00 00 00 00 00 00 
           008            03 AA 00 00 00 00 00 00 
           00A            00 7E 00 00 00 00 00 00 
           009            42 87 00 00 00 00 00 00 
           009            42 87 00 00 00 00 00 00 
           00A            00 7E 00 00 00 00 00 00 
           009            42 87 00 00 00 00 00 00 
           008            04 AA 00 00 00 00 00 00 
           022            00 AB 04 00 00 00 00 00 
           009            42 87 00 00 00 00 00 00 
           008            00 83 00 00 00 00 00 00 
           00A            00 7E 00 00 00 00 00 00 
           009            42 87 00 00 00 00 00 00 
           008            00 84 00 00 00 00 00 00 
           009            42 87 00 00 00 00 00 00 
           008            01 AA 00 00 00 00 00 00 
           008            00 85 00 00 00 20 20 32 
           009            42 87 00 00 00 00 00 00 
           00A            00 7E 00 00 00 00 00 00 
           009            42 87 00 00 00 00 00 00 
           00A            00 7E 00 00 00 00 00 00 
           00A            00 7E 00 00 00 00 00 00 
           008            00 01 02 03 00 02 02 00 
           009            42 87 00 00 00 00 00 00 
           008            01 0A 00 00 00 00 00 00 
           009            42 87 00 00 00 00 00 00 
           00A            00 7E 00 00 00 00 00 00 
           008            03 AA 00 00 00 00 00 00 
           009            42 87 00 00 00 00 00 00 
           008            03 0A 00 00 00 00 00 00 
           009            42 87 00 00 00 00 00 00 
           008            04 AA 00 00 00 00 00 00 
           009            42 87 00 00 00 00 00 00 
           00A            00 7E 00 00 00 00 00 00 
           020            00 AB 02 00 00 00 00 00 
           008            04 0A 04 00 00 01 02 20 
           009            42 87 00 00 00 00 00 00 
           022            00 AB 04 00 00 00 00 00 
           009            42 87 00 00 00 00 00 00 
           00A            00 7E 00 00 00 00 00 00 
           008            14 0A 10 05 05 19 17 58 
           009            42 87 00 00 00 00 00 00 
           008            06 0A 00 00 00 00 00 00 
           009            42 87 00 00 00 00 00 00 
           00A            00 7E 00 00 00 00 00 00 
           008            07 0A 00 00 00 00 00 00 
           009            42 87 00 00 00 00 00 00 
           008            01 AA 00 00 00 00 00 00 
           009            42 87 00 00 00 00 00 00 
           00A            00 7E 00 00 00 00 00 00 
           008            08 0A 00 00 00 00 00 00 
           009            42 87 00 00 00 00 00 00 
           008            09 0A 00 00 00 00 00 00 
           009            42 87 00 00 00 00 00 00 
           00A            00 7E 00 00 00 00 00 00 
           008            00 BC 02 00 00 00 00 00 
           009            42 87 00 00 00 00 00 00 
           008            0A 0A 00 00 03 19 17 58 
           00A            00 7E 00 00 00 00 00 00 
           009            42 87 00 00 00 00 00 00 
           008            0B 0A 00 00 00 00 00 00 
           009            42 87 00 00 00 00 00 00 
           008            02 AA 00 00 00 00 00 00 
           009            42 87 00 00 00 00 00 00 
           00A            00 7E 00 00 00 00 00 00 
           008            0C 0A 00 00 00 00 00 00 
           009            42 87 00 00 00 00 00 00 
           008            0D 0A 00 00 00 00 00 00 
           00A            00 7E 00 00 00 00 00 00 
           009            42 87 00 00 00 00 00 00 
           021            00 AB 03 00 00 00 00 00 
           009            42 87 00 00 00 00 00 00 
           008            0E 0A 00 00 00 00 00 00 
           00A            00 7E 00 00 00 00 00 00 
           009            42 87 00 00 00 00 00 00 
           008            0F 0A 00 00 00 00 00 00 
           009            42 87 00 00 00 00 00 00 
           008            04 AA 00 00 00 00 00 00 
           022            00 AB 04 00 00 00 00 00 
           00A            00 7E 00 00 00 00 00 00 
           008            10 0A 00 00 00 00 00 00 
           009            42 87 00 00 00 00 00 00 
           008            00 82 00 00 00 00 00 00 
           009            42 87 00 00 00 00 00 00 
           00A            00 7E 00 00 00 00 00 00 
           009            42 87 00 00 00 00 00 00 
           008            01 AA 00 00 00 00 00 00 
           01F            00 AB 01 00 00 00 00 00 
           009            42 87 00 00 00 00 00 00 
           008            00 83 00 00 00 00 00 00 
           00A            00 7E 00 00 00 00 00 00 
           009            42 87 00 00 00 00 00 00 
           008            00 84 00 00 00 00 00 00 
           009            42 87 00 00 00 00 00 00 
           008            02 AA 00 00 00 00 00 00 
           020            00 AB 02 00 00 00 00 00 
           00A            00 7E 00 00 00 00 00 00 
           009            42 87 00 00 00 00 00 00 
           008            00 85 00 00 00 20 20 32 
           008            00 86 00 00 00 02 01 05 
           009            42 87 00 00 00 00 00 00 
           00A            00 7E 00 00 00 00 00 00 
           009            42 87 00 00 00 00 00 00 
           008            14 0A 10 05 05 19 17 59 
           008            00 BC 02 00 00 00 00 00 
           009            42 87 00 00 00 00 00 00 
           00A            00 7E 00 00 00 00 00 00 
           008            03 AA 00 00 00 00 00 00 
           009            42 87 00 00 00 00 00 00 
           008            00 01 02 03 00 02 02 00 
           009            42 87 00 00 00 00 00 00 
           00A            00 7E 00 00 00 00 00 00 
           009            42 87 00 00 00 00 00 00 
           008            01 0A 00 00 00 00 00 00 
           009            42 87 00 00 00 00 00 00 
           008            04 AA 00 00 00 00 00 00 
           022            00 AB 04 00 00 00 00 00 
           00A            00 7E 00 00 00 00 00 00 
           008            02 0A 00 00 00 00 00 00 
           009            42 87 00 00 00 00 00 00 
           009            42 87 00 00 00 00 00 00 
           008            03 0A 00 00 00 00 00 00 
           00A            00 7E 00 00 00 00 00 00 
           009            42 87 00 00 00 00 00 00 
           008            01 AA 00 00 00 00 00 00 
           01F            00 AB 01 00 00 00 00 00 
           008            04 0A 04 00 00 01 02 20 
           009            42 87 00 00 00 00 00 00 
           00A            00 7E 00 00 00 00 00 00 
           009            42 87 00 00 00 00 00 00 
           008            05 0A 00 00 00 00 00 00 
           009            42 87 00 00 00 00 00 00 
           008            14 0A 10 05 05 19 18 00 
           00A            00 7E 00 00 00 00 00 00 
           008            06 0A 00 00 00 00 00 00 
           009            42 87 00 00 00 00 00 00 
           009            42 87 00 00 00 00 00 00 
           008            07 0A 00 00 00 00 00 00 
           00A            00 7E 00 00 00 00 00 00 
           009            42 87 00 00 00 00 00 00 
           008            02 AA 00 00 00 00 00 00 
           020            00 AB 02 00 00 00 00 00 
           009            42 87 00 00 00 00 00 00 
           008            08 0A 00 00 00 00 00 00 
           00A            00 7E 00 00 00 00 00 00 
           009            42 87 00 00 00 00 00 00 
           008            09 0A 00 00 00 00 00 00 
           008            00 BC 02 00 00 00 00 00 
           009            42 87 00 00 00 00 00 00 
           00A            00 7E 00 00 00 00 00 00 
           008            0B 0A 00 00 00 00 00 00 
           008            03 AA 00 00 00 00 00 00 
           021            00 AB 03 00 00 00 00 00 
           009            42 87 00 00 00 00 00 00 
           00A            00 7E 00 00 00 00 00 00 
           008            0C 0A 00 00 00 00 00 00 
           009            42 87 00 00 00 00 00 00 
           008            0D 0A 00 00 00 00 00 00 
           00A            00 7E 00 00 00 00 00 00 
           009            42 87 00 00 00 00 00 00 
           008            04 AA 00 00 00 00 00 00 
           022            00 AB 04 00 00 00 00 00 
           009            42 87 00 00 00 00 00 00 
           008            0E 0A 00 00 00 00 00 00 
           00A            00 7E 00 00 00 00 00 00 
           009            42 87 00 00 00 00 00 00 
           008            0F 0A 00 00 00 00 00 00 
           009            42 87 00 00 00 00 00 00 
           008            01 AA 00 00 00 00 00 00 
           01F            00 AB 01 00 00 00 00 00 
           00A            00 7E 00 00 00 00 00 00 
           009            42 87 00 00 00 00 00 00 
           008            10 0A 00 00 00 00 00 00 
           009            42 87 00 00 00 00 00 00 
           008            00 82 00 00 00 00 00 00 
           009            42 87 00 00 00 00 00 00 
           00A            00 7E 00 00 00 00 00 00 
           008            02 AA 00 00 00 00 00 00 
           020            00 AB 02 00 00 00 00 00 
           009            42 87 00 00 00 00 00 00 
           008            00 83 00 00 00 00 00 00 
           00A            00 7E 00 00 00 00 00 00 
           009            42 87 00 00 00 00 00 00 
           008            00 84 00 00 00 00 00 00 
           009            42 87 00 00 00 00 00 00 
           008            03 AA 00 00 00 00 00 00 
           021            00 AB 03 00 00 00 00 00 
           009            42 87 00 00 00 00 00 00 
           00A            00 7E 00 00 00 00 00 00 
           008            00 85 00 00 00 20 20 32 
           009            42 87 00 00 00 00 00 00 
           008            00 86 00 00 00 02 01 05 
           00A            00 7E 00 00 00 00 00 00 
           009            42 87 00 00 00 00 00 00 
           008            14 0A 10 05 05 19 18 01 
           009            42 87 00 00 00 00 00 00 
           008            00 BC 02 00 00 00 00 00 
           00A            00 7E 00 00 00 00 00 00 
           009            42 87 00 00 00 00 00 00 
           008            04 AA 00 00 00 00 00 00 
           022            00 AB 04 00 00 00 00 00 
           009            42 87 00 00 00 00 00 00 
           008            00 01 02 03 00 02 02 00 
           00A            00 7E 00 00 00 00 00 00 
           009            42 87 00 00 00 00 00 00 
           008            01 0A 00 00 00 00 00 00 
           009            42 87 00 00 00 00 00 00 
           008            01 AA 00 00 00 00 00 00 
           01F            00 AB 01 00 00 00 00 00 
           00A            00 7E 00 00 00 00 00 00 
           009            42 87 00 00 00 00 00 00 
           008            02 0A 00 00 00 00 00 00 
           009            42 87 00 00 00 00 00 00 
           008            00 01 02 03 00 02 06 00 
           00A            00 7E 00 00 00 00 00 00 
           009            42 87 00 00 00 00 00 00 
           008            03 0A 00 00 00 00 00 00 
           009            42 87 00 00 00 00 00 00 
           008            02 AA 00 00 00 00 00 00 
           009            42 87 00 00 00 00 00 00 
           00A            00 7E 00 00 00 00 00 00 
           008            04 0A 04 00 00 01 02 20 
           009            42 87 00 00 00 00 00 00 
           008            05 0A 00 00 00 00 00 00 
           00A            00 7E 00 00 00 00 00 00 
           009            42 87 00 00 00 00 00 00 
           008            14 0A 10 05 05 19 18 01 
           009            42 87 00 00 00 00 00 00 
           008            06 0A 00 00 00 00 00 00 
           00A            00 7E 00 00 00 00 00 00 
           009            42 87 00 00 00 00 00 00 
           008            07 0A 00 00 00 00 00 00 
           009            42 87 00 00 00 00 00 00 
           008            03 AA 00 00 00 00 00 00 
           021            00 AB 03 00 00 00 00 00 
           00A            00 7E 00 00 00 00 00 00 
           009            42 87 00 00 00 00 00 00 
           008            08 0A 00 00 00 00 00 00 
           009            42 87 00 00 00 00 00 00 
           008            09 0A 00 00 00 00 00 00 
           00A            00 7E 00 00 00 00 00 00 
           009            42 87 00 00 00 00 00 00 
           009            42 87 00 00 00 00 00 00 
           008            0A 0A FF AC 02 19 18 02 
           009            42 87 00 00 00 00 00 00 
           008            0B 0A 00 00 00 00 00 00 
           00A            00 7E 00 00 00 00 00 00 
           009            42 87 00 00 00 00 00 00 
           008            04 AA 00 00 00 00 00 00 
           022            00 AB 04 00 00 00 00 00 
           009            42 87 00 00 00 00 00 00 
           008            0C 0A 00 00 00 00 00 00 
           00A            00 7E 00 00 00 00 00 00 
           009            42 87 00 00 00 00 00 00 
           008            0D 0A 00 00 00 00 00 00 
           009            42 87 00 00 00 00 00 00 
           008            01 AA 00 00 00 00 00 00 
           01F            00 AB 01 00 00 00 00 00 
           00A            00 7E 00 00 00 00 00 00 
           009            42 87 00 00 00 00 00 00 
           008            0E 0A 00 00 00 00 00 00 
           009            42 87 00 00 00 00 00 00 
           008            0F 0A 00 00 00 00 00 00 
           00A            00 7E 00 00 00 00 00 00 
           009            42 87 00 00 00 00 00 00 
           008            02 AA 00 00 00 00 00 00 
           009            42 87 00 00 00 00 00 00 
           020            00 AB 02 00 00 00 00 00 
           00A            00 7E 00 00 00 00 00 00 
           009            42 87 00 00 00 00 00 00 
           008            00 82 00 00 00 00 00 00 
           009            42 87 00 00 00 00 00 00 
           008            03 AA 00 00 00 00 00 00 
           021            00 AB 03 00 00 00 00 00 
           00A            00 7E 00 00 00 00 00 00 
           009            42 87 00 00 00 00 00 00 
           008            00 83 00 00 00 00 00 00 
           009            42 87 00 00 00 00 00 00 
           008            00 84 00 00 00 00 00 00 
           00A            00 7E 00 00 00 00 00 00 
           009            42 87 00 00 00 00 00 00 
           008            04 AA 00 00 00 00 00 00 
           022            00 AB 04 00 00 00 00 00 
           009            42 87 00 00 00 00 00 00 
           008            00 85 00 00 00 20 20 32 
           00A            00 7E 00 00 00 00 00 00 
           009            42 87 00 00 00 00 00 00 
           008            00 86 00 00 00 02 01 05 
           009            42 87 00 00 00 00 00 00 
           008            14 0A 10 05 05 19 18 03 
           00A            00 7E 00 00 00 00 00 00 
           009            42 87 00 00 00 00 00 00 
           008            00 BC 02 00 00 00 00 00 
           009            42 87 00 00 00 00 00 00 
           008            01 AA 00 00 00 00 00 00 
           01F            00 AB 01 00 00 00 00 00 
           00A            00 7E 00 00 00 00 00 00 
           009            42 87 00 00 00 00 00 00 
           008            00 01 02 03 00 02 06 00 
           009            42 87 00 00 00 00 00 00 
           008            01 0A 00 00 00 00 00 00 
           00A            00 7E 00 00 00 00 00 00 
           009            42 87 00 00 00 00 00 00 
           008            02 AA 00 00 00 00 00 00 
           020            00 AB 02 00 00 00 00 00 
           009            42 87 00 00 00 00 00 00 
           008            02 0A 00 00 00 00 00 00 
           009            42 87 00 00 00 00 00 00 
           008            03 0A 00 00 00 00 00 00 
           009            42 87 00 00 00 00 00 00 
           008            03 AA 00 00 00 00 00 00 
           009            42 87 00 00 00 00 00 00 
           008            04 0A 04 00 00 01 02 20 
           009            42 87 00 00 00 00 00 00 
           008            05 0A 00 00 00 00 00 00 
           00A            00 7E 00 00 00 00 00 00 
           009            42 87 00 00 00 00 00 00 
           008            14 0A 10 05 05 19 18 04 
           009            42 87 00 00 00 00 00 00 
           008            06 0A 00 00 00 00 00 00 
           00A            00 7E 00 00 00 00 00 00 
           009            42 87 00 00 00 00 00 00 
           008            07 0A 00 00 00 00 00 00 
           009            42 87 00 00 00 00 00 00 
           008            04 AA 00 00 00 00 00 00 
           022            00 AB 04 00 00 00 00 00 
           00A            00 7E 00 00 00 00 00 00 
           009            42 87 00 00 00 00 00 00 
           008            08 0A 00 00 00 00 00 00 
           009            42 87 00 00 00 00 00 00 
           008            09 0A 00 00 00 00 00 00 
           009            42 87 00 00 00 00 00 00 
           00A            00 7E 00 00 00 00 00 00 
           008            00 BC 02 00 00 00 00 00 
           009            42 87 00 00 00 00 00 00 
           008            0A 0A FF C4 02 19 18 04 
           00A            00 7E 00 00 00 00 00 00 
           009            42 87 00 00 00 00 00 00 
           008            0B 0A 00 00 00 00 00 00 
           009            42 87 00 00 00 00 00 00 
           008            01 AA 00 00 00 00 00 00 
           01F            00 AB 01 00 00 00 00 00 
           00A            00 7E 00 00 00 00 00 00 
           009            42 87 00 00 00 00 00 00 
           008            0C 0A 00 00 00 00 00 00 
           009            42 87 00 00 00 00 00 00 
           008            0D 0A 00 00 00 00 00 00 
           00A            00 7E 00 00 00 00 00 00 
           009            42 87 00 00 00 00 00 00 
           008            02 AA 00 00 00 00 00 00 
           009            42 87 00 00 00 00 00 00 
           008            0E 0A 00 00 00 00 00 00 
           00A            00 7E 00 00 00 00 00 00 
           009            42 87 00 00 00 00 00 00 
           020            00 AB 02 00 00 00 00 00 
           008            03 AA 00 00 00 00 00 00 
           009            42 87 00 00 00 00 00 00 
           021            00 AB 03 00 00 00 00 00 
           00A            00 7E 00 00 00 00 00 00 
           008            10 0A 00 00 00 00 00 00 
           009            42 87 00 00 00 00 00 00 
           008            00 82 00 00 00 00 00 00 
           009            42 87 00 00 00 00 00 00 
           00A            00 7E 00 00 00 00 00 00 
           008            04 AA 00 00 00 00 00 00 
           022            00 AB 04 00 00 00 00 00 
           009            42 87 00 00 00 00 00 00 
           008            00 83 00 00 00 00 00 00 
           009            42 87 00 00 00 00 00 00 
           00A            00 7E 00 00 00 00 00 00 
           008            00 84 00 00 00 00 00 00 
           009            42 87 00 00 00 00 00 00 
           008            01 AA 00 00 00 00 00 00 
           009            42 87 00 00 00 00 00 00 
           01F            00 AB 01 00 00 00 00 00 
           00A            00 7E 00 00 00 00 00 00 
           008            00 85 00 00 00 20 20 32 
           009            42 87 00 00 00 00 00 00 
           008            00 86 00 00 00 02 01 05 
           009            42 87 00 00 00 00 00 00 
           00A            00 7E 00 00 00 00 00 00 
           008            14 0A 10 05 05 19 18 05 
           009            42 87 00 00 00 00 00 00 
           008            00 BC 02 00 00 00 00 00 
           009            42 87 00 00 00 00 00 00 
           00A            00 7E 00 00 00 00 00 00 
           008            02 AA 00 00 00 00 00 00 
           009            42 87 00 00 00 00 00 00 
           020            00 AB 02 00 00 00 00 00 
           008            00 01 02 03 00 02 06 00 
           00A            00 7E 00 00 00 00 00 00 
           008            01 0A 00 00 00 00 00 00 
           008            03 AA 00 00 00 00 00 00 
           021            00 AB 03 00 00 00 00 00 
           009            42 87 00 00 00 00 00 00 
           00A            00 7E 00 00 00 00 00 00 
           008            02 0A 00 00 00 00 00 00 
           008            03 0A 00 00 00 00 00 00 
           009            42 87 00 00 00 00 00 00 
           009            42 87 00 00 00 00 00 00 
           00A            00 7E 00 00 00 00 00 00 
           008            04 AA 00 00 00 00 00 00 
           022            00 AB 04 00 00 00 00 00 
           009            42 87 00 00 00 00 00 00 
           008            04 0A 04 00 00 01 02 20 
           00A            00 7E 00 00 00 00 00 00 
           009            42 87 00 00 00 00 00 00 
           008            05 0A 00 00 00 00 00 00 
           009            42 87 00 00 00 00 00 00 
           008            14 0A 10 05 05 19 18 05 
           00A            00 7E 00 00 00 00 00 00 
           009            42 87 00 00 00 00 00 00 
           008            06 0A 00 00 00 00 00 00 
           009            42 87 00 00 00 00 00 00 
           008            07 0A 00 00 00 00 00 00 
           00A            00 7E 00 00 00 00 00 00 
           009            42 87 00 00 00 00 00 00 
           008            01 AA 00 00 00 00 00 00 
           01F            00 AB 01 00 00 00 00 00 
           009            42 87 00 00 00 00 00 00 
           008            08 0A 00 00 00 00 00 00 
           00A            00 7E 00 00 00 00 00 00 
           009            42 87 00 00 00 00 00 00 
           008            09 0A 00 00 00 00 00 00 
           009            42 87 00 00 00 00 00 00 
           008            00 BC 02 00 00 00 00 00 
           009            42 87 00 00 00 00 00 00 
           008            0A 0A FF C3 02 19 18 06 
           009            42 87 00 00 00 00 00 00 
           008            0B 0A 00 00 00 00 00 00 
           00A            00 7E 00 00 00 00 00 00 
           009            42 87 00 00 00 00 00 00 
           008            02 AA 00 00 00 00 00 00 
           009            42 87 00 00 00 00 00 00 
           008            0C 0A 00 00 00 00 00 00 
           00A            00 7E 00 00 00 00 00 00 
           009            42 87 00 00 00 00 00 00 
           008            0D 0A 00 00 00 00 00 00 
           009            42 87 00 00 00 00 00 00 
           008            03 AA 00 00 00 00 00 00 
           021            00 AB 03 00 00 00 00 00 
           00A            00 7E 00 00 00 00 00 00 
           009            42 87 00 00 00 00 00 00 
           008            0E 0A 00 00 00 00 00 00 
           009            42 87 00 00 00 00 00 00 
           008            0F 0A 00 00 00 00 00 00 
           00A            00 7E 00 00 00 00 00 00 
           009            42 87 00 00 00 00 00 00 
           008            04 AA 00 00 00 00 00 00 
           022            00 AB 04 00 00 00 00 00 
           009            42 87 00 00 00 00 00 00 
           008            10 0A 00 00 00 00 00 00 
           00A            00 7E 00 00 00 00 00 00 
           009            42 87 00 00 00 00 00 00 
           008            00 82 00 00 00 00 00 00 
           009            42 87 00 00 00 00 00 00 
           008            01 AA 00 00 00 00 00 00 
           00A            00 7E 00 00 00 00 00 00 
           009            42 87 00 00 00 00 00 00 
           008            00 83 00 00 00 00 00 00 
           009            42 87 00 00 00 00 00 00 
           008            00 84 00 00 00 00 00 00 
           00A            00 7E 00 00 00 00 00 00 
           009            42 87 00 00 00 00 00 00 
           008            02 AA 00 00 00 00 00 00 
           020            00 AB 02 00 00 00 00 00 
           009            42 87 00 00 00 00 00 00 
           008            00 85 00 00 00 20 20 32 
           009            42 87 00 00 00 00 00 00 
           00A            00 7E 00 00 00 00 00 00 
           008            00 86 00 00 00 02 01 05 
           009            42 87 00 00 00 00 00 00 
           008            14 0A 10 05 05 19 18 07 
           009            42 87 00 00 00 00 00 00 
           00A            00 7E 00 00 00 00 00 00 
           008            00 BC 02 00 00 00 00 00 
           009            42 87 00 00 00 00 00 00 
           008            03 AA 00 00 00 00 00 00 
           00A            00 7E 00 00 00 00 00 00 
           021            00 AB 03 00 00 00 00 00 
           009            42 87 00 00 00 00 00 00 
           008            00 01 02 03 00 02 06 00 
           009            42 87 00 00 00 00 00 00 
           008            01 0A 00 00 00 00 00 00 
           00A            00 7E 00 00 00 00 00 00 
           009            42 87 00 00 00 00 00 00 
           008            04 AA 00 00 00 00 00 00 
           022            00 AB 04 00 00 00 00 00 
           009            42 87 00 00 00 00 00 00 
           008            02 0A 00 00 00 00 00 00 
           009            42 87 00 00 00 00 00 00 
           00A            00 7E 00 00 00 00 00 00 
           008            03 0A 00 00 00 00 00 00 
           009            42 87 00 00 00 00 00 00 
           008            01 AA 00 00 00 00 00 00 
           01F            00 AB 01 00 00 00 00 00 
           009            42 87 00 00 00 00 00 00 
           008            04 0A 04 00 00 01 02 20 
           009            42 87 00 00 00 00 00 00 
           008            05 0A 00 00 00 00 00 00 
           009            42 87 00 00 00 00 00 00 
           008            14 0A 10 05 05 19 18 07 
           009            42 87 00 00 00 00 00 00 
           008            06 0A 00 00 00 00 00 00 
           00A            00 7E 00 00 00 00 00 00 
           009            42 87 00 00 00 00 00 00 
           008            07 0A 00 00 00 00 00 00 
           009            42 87 00 00 00 00 00 00 
           008            02 AA 00 00 00 00 00 00 
           020            00 AB 02 00 00 00 00 00 
           00A            00 7E 00 00 00 00 00 00 
           009            42 87 00 00 00 00 00 00 
           008            08 0A 00 00 00 00 00 00 
           009            42 87 00 00 00 00 00 00 
           008            09 0A 00 00 00 00 00 00 
           009            42 87 00 00 00 00 00 00 
           00A            00 7E 00 00 00 00 00 00 
           008            00 BC 02 00 00 00 00 00 
           009            42 87 00 00 00 00 00 00 
           008            0A 0A FF C3 02 19 18 08 
           00A            00 7E 00 00 00 00 00 00 
           009            42 87 00 00 00 00 00 00 
           008            0B 0A 00 00 00 00 00 00 
           009            42 87 00 00 00 00 00 00 
           008            03 AA 00 00 00 00 00 00 
           021            00 AB 03 00 00 00 00 00 
           00A            00 7E 00 00 00 00 00 00 
           009            42 87 00 00 00 00 00 00 
           008            0C 0A 00 00 00 00 00 00 
           009            42 87 00 00 00 00 00 00 
           008            0D 0A 00 00 00 00 00 00 
           00A            00 7E 00 00 00 00 00 00 
           009            42 87 00 00 00 00 00 00 
           008            04 AA 00 00 00 00 00 00 
           022            00 AB 04 00 00 00 00 00 
           009            42 87 00 00 00 00 00 00 
           008            0E 0A 00 00 00 00 00 00 
           00A            00 7E 00 00 00 00 00 00 
           009            42 87 00 00 00 00 00 00 
           008            0F 0A 00 00 00 00 00 00 
           009            42 87 00 00 00 00 00 00 
           008            01 AA 00 00 00 00 00 00 
           01F            00 AB 01 00 00 00 00 00 
           00A            00 7E 00 00 00 00 00 00 
           009            42 87 00 00 00 00 00 00 
           008            10 0A 00 00 00 00 00 00 
           009            42 87 00 00 00 00 00 00 
           008            00 82 00 00 00 00 00 00 
           00A            00 7E 00 00 00 00 00 00 
           009            42 87 00 00 00 00 00 00 
           008            02 AA 00 00 00 00 00 00 
           009            42 87 00 00 00 00 00 00 
           020            00 AB 02 00 00 00 00 00 
           008            00 83 00 00 00 00 00 00 
           00A            00 7E 00 00 00 00 00 00 
           009            42 87 00 00 00 00 00 00 
           008            00 84 00 00 00 00 00 00 
           009            42 87 00 00 00 00 00 00 
           008            03 AA 00 00 00 00 00 00 
           021            00 AB 03 00 00 00 00 00 
           008            00 85 00 00 00 20 20 32 
           009            42 87 00 00 00 00 00 00 
           008            00 86 00 00 00 02 01 05 
           00A            00 7E 00 00 00 00 00 00 
           008            14 0A 10 05 05 19 18 08 
           008            00 BC 02 00 00 00 00 00 
           00A            00 7E 00 00 00 00 00 00 
           008            04 AA 00 00 00 00 00 00 
           009            42 87 00 00 00 00 00 00 
           022            00 AB 04 00 00 00 00 00 
           008            00 01 02 03 00 02 06 00 
           009            42 87 00 00 00 00 00 00 
           00A            00 7E 00 00 00 00 00 00 
           008            01 0A 00 00 00 00 00 00 
           009            42 87 00 00 00 00 00 00 
           008            01 AA 00 00 00 00 00 00 
           009            42 87 00 00 00 00 00 00 
           01F            00 AB 01 00 00 00 00 00 
           00A            00 7E 00 00 00 00 00 00 
           00A            00 7E 00 00 00 00 00 00 
           008            00 82 00 01 00 00 00 00 
           009            42 87 00 00 00 00 00 00 
           008            00 01 02 03 00 02 0E 00 
           009            42 87 00 00 00 00 00 00 
           00A            00 7E 00 00 00 00 00 00 
           008            02 0A 00 00 00 00 00 00 
           009            42 87 00 00 00 00 00 00 
           008            03 0A 00 00 00 00 00 00 
           009            42 87 00 00 00 00 00 00 
           00A            00 7E 00 00 00 00 00 00 
           008            02 AA 00 00 00 00 00 00 
           009            42 87 00 00 00 00 00 00 
           020            00 AB 02 00 00 00 00 00 
           008            04 0A 04 00 00 01 02 20 
           009            42 87 00 00 00 00 00 00 
           00A            00 7E 00 00 00 00 00 00 
           008            05 0A 00 00 00 00 00 00 
           009            42 87 00 00 00 00 00 00 
           008            14 0A 10 05 05 19 18 09 
           009            42 87 00 00 00 00 00 00 
           00A            00 7E 00 00 00 00 00 00 
           008            06 0A 00 00 00 00 00 00 
           009            42 87 00 00 00 00 00 00 
           008            07 0A 00 00 00 00 00 00 
           009            42 87 00 00 00 00 00 00 
           00A            00 7E 00 00 00 00 00 00 
           008            03 AA 00 00 00 00 00 00 
           009            42 87 00 00 00 00 00 00 
           008            08 0A 00 00 00 00 00 00 
           009            42 87 00 00 00 00 00 00 
           00A            00 7E 00 00 00 00 00 00 
           008            09 0A 00 00 00 00 00 00 
           009            42 87 00 00 00 00 00 00 
           008            00 BC 02 00 00 00 00 00 
           009            42 87 00 00 00 00 00 00 
           00A            00 7E 00 00 00 00 00 00 
           021            00 AB 03 00 00 00 00 00 
           008            04 0A 04 00 00 00 02 20 
           009            42 87 00 00 00 00 00 00 
           008            00 01 02 00 00 02 0E 00 
           009            42 87 00 00 00 00 00 00 
           00A            00 7E 00 00 00 00 00 00 
           008            0A 0A 00 00 02 19 18 09 
           009            42 87 00 00 00 00 00 00 
           008            0B 0A 00 00 00 00 00 00 
           00A            00 7E 00 00 00 00 00 00 
           009            42 87 00 00 00 00 00 00 
           008            04 AA 00 00 00 00 00 00 
           022            00 AB 04 00 00 00 00 00 
           009            42 87 00 00 00 00 00 00 
           008            0C 0A 00 00 00 00 00 00 
           009            42 87 00 00 00 00 00 00 
           00A            00 7E 00 00 00 00 00 00 
           008            0D 0A 00 00 00 00 00 00 
           009            42 87 00 00 00 00 00 00 
           008            01 AA 00 00 00 00 00 00 
           009            42 87 00 00 00 00 00 00 
           01F            00 AB 01 00 00 00 00 00 
           00A            00 7E 00 00 00 00 00 00 
           008            0E 0A 00 00 00 00 00 00 
           009            42 87 00 00 00 00 00 00 
           008            0F 0A 00 00 00 00 00 00 
           009            42 87 00 00 00 00 00 00 
           00A            00 7E 00 00 00 00 00 00 
           008            02 AA 00 00 00 00 00 00 
           009            42 87 00 00 00 00 00 00 
           020            00 AB 02 00 00 00 00 00 
           008            10 0A 00 00 00 00 00 00 
           009            42 87 00 00 00 00 00 00 
           00A            00 7E 00 00 00 00 00 00 
           008            00 82 00 01 00 00 00 00 
           009            42 87 00 00 00 00 00 00 
           008            00 01 02 00 00 02 0C 00 
           009            42 87 00 00 00 00 00 00 
           00A            00 7E 00 00 00 00 00 00 
           008            03 AA 00 00 00 00 00 00 
           009            42 87 00 00 00 00 00 00 
           021            00 AB 03 00 00 00 00 00 
           008            00 83 00 00 00 00 00 00 
           009            42 87 00 00 00 00 00 00 
           00A            00 7E 00 00 00 00 00 00 
           008            00 84 00 00 00 00 00 00 
           009            42 87 00 00 00 00 00 00 
           008            04 AA 00 00 00 00 00 00 
           009            42 87 00 00 00 00 00 00 
           022            00 AB 04 00 00 00 00 00 
           00A            00 7E 00 00 00 00 00 00 
           008            00 85 00 00 00 20 20 32 
           009            42 87 00 00 00 00 00 00 
           008            00 86 00 00 00 02 01 05 
           009            42 87 00 00 00 00 00 00 
           00A            00 7E 00 00 00 00 00 00 
           008            14 0A 10 05 05 19 18 10 
           009            42 87 00 00 00 00 00 00 
           008            00 BC 02 00 00 00 00 00 
           009            42 87 00 00 00 00 00 00 
           00A            00 7E 00 00 00 00 00 00 
           008            01 AA 00 00 00 00 00 00 
           009            42 87 00 00 00 00 00 00 
           01F            00 AB 01 00 00 00 00 00 
           008            00 01 02 00 00 02 0C 00 
           009            42 87 00 00 00 00 00 00 
           00A            00 7E 00 00 00 00 00 00 
           008            04 0A 04 20 00 00 02 20 
           009            42 87 00 00 00 00 00 00 
           008            10 82 00 01 00 00 00 00 
           009            42 87 00 00 00 00 00 00 
           00A            00 7E 00 00 00 00 00 00 
           008            00 01 02 08 00 02 0C 00 
           009            42 87 00 00 00 00 00 00 
           008            01 0A 00 00 00 00 00 00 
           009            42 87 00 00 00 00 00 00 
           00A            00 7E 00 00 00 00 00 00 
           008            02 AA 00 00 00 00 00 00 
           009            42 87 00 00 00 00 00 00 
           020            00 AB 02 00 00 00 00 00 
           008            02 0A 00 00 00 00 00 00 
           009            43 87 00 00 00 00 00 00 
           00A            00 7E 00 00 00 00 00 00 
           008            00 86 00 00 00 02 01 01 
           009            43 87 00 00 00 00 00 00 
           008            03 0A 00 00 00 00 00 00 
           009            43 87 00 00 00 00 00 00 
           00A            00 7E 00 00 00 00 00 00 
           008            00 86 00 00 00 02 01 00 
           009            43 87 00 00 00 00 00 00 
           008            03 AA 00 00 00 00 00 00 
           009            43 87 00 00 00 00 00 00 
           021            00 AB 03 00 00 00 00 00 
           00A            00 7E 00 00 00 00 00 00 
           008            04 0A 04 20 00 00 02 20 
           009            43 87 00 00 00 00 00 00 
           008            05 0A 00 00 00 00 00 00 
           009            43 87 00 00 00 00 00 00 
           00A            00 7E 00 00 00 00 00 00 
           008            14 0A 10 05 05 19 18 11 
           009            43 87 00 00 00 00 00 00 
           008            06 0A 00 00 00 00 00 00 
           009            43 87 00 00 00 00 00 00 
           00A            00 7E 00 00 00 00 00 00 
           008            07 0A 00 00 00 00 00 00 
           009            41 87 00 00 00 00 00 00 
           008            00 86 00 00 00 02 01 02 
           009            41 87 00 00 00 00 00 00 
           00A            00 7E 00 00 00 00 00 00 
           008            00 01 02 00 00 02 0C 00 
           009            41 87 00 00 00 00 00 00 
           008            04 0A 04 00 00 00 02 20 
           009            41 87 00 00 00 00 00 00 
           00A            00 7E 00 00 00 00 00 00 
           008            00 82 00 01 00 00 00 00 
           009            41 87 00 00 00 00 00 00 
           008            04 AA 00 00 00 00 00 00 
           009            41 87 00 00 00 00 00 00 
           022            00 AB 04 00 00 00 00 00 
           00A            00 7E 00 00 00 00 00 00 
           008            08 0A 00 00 00 00 00 00 
           009            41 87 00 00 00 00 00 00 
           008            09 0A 00 00 00 00 00 00 
           009            41 87 00 00 00 00 00 00 
           00A            00 7E 00 00 00 00 00 00 
           008            01 BC 02 00 00 00 00 00 
           009            41 87 00 00 00 00 00 00 
           008            0A 0A 00 00 02 19 18 12 
           009            41 87 00 00 00 00 00 00 
           00A            00 7E 00 00 00 00 00 00 
           008            0B 0A 00 00 00 00 00 00 
           009            41 87 00 00 00 00 00 00 
           008            01 AA 00 00 00 00 00 00 
           009            41 87 00 00 00 00 00 00 
           01F            00 AB 01 00 00 00 00 00 
           00A            00 7E 00 00 00 00 00 00 
           008            0C 0A 00 00 00 00 00 00 
           009            41 87 00 00 00 00 00 00 
           008            0D 0A 00 00 00 00 00 00 
           009            41 87 00 00 00 00 00 00 
           00A            00 7E 00 00 00 00 00 00 
           008            02 AA 00 00 00 00 00 00 
           009            41 87 00 00 00 00 00 00 
           020            00 AB 02 00 00 00 00 00 
           008            0E 0A 00 00 00 00 00 00 
           009            41 87 00 00 00 00 00 00 
           00A            00 7E 00 00 00 00 00 00 
           008            0F 0A 00 00 00 00 00 00 
           009            41 87 00 00 00 00 00 00 
           008            03 AA 00 00 00 00 00 00 
           009            41 87 00 00 00 00 00 00 
           021            00 AB 03 00 00 00 00 00 
           00A            00 7E 00 00 00 00 00 00 
           008            10 0A 00 00 00 00 00 00 
           009            41 87 00 00 00 00 00 00 
           008            00 82 00 01 00 00 00 00 
           009            41 87 00 00 00 00 00 00 
           00A            00 7E 00 00 00 00 00 00 
           008            04 AA 00 00 00 00 00 00 
           009            41 87 00 00 00 00 00 00 
           022            00 AB 04 00 00 00 00 00 
           008            00 83 00 00 00 00 00 00 
           009            41 87 00 00 00 00 00 00 
           00A            00 7E 00 00 00 00 00 00 
           008            00 84 00 00 00 00 00 00 
           009            41 87 00 00 00 00 00 00 
           008            01 AA 00 00 00 00 00 00 
           009            41 87 00 00 00 00 00 00 
           01F            00 AB 01 00 00 00 00 00 
           00A            00 7E 00 00 00 00 00 00 
           008            00 85 00 00 00 20 20 32 
           009            41 87 00 00 00 00 00 00 
           008            00 86 00 00 00 02 01 02 
           009            41 87 00 00 00 00 00 00 
           00A            00 7E 00 00 00 00 00 00 
           008            14 0A 10 05 05 19 18 13 
           009            41 87 00 00 00 00 00 00 
           008            01 BC 02 00 00 00 00 00 
           009            41 87 00 00 00 00 00 00 
           00A            00 7E 00 00 00 00 00 00 
           008            02 AA 00 00 00 00 00 00 
           009            41 87 00 00 00 00 00 00 
           020            00 AB 02 00 00 00 00 00 
           008            00 01 02 00 00 02 0C 00 
           009            41 87 00 00 00 00 00 00 
           00A            00 7E 00 00 00 00 00 00 
           008            01 0A 00 00 00 00 00 00 
           009            41 87 00 00 00 00 00 00 
           008            03 AA 00 00 00 00 00 00 
           009            41 87 00 00 00 00 00 00 
           021            00 AB 03 00 00 00 00 00 
           00A            00 7E 00 00 00 00 00 00 
           008            02 0A 00 00 00 00 00 00 
           009            41 87 00 00 00 00 00 00 
           008            03 0A 00 00 00 00 00 00 
           009            41 87 00 00 00 00 00 00 
           00A            00 7E 00 00 00 00 00 00 
           008            04 AA 00 00 00 00 00 00 
           009            41 87 00 00 00 00 00 00 
           022            00 AB 04 00 00 00 00 00 
           008            04 0A 04 00 00 00 02 20 
           009            41 87 00 00 00 00 00 00 
           00A            00 7E 00 00 00 00 00 00 
           008            05 0A 00 00 00 00 00 00 
           009            41 87 00 00 00 00 00 00 
           008            14 0A 10 05 05 19 18 13 
           009            41 87 00 00 00 00 00 00 
           00A            00 7E 00 00 00 00 00 00 
           008            06 0A 00 00 00 00 00 00 
           009            41 87 00 00 00 00 00 00 
           008            07 0A 00 00 00 00 00 00 
           009            41 87 00 00 00 00 00 00 
           00A            00 7E 00 00 00 00 00 00 
           008            01 AA 00 00 00 00 00 00 
           009            41 87 00 00 00 00 00 00 
           01F            00 AB 01 00 00 00 00 00 
           008            08 0A 00 00 00 00 00 00 
           009            41 87 00 00 00 00 00 00 
           00A            00 7E 00 00 00 00 00 00 
           008            09 0A 00 00 00 00 00 00 
           009            41 87 00 00 00 00 00 00 
           008            01 BC 02 00 00 00 00 00 
           009            41 87 00 00 00 00 00 00 
           00A            00 7E 00 00 00 00 00 00 
           008            0A 0A 00 00 02 19 18 13 
           009            41 87 00 00 00 00 00 00 
           008            0B 0A 00 00 00 00 00 00 
           009            41 87 00 00 00 00 00 00 
           00A            00 7E 00 00 00 00 00 00 
           008            02 AA 00 00 00 00 00 00 
           009            41 87 00 00 00 00 00 00 
           020            00 AB 02 00 00 00 00 00 
           008            0C 0A 00 00 00 00 00 00 
           009            41 87 00 00 00 00 00 00 
           00A            00 7E 00 00 00 00 00 00 
           008            0D 0A 00 00 00 00 00 00 
           009            41 87 00 00 00 00 00 00 
           008            03 AA 00 00 00 00 00 00 
           009            41 87 00 00 00 00 00 00 
           021            00 AB 03 00 00 00 00 00 
           00A            00 7E 00 00 00 00 00 00 
           008            0E 0A 00 00 00 00 00 00 
           009            41 87 00 00 00 00 00 00 
           008            0F 0A 00 00 00 00 00 00 
           009            41 87 00 00 00 00 00 00 
           00A            00 7E 00 00 00 00 00 00 
           008            04 AA 00 00 00 00 00 00 
           009            41 87 00 00 00 00 00 00 
           022            00 AB 04 00 00 00 00 00 
           008            10 0A 00 00 00 00 00 00 
           009            41 87 00 00 00 00 00 00 
           00A            00 7E 00 00 00 00 00 00 
           008            00 82 00 01 00 00 00 00 
           009            41 87 00 00 00 00 00 00 
           008            01 AA 00 00 00 00 00 00 
           009            41 87 00 00 00 00 00 00 
           01F            00 AB 01 00 00 00 00 00 
           00A            00 7E 00 00 00 00 00 00 
           008            00 83 00 00 00 00 00 00 
           009            41 87 00 00 00 00 00 00 
           008            00 84 00 00 00 00 00 00 
           009            41 87 00 00 00 00 00 00 
           00A            00 7E 00 00 00 00 00 00 
           008            02 AA 00 00 00 00 00 00 
           009            41 87 00 00 00 00 00 00 
           020            00 AB 02 00 00 00 00 00 
           008            00 85 00 00 00 20 20 32 
           009            41 87 00 00 00 00 00 00 
           00A            00 7E 00 00 00 00 00 00 
           008            00 86 00 00 00 02 01 02 
           009            41 87 00 00 00 00 00 00 
           008            08 82 00 01 00 00 00 00 
           009            41 87 00 00 00 00 00 00 
           00A            00 7E 00 00 00 00 00 00 
           008            00 01 02 10 00 02 0C 00 
           009            41 87 00 00 00 00 00 00 
           008            04 0A 04 40 00 00 02 20 
           009            41 87 00 00 00 00 00 00 
           00A            00 7E 00 00 00 00 00 00 
           008            14 0A 10 05 05 19 18 14 
           009            43 87 00 00 00 00 00 00 
           008            00 86 00 00 00 02 01 00 
           009            43 87 00 00 00 00 00 00 
           00A            00 7E 00 00 00 00 00 00 
           008            01 BC 02 00 00 00 00 00 
           009            43 87 00 00 00 00 00 00 
           008            03 AA 00 00 00 00 00 00 
           009            43 87 00 00 00 00 00 00 
           021            00 AB 03 00 00 00 00 00 
           00A            00 7E 00 00 00 00 00 00 
           008            00 01 02 10 00 02 0C 00 
           009            43 87 00 00 00 00 00 00 
           008            01 0A 00 00 00 00 00 00 
           009            43 87 00 00 00 00 00 00 
           00A            00 7E 00 00 00 00 00 00 
           008            04 AA 00 00 00 00 00 00 
           009            43 87 00 00 00 00 00 00 
           022            00 AB 04 00 00 00 00 00 
           008            00 86 00 00 00 02 01 01 
           009            43 87 00 00 00 00 00 00 
           00A            00 7E 00 00 00 00 00 00 
           008            02 0A 00 00 00 00 00 00 
           009            42 87 00 00 00 00 00 00 
           008            04 0A 04 00 00 00 02 20 
           009            42 87 00 00 00 00 00 00 
           00A            00 7E 00 00 00 00 00 00 
           008            00 82 00 01 00 00 00 00 
           009            42 87 00 00 00 00 00 00 
           008            00 86 00 00 00 02 01 05 
           009            42 87 00 00 00 00 00 00 
           00A            00 7E 00 00 00 00 00 00 
           008            00 01 02 00 00 02 0C 00 
           009            42 87 00 00 00 00 00 00 
           008            03 0A 00 00 00 00 00 00 
           009            42 87 00 00 00 00 00 00 
           00A            00 7E 00 00 00 00 00 00 
           008            01 AA 00 00 00 00 00 00 
           009            42 87 00 00 00 00 00 00 
           01F            00 AB 01 00 00 00 00 00 
           008            04 0A 04 00 00 00 02 20 
           009            42 87 00 00 00 00 00 00 
           00A            00 7E 00 00 00 00 00 00 
           008            05 0A 00 00 00 00 00 00 
           009            42 87 00 00 00 00 00 00 
           008            14 0A 10 05 05 19 18 15 
           009            42 87 00 00 00 00 00 00 
           00A            00 7E 00 00 00 00 00 00 
           008            06 0A 00 00 00 00 00 00 
           009            42 87 00 00 00 00 00 00 
           008            07 0A 00 00 00 00 00 00 
           009            42 87 00 00 00 00 00 00 
           00A            00 7E 00 00 00 00 00 00 
           008            02 AA 00 00 00 00 00 00 
           009            42 87 00 00 00 00 00 00 
           020            00 AB 02 00 00 00 00 00 
           008            08 0A 00 00 00 00 00 00 
           009            42 87 00 00 00 00 00 00 
           00A            00 7E 00 00 00 00 00 00 
           008            09 0A 00 00 00 00 00 00 
           009            42 87 00 00 00 00 00 00 
           008            01 BC 02 00 00 00 00 00 
           009            42 87 00 00 00 00 00 00 
           00A            00 7E 00 00 00 00 00 00 
           008            0A 0A 00 00 02 19 18 16 
           009            42 87 00 00 00 00 00 00 
           008            0B 0A 00 00 00 00 00 00 
           009            42 87 00 00 00 00 00 00 
           00A            00 7E 00 00 00 00 00 00 
           008            03 AA 00 00 00 00 00 00 
           009            42 87 00 00 00 00 00 00 
           021            00 AB 03 00 00 00 00 00 
           008            0C 0A 00 00 00 00 00 00 
           009            42 87 00 00 00 00 00 00 
           00A            00 7E 00 00 00 00 00 00 
           008            0D 0A 00 00 00 00 00 00 
           009            42 87 00 00 00 00 00 00 
           008            04 AA 00 00 00 00 00 00 
           009            42 87 00 00 00 00 00 00 
           022            00 AB 04 00 00 00 00 00 
           00A            00 7E 00 00 00 00 00 00 
           008            0E 0A 00 00 00 00 00 00 
           009            42 87 00 00 00 00 00 00 
           008            0F 0A 00 00 00 00 00 00 
           009            42 87 00 00 00 00 00 00 
           00A            00 7E 00 00 00 00 00 00 
           008            01 AA 00 00 00 00 00 00 
           009            42 87 00 00 00 00 00 00 
           01F            00 AB 01 00 00 00 00 00 
           008            10 0A 00 00 00 00 00 00 
           009            42 87 00 00 00 00 00 00 
           00A            00 7E 00 00 00 00 00 00 
           008            00 82 00 01 00 00 00 00 
           009            42 87 00 00 00 00 00 00 
