   
          009            42 87 00 00 00 00 00 00 
          009            42 87 00 00 00 00 00 00 
          009            42 87 00 00 00 00 00 00 
          009            42 87 00 00 00 00 00 00 
          009            42 87 00 00 00 00 00 00 
          009            42 87 00 00 00 00 00 00 
          009            42 87 00 00 00 00 00 00 
          009            42 87 00 00 00 00 00 00 
          009            42 87 00 00 00 00 00 00 
          009            42 87 00 00 00 00 00 00 
          009            42 87 00 00 00 00 00 00 
          009            42 87 00 00 00 00 00 00 
          009            42 87 00 00 00 00 00 00 
          009            42 87 00 00 00 00 00 00 
          009            42 87 00 00 00 00 00 00 
          009            42 87 00 00 00 00 00 00 
          009            42 87 00 00 00 00 00 00 
          009            42 87 00 00 00 00 00 00 
          009            42 87 00 00 00 00 00 00 
          009            42 87 00 00 00 00 00 00 
          009            42 87 00 00 00 00 00 00 
          009            42 87 00 00 00 00 00 00 
          009            42 87 00 00 00 00 00 00 
          009            42 87 00 00 00 00 00 00 
          009            42 87 00 00 00 00 00 00 
          009            42 87 00 00 00 00 00 00 
          009            42 87 00 00 00 00 00 00 
          009            42 87 00 00 00 00 00 00 
          009            42 87 00 00 00 00 00 00 
          009            42 87 00 00 00 00 00 00 
          009            42 87 00 00 00 00 00 00 
          009            42 87 00 00 00 00 00 00 
          009            42 87 00 00 00 00 00 00 
          009            42 87 00 00 00 00 00 00 
          009            42 87 00 00 00 00 00 00 
          009            42 87 00 00 00 00 00 00 
          009            42 87 00 00 00 00 00 00 
          009            42 87 00 00 00 00 00 00 
          009            42 87 00 00 00 00 00 00 
          009            42 87 00 00 00 00 00 00 
          009            42 87 00 00 00 00 00 00 
          009            42 87 00 00 00 00 00 00 
          008            01 0A 00 00 00 00 00 00 
          00A            00 7E 00 00 00 00 00 00 
          009            42 87 00 00 00 00 00 00 
          008            02 0A 00 00 00 00 00 00 
          009            42 87 00 00 00 00 00 00 
          008            03 0A 00 00 00 00 00 00 
          00A            00 7E 00 00 00 00 00 00 
          009            42 87 00 00 00 00 00 00 
          008            04 0A 04 00 00 00 03 20 
          009            42 87 00 00 00 00 00 00 
          008            05 0A 00 00 00 00 00 00 
          00A            00 7E 00 00 00 00 00 00 
          009            42 87 00 00 00 00 00 00 
          008            06 0A 00 00 00 00 00 00 
          009            42 87 00 00 00 00 00 00 
          008            07 0A 00 00 00 00 00 00 
          00A            00 7E 00 00 00 00 00 00 
          009            42 87 00 00 00 00 00 00 
          008            08 0A 00 00 00 00 00 00 
          009            42 87 00 00 00 00 00 00 
          008            09 0A 00 00 00 00 00 00 
          00A            00 7E 00 00 00 00 00 00 
          009            42 87 00 00 00 00 00 00 
          008            0A 0A 00 00 03 18 15 30 
          009            42 87 00 00 00 00 00 00 
          008            0B 0A 00 00 00 00 00 00 
          00A            00 7E 00 00 00 00 00 00 
          009            42 87 00 00 00 00 00 00 
          008            0C 0A 00 00 00 00 00 00 
          009            42 87 00 00 00 00 00 00 
          008            0D 0A 00 00 00 00 00 00 
          00A            00 7E 00 00 00 00 00 00 
          009            42 87 00 00 00 00 00 00 
          008            0E 0A 00 00 00 00 00 00 
          009            42 87 00 00 00 00 00 00 
          008            0F 0A 00 00 00 00 00 00 
          00A            00 7E 00 00 00 00 00 00 
          009            42 87 00 00 00 00 00 00 
          008            10 0A 00 00 00 00 00 00 
          009            42 87 00 00 00 00 00 00 
          008            00 82 00 00 00 00 00 00 
          00A            00 7E 00 00 00 00 00 00 
          009            42 87 00 00 00 00 00 00 
          008            00 83 00 00 00 00 00 00 
          009            42 87 00 00 00 00 00 00 
          008            00 84 00 00 00 00 00 00 
          00A            00 7E 00 00 00 00 00 00 
          009            42 87 00 00 00 00 00 00 
          008            00 85 00 00 00 20 20 33 
          009            42 87 00 00 00 00 00 00 
          008            00 86 00 00 00 03 01 05 
          00A            00 7E 00 00 00 00 00 00 
          009            42 87 00 00 00 00 00 00 
          008            00 01 03 00 00 03 08 00 
          009            42 87 00 00 00 00 00 00 
          008            00 01 03 00 00 03 08 00 
          00A            00 7E 00 00 00 00 00 00 
          009            42 87 00 00 00 00 00 00 
          008            01 0A 00 00 00 00 00 00 
          009            42 87 00 00 00 00 00 00 
          008            01 AA 00 00 00 00 00 00 
          01F            00 AB 01 00 00 00 00 00 
          00A            00 7E 00 00 00 00 00 00 
          009            42 87 00 00 00 00 00 00 
          008            02 0A 00 00 00 00 00 00 
          009            42 87 00 00 00 00 00 00 
          008            03 0A 00 00 00 00 00 00 
          00A            00 7E 00 00 00 00 00 00 
          009            42 87 00 00 00 00 00 00 
          008            02 AA 00 00 00 00 00 00 
          020            00 AB 02 00 00 00 00 00 
          009            42 87 00 00 00 00 00 00 
          008            04 0A 04 00 00 00 03 20 
          00A            00 7E 00 00 00 00 00 00 
          009            42 87 00 00 00 00 00 00 
          008            05 0A 00 00 00 00 00 00 
          009            42 87 00 00 00 00 00 00 
          008            14 0A 10 05 06 18 15 31 
          00A            00 7E 00 00 00 00 00 00 
          009            42 87 00 00 00 00 00 00 
          008            06 0A 00 00 00 00 00 00 
          009            42 87 00 00 00 00 00 00 
          008            07 0A 00 00 00 00 00 00 
          00A            00 7E 00 00 00 00 00 00 
          009            42 87 00 00 00 00 00 00 
          008            03 AA 00 00 00 00 00 00 
          021            00 AB 03 00 00 00 00 00 
          009            42 87 00 00 00 00 00 00 
          008            08 0A 00 00 00 00 00 00 
          00A            00 7E 00 00 00 00 00 00 
          009            42 87 00 00 00 00 00 00 
          008            09 0A 00 00 00 00 00 00 
          009            42 87 00 00 00 00 00 00 
          008            01 BC 03 00 00 00 00 00 
          00A            00 7E 00 00 00 00 00 00 
          009            42 87 00 00 00 00 00 00 
          008            0A 0A 00 00 03 18 15 32 
          009            42 87 00 00 00 00 00 00 
          008            0B 0A 00 00 00 00 00 00 
          00A            00 7E 00 00 00 00 00 00 
          009            42 87 00 00 00 00 00 00 
          008            04 AA 00 00 00 00 00 00 
          022            00 AB 04 00 00 00 00 00 
          009            42 87 00 00 00 00 00 00 
          008            0C 0A 00 00 00 00 00 00 
          00A            00 7E 00 00 00 00 00 00 
          009            42 87 00 00 00 00 00 00 
          008            0D 0A 00 00 00 00 00 00 
          009            42 87 00 00 00 00 00 00 
          008            01 AA 00 00 00 00 00 00 
          01F            00 AB 01 00 00 00 00 00 
          00A            00 7E 00 00 00 00 00 00 
          009            42 87 00 00 00 00 00 00 
          008            0E 0A 00 00 00 00 00 00 
          009            42 87 00 00 00 00 00 00 
          008            0F 0A 00 00 00 00 00 00 
          00A            00 7E 00 00 00 00 00 00 
          009            42 87 00 00 00 00 00 00 
          008            02 AA 00 00 00 00 00 00 
          020            00 AB 02 00 00 00 00 00 
          009            42 87 00 00 00 00 00 00 
          008            10 0A 00 00 00 00 00 00 
          00A            00 7E 00 00 00 00 00 00 
          009            42 87 00 00 00 00 00 00 
          008            00 82 00 00 00 00 00 00 
          009            42 87 00 00 00 00 00 00 
          008            03 AA 00 00 00 00 00 00 
          021            00 AB 03 00 00 00 00 00 
          00A            00 7E 00 00 00 00 00 00 
          009            42 87 00 00 00 00 00 00 
          008            00 83 00 00 00 00 00 00 
          009            42 87 00 00 00 00 00 00 
          008            00 84 00 00 00 00 00 00 
          00A            00 7E 00 00 00 00 00 00 
          009            42 87 00 00 00 00 00 00 
          008            04 AA 00 00 00 00 00 00 
          022            00 AB 04 00 00 00 00 00 
          009            42 87 00 00 00 00 00 00 
          008            00 85 00 00 00 20 20 33 
          00A            00 7E 00 00 00 00 00 00 
          009            42 87 00 00 00 00 00 00 
          008            00 86 00 00 00 03 01 05 
          009            42 87 00 00 00 00 00 00 
          008            14 0A 10 05 06 18 15 33 
          00A            00 7E 00 00 00 00 00 00 
          009            42 87 00 00 00 00 00 00 
          008            01 BC 03 00 00 00 00 00 
          009            42 87 00 00 00 00 00 00 
          008            01 AA 00 00 00 00 00 00 
          01F            00 AB 01 00 00 00 00 00 
          00A            00 7E 00 00 00 00 00 00 
          009            42 87 00 00 00 00 00 00 
          008            00 01 03 00 00 03 08 00 
          009            42 87 00 00 00 00 00 00 
          008            01 0A 00 00 00 00 00 00 
          00A            00 7E 00 00 00 00 00 00 
          009            42 87 00 00 00 00 00 00 
          008            02 AA 00 00 00 00 00 00 
          020            00 AB 02 00 00 00 00 00 
          009            42 87 00 00 00 00 00 00 
          008            02 0A 00 00 00 00 00 00 
          00A            00 7E 00 00 00 00 00 00 
          009            42 87 00 00 00 00 00 00 
          008            03 0A 00 00 00 00 00 00 
          009            42 87 00 00 00 00 00 00 
          008            03 AA 00 00 00 00 00 00 
          021            00 AB 03 00 00 00 00 00 
          00A            00 7E 00 00 00 00 00 00 
          009            42 87 00 00 00 00 00 00 
          008            04 0A 04 00 00 00 03 20 
          009            42 87 00 00 00 00 00 00 
          008            05 0A 00 00 00 00 00 00 
          00A            00 7E 00 00 00 00 00 00 
          009            42 87 00 00 00 00 00 00 
          008            14 0A 10 05 06 18 15 33 
          009            42 87 00 00 00 00 00 00 
          008            06 0A 00 00 00 00 00 00 
          00A            00 7E 00 00 00 00 00 00 
          009            42 87 00 00 00 00 00 00 
          008            07 0A 00 00 00 00 00 00 
          009            42 87 00 00 00 00 00 00 
          008            04 AA 00 00 00 00 00 00 
          022            00 AB 04 00 00 00 00 00 
          00A            00 7E 00 00 00 00 00 00 
          009            42 87 00 00 00 00 00 00 
          008            08 0A 00 00 00 00 00 00 
          009            42 87 00 00 00 00 00 00 
          008            09 0A 00 00 00 00 00 00 
          00A            00 7E 00 00 00 00 00 00 
          009            42 87 00 00 00 00 00 00 
          008            01 BC 03 00 00 00 00 00 
          009            42 87 00 00 00 00 00 00 
          008            0A 0A 00 00 03 18 15 34 
          00A            00 7E 00 00 00 00 00 00 
          009            42 87 00 00 00 00 00 00 
          008            0B 0A 00 00 00 00 00 00 
          009            42 87 00 00 00 00 00 00 
          008            01 AA 00 00 00 00 00 00 
          01F            00 AB 01 00 00 00 00 00 
          00A            00 7E 00 00 00 00 00 00 
          009            42 87 00 00 00 00 00 00 
          008            0C 0A 00 00 00 00 00 00 
          009            42 87 00 00 00 00 00 00 
          008            0D 0A 00 00 00 00 00 00 
          00A            00 7E 00 00 00 00 00 00 
          009            42 87 00 00 00 00 00 00 
          008            02 AA 00 00 00 00 00 00 
          020            00 AB 02 00 00 00 00 00 
          009            42 87 00 00 00 00 00 00 
          008            0E 0A 00 00 00 00 00 00 
          00A            00 7E 00 00 00 00 00 00 
          009            42 87 00 00 00 00 00 00 
          008            0F 0A 00 00 00 00 00 00 
          009            42 87 00 00 00 00 00 00 
          008            03 AA 00 00 00 00 00 00 
          021            00 AB 03 00 00 00 00 00 
          00A            00 7E 00 00 00 00 00 00 
          009            42 87 00 00 00 00 00 00 
          008            10 0A 00 00 00 00 00 00 
          009            42 87 00 00 00 00 00 00 
          008            00 82 00 00 00 00 00 00 
          00A            00 7E 00 00 00 00 00 00 
          009            42 87 00 00 00 00 00 00 
          008            04 AA 00 00 00 00 00 00 
          022            00 AB 04 00 00 00 00 00 
          009            42 87 00 00 00 00 00 00 
          008            00 83 00 00 00 00 00 00 
          00A            00 7E 00 00 00 00 00 00 
          009            42 87 00 00 00 00 00 00 
          008            00 84 00 00 00 00 00 00 
          009            42 87 00 00 00 00 00 00 
          008            01 AA 00 00 00 00 00 00 
          01F            00 AB 01 00 00 00 00 00 
          00A            00 7E 00 00 00 00 00 00 
          009            42 87 00 00 00 00 00 00 
          008            00 85 00 00 00 20 20 33 
          009            42 87 00 00 00 00 00 00 
          008            00 86 00 00 00 03 01 05 
          00A            00 7E 00 00 00 00 00 00 
          009            42 87 00 00 00 00 00 00 
          008            14 0A 10 05 06 18 15 34 
          009            42 87 00 00 00 00 00 00 
          008            01 BC 03 00 00 00 00 00 
          00A            00 7E 00 00 00 00 00 00 
          009            42 87 00 00 00 00 00 00 
          008            02 AA 00 00 00 00 00 00 
          020            00 AB 02 00 00 00 00 00 
          009            42 87 00 00 00 00 00 00 
          008            00 01 03 00 00 03 08 00 
          00A            00 7E 00 00 00 00 00 00 
          009            42 87 00 00 00 00 00 00 
          008            01 0A 00 00 00 00 00 00 
          009            42 87 00 00 00 00 00 00 
          008            03 AA 00 00 00 00 00 00 
          021            00 AB 03 00 00 00 00 00 
          00A            00 7E 00 00 00 00 00 00 
          009            42 87 00 00 00 00 00 00 
          008            02 0A 00 00 00 00 00 00 
          009            42 87 00 00 00 00 00 00 
          008            03 0A 00 00 00 00 00 00 
          00A            00 7E 00 00 00 00 00 00 
          009            42 87 00 00 00 00 00 00 
          008            04 AA 00 00 00 00 00 00 
          022            00 AB 04 00 00 00 00 00 
          009            42 87 00 00 00 00 00 00 
          008            04 0A 04 00 00 00 03 20 
          00A            00 7E 00 00 00 00 00 00 
          009            42 87 00 00 00 00 00 00 
          008            05 0A 00 00 00 00 00 00 
          009            42 87 00 00 00 00 00 00 
          008            14 0A 10 05 06 18 15 35 
          00A            00 7E 00 00 00 00 00 00 
          009            42 87 00 00 00 00 00 00 
          008            06 0A 00 00 00 00 00 00 
          009            42 87 00 00 00 00 00 00 
          008            07 0A 00 00 00 00 00 00 
          00A            00 7E 00 00 00 00 00 00 
          009            42 87 00 00 00 00 00 00 
          008            01 AA 00 00 00 00 00 00 
          01F            00 AB 01 00 00 00 00 00 
          009            42 87 00 00 00 00 00 00 
          008            08 0A 00 00 00 00 00 00 
          00A            00 7E 00 00 00 00 00 00 
          009            42 87 00 00 00 00 00 00 
          008            09 0A 00 00 00 00 00 00 
          009            42 87 00 00 00 00 00 00 
          008            01 BC 03 00 00 00 00 00 
          00A            00 7E 00 00 00 00 00 00 
          009            42 87 00 00 00 00 00 00 
          008            0A 0A 00 00 03 18 15 35 
          009            42 87 00 00 00 00 00 00 
          008            0B 0A 00 00 00 00 00 00 
          00A            00 7E 00 00 00 00 00 00 
          009            42 87 00 00 00 00 00 00 
          008            02 AA 00 00 00 00 00 00 
          020            00 AB 02 00 00 00 00 00 
          009            42 87 00 00 00 00 00 00 
          008            0C 0A 00 00 00 00 00 00 
          00A            00 7E 00 00 00 00 00 00 
          009            42 87 00 00 00 00 00 00 
          008            0D 0A 00 00 00 00 00 00 
          009            42 87 00 00 00 00 00 00 
          008            03 AA 00 00 00 00 00 00 
          021            00 AB 03 00 00 00 00 00 
          00A            00 7E 00 00 00 00 00 00 
          009            42 87 00 00 00 00 00 00 
          008            0E 0A 00 00 00 00 00 00 
          009            42 87 00 00 00 00 00 00 
          008            0F 0A 00 00 00 00 00 00 
          00A            00 7E 00 00 00 00 00 00 
          009            42 87 00 00 00 00 00 00 
          008            04 AA 00 00 00 00 00 00 
          022            00 AB 04 00 00 00 00 00 
          009            42 87 00 00 00 00 00 00 
          008            10 0A 00 00 00 00 00 00 
          00A            00 7E 00 00 00 00 00 00 
          009            42 87 00 00 00 00 00 00 
          008            00 82 00 00 00 00 00 00 
          009            42 87 00 00 00 00 00 00 
          008            01 AA 00 00 00 00 00 00 
          01F            00 AB 01 00 00 00 00 00 
          00A            00 7E 00 00 00 00 00 00 
          009            42 87 00 00 00 00 00 00 
          008            00 83 00 00 00 00 00 00 
          009            42 87 00 00 00 00 00 00 
          008            00 84 00 00 00 00 00 00 
          00A            00 7E 00 00 00 00 00 00 
          009            42 87 00 00 00 00 00 00 
          008            02 AA 00 00 00 00 00 00 
          020            00 AB 02 00 00 00 00 00 
          009            42 87 00 00 00 00 00 00 
          008            00 85 00 00 00 20 20 33 
          00A            00 7E 00 00 00 00 00 00 
          009            42 87 00 00 00 00 00 00 
          008            00 86 00 00 00 03 01 05 
          009            42 87 00 00 00 00 00 00 
          008            14 0A 10 05 06 18 15 36 
          00A            00 7E 00 00 00 00 00 00 
          009            42 87 00 00 00 00 00 00 
          008            01 BC 03 00 00 00 00 00 
          009            42 87 00 00 00 00 00 00 
          008            03 AA 00 00 00 00 00 00 
          021            00 AB 03 00 00 00 00 00 
          00A            00 7E 00 00 00 00 00 00 
          009            42 87 00 00 00 00 00 00 
          008            00 01 03 00 00 03 08 00 
          009            42 87 00 00 00 00 00 00 
          008            01 0A 00 00 00 00 00 00 
          00A            00 7E 00 00 00 00 00 00 
          009            42 87 00 00 00 00 00 00 
          008            04 AA 00 00 00 00 00 00 
          022            00 AB 04 00 00 00 00 00 
          009            42 87 00 00 00 00 00 00 
          008            02 0A 00 00 00 00 00 00 
          00A            00 7E 00 00 00 00 00 00 
          009            42 87 00 00 00 00 00 00 
          008            03 0A 00 00 00 00 00 00 
          009            42 87 00 00 00 00 00 00 
          008            01 AA 00 00 00 00 00 00 
          01F            00 AB 01 00 00 00 00 00 
          00A            00 7E 00 00 00 00 00 00 
          009            42 87 00 00 00 00 00 00 
          008            04 0A 04 00 00 00 03 20 
          009            42 87 00 00 00 00 00 00 
          008            05 0A 00 00 00 00 00 00 
          00A            00 7E 00 00 00 00 00 00 
          009            42 87 00 00 00 00 00 00 
          008            14 0A 10 05 06 18 15 37 
          009            42 87 00 00 00 00 00 00 
          008            06 0A 00 00 00 00 00 00 
          00A            00 7E 00 00 00 00 00 00 
          009            42 87 00 00 00 00 00 00 
          008            07 0A 00 00 00 00 00 00 
          009            42 87 00 00 00 00 00 00 
          008            02 AA 00 00 00 00 00 00 
          020            00 AB 02 00 00 00 00 00 
          00A            00 7E 00 00 00 00 00 00 
          009            42 87 00 00 00 00 00 00 
          008            08 0A 00 00 00 00 00 00 
          009            42 87 00 00 00 00 00 00 
          008            09 0A 00 00 00 00 00 00 
          00A            00 7E 00 00 00 00 00 00 
          009            42 87 00 00 00 00 00 00 
          008            01 BC 03 00 00 00 00 00 
          009            42 87 00 00 00 00 00 00 
          008            0A 0A 00 00 03 18 15 37 
          00A            00 7E 00 00 00 00 00 00 
          009            42 87 00 00 00 00 00 00 
          008            0B 0A 00 00 00 00 00 00 
          009            42 87 00 00 00 00 00 00 
          008            03 AA 00 00 00 00 00 00 
          021            00 AB 03 00 00 00 00 00 
          00A            00 7E 00 00 00 00 00 00 
          009            42 87 00 00 00 00 00 00 
          008            0C 0A 00 00 00 00 00 00 
          009            42 87 00 00 00 00 00 00 
          008            0D 0A 00 00 00 00 00 00 
          00A            00 7E 00 00 00 00 00 00 
          009            42 87 00 00 00 00 00 00 
          008            04 AA 00 00 00 00 00 00 
          022            00 AB 04 00 00 00 00 00 
          009            42 87 00 00 00 00 00 00 
          008            0E 0A 00 00 00 00 00 00 
          00A            00 7E 00 00 00 00 00 00 
          009            42 87 00 00 00 00 00 00 
          008            0F 0A 00 00 00 00 00 00 
          009            42 87 00 00 00 00 00 00 
          008            01 AA 00 00 00 00 00 00 
          01F            00 AB 01 00 00 00 00 00 
          00A            00 7E 00 00 00 00 00 00 
          009            42 87 00 00 00 00 00 00 
          008            10 0A 00 00 00 00 00 00 
          009            42 87 00 00 00 00 00 00 
          008            00 82 00 00 00 00 00 00 
          00A            00 7E 00 00 00 00 00 00 
          009            42 87 00 00 00 00 00 00 
          008            02 AA 00 00 00 00 00 00 
          020            00 AB 02 00 00 00 00 00 
          009            42 87 00 00 00 00 00 00 
          008            00 83 00 00 00 00 00 00 
          00A            00 7E 00 00 00 00 00 00 
          009            42 87 00 00 00 00 00 00 
          008            00 84 00 00 00 00 00 00 
          009            42 87 00 00 00 00 00 00 
          008            03 AA 00 00 00 00 00 00 
          021            00 AB 03 00 00 00 00 00 
          00A            00 7E 00 00 00 00 00 00 
          009            42 87 00 00 00 00 00 00 
          008            00 85 00 00 00 20 20 33 
          009            42 87 00 00 00 00 00 00 
          008            00 86 00 00 00 03 01 05 
          00A            00 7E 00 00 00 00 00 00 
          009            42 87 00 00 00 00 00 00 
          008            14 0A 10 05 06 18 15 38 
          009            42 87 00 00 00 00 00 00 
          008            01 BC 03 00 00 00 00 00 
          00A            00 7E 00 00 00 00 00 00 
          009            42 87 00 00 00 00 00 00 
          008            04 AA 00 00 00 00 00 00 
          022            00 AB 04 00 00 00 00 00 
          009            42 87 00 00 00 00 00 00 
          008            00 01 03 00 00 03 08 00 
          00A            00 7E 00 00 00 00 00 00 
          009            42 87 00 00 00 00 00 00 
          008            01 0A 00 00 00 00 00 00 
          009            42 87 00 00 00 00 00 00 
          008            01 AA 00 00 00 00 00 00 
          01F            00 AB 01 00 00 00 00 00 
          00A            00 7E 00 00 00 00 00 00 
          009            42 87 00 00 00 00 00 00 
          008            02 0A 00 00 00 00 00 00 
          009            42 87 00 00 00 00 00 00 
          008            03 0A 00 00 00 00 00 00 
          00A            00 7E 00 00 00 00 00 00 
          009            42 87 00 00 00 00 00 00 
          008            02 AA 00 00 00 00 00 00 
          020            00 AB 02 00 00 00 00 00 
          009            42 87 00 00 00 00 00 00 
          008            04 0A 04 00 00 00 03 20 
          00A            00 7E 00 00 00 00 00 00 
          009            42 87 00 00 00 00 00 00 
          008            05 0A 00 00 00 00 00 00 
          009            42 87 00 00 00 00 00 00 
          008            14 0A 10 05 06 18 15 38 
          00A            00 7E 00 00 00 00 00 00 
          009            42 87 00 00 00 00 00 00 
          008            06 0A 00 00 00 00 00 00 
          009            42 87 00 00 00 00 00 00 
          008            07 0A 00 00 00 00 00 00 
          00A            00 7E 00 00 00 00 00 00 
          009            42 87 00 00 00 00 00 00 
          008            03 AA 00 00 00 00 00 00 
          021            00 AB 03 00 00 00 00 00 
          009            42 87 00 00 00 00 00 00 
          008            08 0A 00 00 00 00 00 00 
          00A            00 7E 00 00 00 00 00 00 
          009            42 87 00 00 00 00 00 00 
          008            09 0A 00 00 00 00 00 00 
          009            42 87 00 00 00 00 00 00 
          008            01 BC 03 00 00 00 00 00 
          00A            00 7E 00 00 00 00 00 00 
          009            42 87 00 00 00 00 00 00 
          008            0A 0A 00 00 03 18 15 39 
          009            42 87 00 00 00 00 00 00 
          008            0B 0A 00 00 00 00 00 00 
          00A            00 7E 00 00 00 00 00 00 
          009            42 87 00 00 00 00 00 00 
          008            04 AA 00 00 00 00 00 00 
          022            00 AB 04 00 00 00 00 00 
          009            42 87 00 00 00 00 00 00 
          008            0C 0A 00 00 00 00 00 00 
          00A            00 7E 00 00 00 00 00 00 
          009            42 87 00 00 00 00 00 00 
          008            0D 0A 00 00 00 00 00 00 
          009            42 87 00 00 00 00 00 00 
          008            01 AA 00 00 00 00 00 00 
          01F            00 AB 01 00 00 00 00 00 
          00A            00 7E 00 00 00 00 00 00 
          009            42 87 00 00 00 00 00 00 
          008            0E 0A 00 00 00 00 00 00 
          009            42 87 00 00 00 00 00 00 
          008            0F 0A 00 00 00 00 00 00 
          00A            00 7E 00 00 00 00 00 00 
          009            42 87 00 00 00 00 00 00 
          008            02 AA 00 00 00 00 00 00 
          020            00 AB 02 00 00 00 00 00 
          009            42 87 00 00 00 00 00 00 
          008            10 0A 00 00 00 00 00 00 
          00A            00 7E 00 00 00 00 00 00 
          009            42 87 00 00 00 00 00 00 
          008            00 82 00 00 00 00 00 00 
          009            42 87 00 00 00 00 00 00 
          008            03 AA 00 00 00 00 00 00 
          021            00 AB 03 00 00 00 00 00 
          00A            00 7E 00 00 00 00 00 00 
          009            42 87 00 00 00 00 00 00 
          008            00 83 00 00 00 00 00 00 
          009            42 87 00 00 00 00 00 00 
          008            00 84 00 00 00 00 00 00 
          00A            00 7E 00 00 00 00 00 00 
          009            42 87 00 00 00 00 00 00 
          008            04 AA 00 00 00 00 00 00 
          022            00 AB 04 00 00 00 00 00 
          009            42 87 00 00 00 00 00 00 
          008            00 85 00 00 00 20 20 33 
          00A            00 7E 00 00 00 00 00 00 
          009            42 87 00 00 00 00 00 00 
          008            00 86 00 00 00 03 01 05 
          009            42 87 00 00 00 00 00 00 
          008            14 0A 10 05 06 18 15 40 
          00A            00 7E 00 00 00 00 00 00 
          009            42 87 00 00 00 00 00 00 
          008            01 BC 03 00 00 00 00 00 
          009            42 87 00 00 00 00 00 00 
          008            01 AA 00 00 00 00 00 00 
          01F            00 AB 01 00 00 00 00 00 
          00A            00 7E 00 00 00 00 00 00 
          009            42 87 00 00 00 00 00 00 
          008            00 01 03 00 00 03 08 00 
          009            42 87 00 00 00 00 00 00 
          008            01 0A 00 00 00 00 00 00 
          00A            00 7E 00 00 00 00 00 00 
          009            42 87 00 00 00 00 00 00 
          008            02 AA 00 00 00 00 00 00 
          020            00 AB 02 00 00 00 00 00 
          009            42 87 00 00 00 00 00 00 
          008            02 0A 00 00 00 00 00 00 
          00A            00 7E 00 00 00 00 00 00 
          009            42 87 00 00 00 00 00 00 
          008            03 0A 00 00 00 00 00 00 
          009            42 87 00 00 00 00 00 00 
          008            03 AA 00 00 00 00 00 00 
          021            00 AB 03 00 00 00 00 00 
          00A            00 7E 00 00 00 00 00 00 
          009            42 87 00 00 00 00 00 00 
          008            04 0A 04 00 00 00 03 20 
          009            42 87 00 00 00 00 00 00 
          008            05 0A 00 00 00 00 00 00 
          00A            00 7E 00 00 00 00 00 00 
          009            42 87 00 00 00 00 00 00 
          008            14 0A 10 05 06 18 15 40 
          009            42 87 00 00 00 00 00 00 
          008            06 0A 00 00 00 00 00 00 
          00A            00 7E 00 00 00 00 00 00 
          009            42 87 00 00 00 00 00 00 
          008            07 0A 00 00 00 00 00 00 
          009            42 87 00 00 00 00 00 00 
          008            04 AA 00 00 00 00 00 00 
          022            00 AB 04 00 00 00 00 00 
          00A            00 7E 00 00 00 00 00 00 
          009            42 87 00 00 00 00 00 00 
          008            08 0A 00 00 00 00 00 00 
          009            42 87 00 00 00 00 00 00 
          008            09 0A 00 00 00 00 00 00 
          00A            00 7E 00 00 00 00 00 00 
          009            42 87 00 00 00 00 00 00 
          008            04 0A 04 00 00 01 03 20 
          009            42 87 00 00 00 00 00 00 
          008            00 BC 03 00 00 00 00 00 
          00A            00 7E 00 00 00 00 00 00 
          009            42 87 00 00 00 00 00 00 
          008            0A 0A 00 00 03 18 15 41 
          009            42 87 00 00 00 00 00 00 
          008            0B 0A 00 00 00 00 00 00 
          00A            00 7E 00 00 00 00 00 00 
          009            42 87 00 00 00 00 00 00 
          008            01 AA 00 00 00 00 00 00 
          01F            00 AB 01 00 00 00 00 00 
          009            42 87 00 00 00 00 00 00 
          008            00 01 03 02 00 03 09 00 
          009            42 87 00 00 00 00 00 00 
          00A            00 7E 00 00 00 00 00 00 
          008            0C 0A 00 00 00 00 00 00 
          009            42 87 00 00 00 00 00 00 
          008            0D 0A 00 00 00 00 00 00 
          009            42 87 00 00 00 00 00 00 
          00A            00 7E 00 00 00 00 00 00 
          008            02 AA 00 00 00 00 00 00 
          020            00 AB 02 00 00 00 00 00 
          009            42 87 00 00 00 00 00 00 
          008            0E 0A 00 00 00 00 00 00 
          009            42 87 00 00 00 00 00 00 
          00A            00 7E 00 00 00 00 00 00 
          008            0F 0A 00 00 00 00 00 00 
          008            03 AA 00 00 00 00 00 00 
          009            42 87 00 00 00 00 00 00 
          009            42 87 00 00 00 00 00 00 
          008            10 0A 00 00 00 00 00 00 
          00A            00 7E 00 00 00 00 00 00 
          009            42 87 00 00 00 00 00 00 
          008            00 82 00 00 00 00 00 00 
          008            04 AA 00 00 00 00 00 00 
          009            42 87 00 00 00 00 00 00 
          022            00 AB 04 00 00 00 00 00 
          009            42 87 00 00 00 00 00 00 
          008            00 83 00 00 00 00 00 00 
          00A            00 7E 00 00 00 00 00 00 
          009            42 87 00 00 00 00 00 00 
          008            01 AA 00 00 00 00 00 00 
          01F            00 AB 01 00 00 00 00 00 
          00A            00 7E 00 00 00 00 00 00 
          009            42 87 00 00 00 00 00 00 
          008            00 85 00 00 00 20 20 33 
          008            00 86 00 00 00 03 01 05 
          009            42 87 00 00 00 00 00 00 
          00A            00 7E 00 00 00 00 00 00 
          008            14 0A 10 05 06 18 15 41 
          009            42 87 00 00 00 00 00 00 
          009            42 87 00 00 00 00 00 00 
          008            00 BC 03 00 00 00 00 00 
          008            02 AA 00 00 00 00 00 00 
          009            42 87 00 00 00 00 00 00 
          00A            00 7E 00 00 00 00 00 00 
          008            00 01 03 02 00 03 09 00 
          009            42 87 00 00 00 00 00 00 
          00A            00 7E 00 00 00 00 00 00 
          008            01 0A 00 00 00 00 00 00 
          008            03 AA 00 00 00 00 00 00 
          009            42 87 00 00 00 00 00 00 
          00A            00 7E 00 00 00 00 00 00 
          008            02 0A 00 00 00 00 00 00 
          009            42 87 00 00 00 00 00 00 
          00A            00 7E 00 00 00 00 00 00 
          008            04 AA 00 00 00 00 00 00 
          009            42 87 00 00 00 00 00 00 
          022            00 AB 04 00 00 00 00 00 
          008            04 0A 04 00 00 01 03 20 
          009            42 87 00 00 00 00 00 00 
          00A            00 7E 00 00 00 00 00 00 
          008            05 0A 00 00 00 00 00 00 
          009            42 87 00 00 00 00 00 00 
          008            14 0A 10 05 06 18 15 42 
          009            42 87 00 00 00 00 00 00 
          00A            00 7E 00 00 00 00 00 00 
          008            06 0A 00 00 00 00 00 00 
          009            42 87 00 00 00 00 00 00 
          008            07 0A 00 00 00 00 00 00 
          009            42 87 00 00 00 00 00 00 
          00A            00 7E 00 00 00 00 00 00 
          00A            00 7E 00 00 00 00 00 00 
          008            09 0A 00 00 00 00 00 00 
          009            42 87 00 00 00 00 00 00 
          008            00 BC 03 00 00 00 00 00 
          009            42 87 00 00 00 00 00 00 
          00A            00 7E 00 00 00 00 00 00 
          008            0A 0A 00 00 03 18 15 42 
          009            42 87 00 00 00 00 00 00 
          020            00 AB 02 00 00 00 00 00 
          008            0B 0A 00 00 00 00 00 00 
          009            42 87 00 00 00 00 00 00 
          00A            00 7E 00 00 00 00 00 00 
          008            02 AA 00 00 00 00 00 00 
          009            42 87 00 00 00 00 00 00 
          020            00 AB 02 00 00 00 00 00 
          008            0C 0A 00 00 00 00 00 00 
          009            42 87 00 00 00 00 00 00 
          00A            00 7E 00 00 00 00 00 00 
          008            0D 0A 00 00 00 00 00 00 
          009            42 87 00 00 00 00 00 00 
          008            03 AA 00 00 00 00 00 00 
          009            42 87 00 00 00 00 00 00 
          00A            00 7E 00 00 00 00 00 00 
          021            00 AB 03 00 00 00 00 00 
          008            0E 0A 00 00 00 00 00 00 
          009            42 87 00 00 00 00 00 00 
          008            0F 0A 00 00 00 00 00 00 
          009            42 87 00 00 00 00 00 00 
          00A            00 7E 00 00 00 00 00 00 
          008            04 AA 00 00 00 00 00 00 
          009            42 87 00 00 00 00 00 00 
          022            00 AB 04 00 00 00 00 00 
          008            10 0A 00 00 00 00 00 00 
          009            42 87 00 00 00 00 00 00 
          00A            00 7E 00 00 00 00 00 00 
          008            00 82 00 00 00 00 00 00 
          009            42 87 00 00 00 00 00 00 
          008            01 AA 00 00 00 00 00 00 
          009            42 87 00 00 00 00 00 00 
          01F            00 AB 01 00 00 00 00 00 
          00A            00 7E 00 00 00 00 00 00 
          008            00 83 00 00 00 00 00 00 
          009            42 87 00 00 00 00 00 00 
          008            00 84 00 00 00 00 00 00 
          009            42 87 00 00 00 00 00 00 
          00A            00 7E 00 00 00 00 00 00 
          008            02 AA 00 00 00 00 00 00 
          009            42 87 00 00 00 00 00 00 
          020            00 AB 02 00 00 00 00 00 
          008            00 85 00 00 00 20 20 33 
          009            42 87 00 00 00 00 00 00 
          00A            00 7E 00 00 00 00 00 00 
          009            42 87 00 00 00 00 00 00 
          008            14 0A 10 05 06 18 15 43 
          009            42 87 00 00 00 00 00 00 
          008            00 BC 03 00 00 00 00 00 
          00A            00 7E 00 00 00 00 00 00 
          009            42 87 00 00 00 00 00 00 
          008            03 AA 00 00 00 00 00 00 
          009            42 87 00 00 00 00 00 00 
          021            00 AB 03 00 00 00 00 00 
          008            00 01 03 02 00 03 09 00 
          009            42 87 00 00 00 00 00 00 
          00A            00 7E 00 00 00 00 00 00 
          008            01 0A 00 00 00 00 00 00 
          009            42 87 00 00 00 00 00 00 
          008            04 AA 00 00 00 00 00 00 
          009            42 87 00 00 00 00 00 00 
          022            00 AB 04 00 00 00 00 00 
          00A            00 7E 00 00 00 00 00 00 
          008            02 0A 00 00 00 00 00 00 
          009            42 87 00 00 00 00 00 00 
          008            03 0A 00 00 00 00 00 00 
          009            42 87 00 00 00 00 00 00 
          00A            00 7E 00 00 00 00 00 00 
          008            01 AA 00 00 00 00 00 00 
          01F            00 AB 01 00 00 00 00 00 
          009            42 87 00 00 00 00 00 00 
          008            04 0A 04 00 00 01 03 20 
          009            42 87 00 00 00 00 00 00 
          00A            00 7E 00 00 00 00 00 00 
          008            05 0A 00 00 00 00 00 00 
          009            42 87 00 00 00 00 00 00 
          008            14 0A 10 05 06 18 15 44 
          009            42 87 00 00 00 00 00 00 
          00A            00 7E 00 00 00 00 00 00 
          008            06 0A 00 00 00 00 00 00 
          009            42 87 00 00 00 00 00 00 
          008            07 0A 00 00 00 00 00 00 
          009            42 87 00 00 00 00 00 00 
          00A            00 7E 00 00 00 00 00 00 
          008            02 AA 00 00 00 00 00 00 
          009            42 87 00 00 00 00 00 00 
          008            08 0A 00 00 00 00 00 00 
          020            00 AB 02 00 00 00 00 00 
          009            42 87 00 00 00 00 00 00 
          00A            00 7E 00 00 00 00 00 00 
          008            09 0A 00 00 00 00 00 00 
          008            00 BC 03 00 00 00 00 00 
          00A            00 7E 00 00 00 00 00 00 
          009            42 87 00 00 00 00 00 00 
          008            0B 0A 00 00 00 00 00 00 
          00A            00 7E 00 00 00 00 00 00 
          009            42 87 00 00 00 00 00 00 
          008            03 AA 00 00 00 00 00 00 
          021            00 AB 03 00 00 00 00 00 
          009            42 87 00 00 00 00 00 00 
          008            0C 0A 00 00 00 00 00 00 
          00A            00 7E 00 00 00 00 00 00 
          009            42 87 00 00 00 00 00 00 
          008            0D 0A 00 00 00 00 00 00 
          009            42 87 00 00 00 00 00 00 
          008            04 AA 00 00 00 00 00 00 
          022            00 AB 04 00 00 00 00 00 
          00A            00 7E 00 00 00 00 00 00 
          009            42 87 00 00 00 00 00 00 
          008            0E 0A 00 00 00 00 00 00 
          009            42 87 00 00 00 00 00 00 
          008            0F 0A 00 00 00 00 00 00 
          00A            00 7E 00 00 00 00 00 00 
          009            42 87 00 00 00 00 00 00 
          008            01 AA 00 00 00 00 00 00 
          01F            00 AB 01 00 00 00 00 00 
          009            42 87 00 00 00 00 00 00 
          008            10 0A 00 00 00 00 00 00 
          00A            00 7E 00 00 00 00 00 00 
          009            42 87 00 00 00 00 00 00 
          008            00 82 00 00 00 00 00 00 
          009            42 87 00 00 00 00 00 00 
          008            02 AA 00 00 00 00 00 00 
          020            00 AB 02 00 00 00 00 00 
          00A            00 7E 00 00 00 00 00 00 
          009            42 87 00 00 00 00 00 00 
          008            00 83 00 00 00 00 00 00 
          009            42 87 00 00 00 00 00 00 
          008            00 84 00 00 00 00 00 00 
          00A            00 7E 00 00 00 00 00 00 
          009            42 87 00 00 00 00 00 00 
          008            03 AA 00 00 00 00 00 00 
          021            00 AB 03 00 00 00 00 00 
          009            42 87 00 00 00 00 00 00 
          008            00 85 00 00 00 20 20 33 
          00A            00 7E 00 00 00 00 00 00 
          009            42 87 00 00 00 00 00 00 
          008            00 86 00 00 00 03 01 05 
          009            42 87 00 00 00 00 00 00 
          008            14 0A 10 05 06 18 15 45 
          00A            00 7E 00 00 00 00 00 00 
          009            42 87 00 00 00 00 00 00 
          008            00 BC 03 00 00 00 00 00 
          009            42 87 00 00 00 00 00 00 
          008            04 AA 00 00 00 00 00 00 
          022            00 AB 04 00 00 00 00 00 
          00A            00 7E 00 00 00 00 00 00 
          009            42 87 00 00 00 00 00 00 
          008            00 01 03 02 00 03 09 00 
          009            42 87 00 00 00 00 00 00 
          008            01 0A 00 00 00 00 00 00 
          00A            00 7E 00 00 00 00 00 00 
          009            42 87 00 00 00 00 00 00 
          008            01 AA 00 00 00 00 00 00 
          01F            00 AB 01 00 00 00 00 00 
          009            42 87 00 00 00 00 00 00 
          008            02 0A 00 00 00 00 00 00 
          00A            00 7E 00 00 00 00 00 00 
          009            42 87 00 00 00 00 00 00 
          008            03 0A 00 00 00 00 00 00 
          009            42 87 00 00 00 00 00 00 
          008            02 AA 00 00 00 00 00 00 
          009            42 87 00 00 00 00 00 00 
          008            04 0A 04 00 00 01 03 20 
          00A            00 7E 00 00 00 00 00 00 
          020            00 AB 02 00 00 00 00 00 
          009            42 87 00 00 00 00 00 00 
          008            05 0A 00 00 00 00 00 00 
          00A            00 7E 00 00 00 00 00 00 
          009            42 87 00 00 00 00 00 00 
          008            14 0A 10 05 06 18 15 45 
          009            42 87 00 00 00 00 00 00 
          009            42 87 00 00 00 00 00 00 
          008            07 0A 00 00 00 00 00 00 
          00A            00 7E 00 00 00 00 00 00 
          009            42 87 00 00 00 00 00 00 
          008            03 AA 00 00 00 00 00 00 
          021            00 AB 03 00 00 00 00 00 
          009            42 87 00 00 00 00 00 00 
          008            08 0A 00 00 00 00 00 00 
          00A            00 7E 00 00 00 00 00 00 
          009            42 87 00 00 00 00 00 00 
          008            09 0A 00 00 00 00 00 00 
          009            42 87 00 00 00 00 00 00 
          008            00 BC 03 00 00 00 00 00 
          00A            00 7E 00 00 00 00 00 00 
          009            42 87 00 00 00 00 00 00 
          008            0A 0A 00 3D 04 18 15 46 
          009            42 87 00 00 00 00 00 00 
          008            0B 0A 00 00 00 00 00 00 
          00A            00 7E 00 00 00 00 00 00 
          009            42 87 00 00 00 00 00 00 
          008            04 AA 00 00 00 00 00 00 
          022            00 AB 04 00 00 00 00 00 
          009            42 87 00 00 00 00 00 00 
          008            0C 0A 00 00 00 00 00 00 
          00A            00 7E 00 00 00 00 00 00 
          009            42 87 00 00 00 00 00 00 
          008            0D 0A 00 00 00 00 00 00 
          009            42 87 00 00 00 00 00 00 
          008            01 AA 00 00 00 00 00 00 
          01F            00 AB 01 00 00 00 00 00 
          00A            00 7E 00 00 00 00 00 00 
          009            42 87 00 00 00 00 00 00 
          008            0E 0A 00 00 00 00 00 00 
          009            42 87 00 00 00 00 00 00 
          008            0F 0A 00 00 00 00 00 00 
          00A            00 7E 00 00 00 00 00 00 
          009            42 87 00 00 00 00 00 00 
          008            02 AA 00 00 00 00 00 00 
          020            00 AB 02 00 00 00 00 00 
          009            42 87 00 00 00 00 00 00 
          008            10 0A 00 00 00 00 00 00 
          00A            00 7E 00 00 00 00 00 00 
          009            42 87 00 00 00 00 00 00 
          008            00 82 00 00 00 00 00 00 
          009            42 87 00 00 00 00 00 00 
          008            03 AA 00 00 00 00 00 00 
          021            00 AB 03 00 00 00 00 00 
          009            42 87 00 00 00 00 00 00 
          00A            00 7E 00 00 00 00 00 00 
          008            00 83 00 00 00 00 00 00 
          009            42 87 00 00 00 00 00 00 
          008            00 84 00 00 00 00 00 00 
          00A            00 7E 00 00 00 00 00 00 
          009            42 87 00 00 00 00 00 00 
          008            04 AA 00 00 00 00 00 00 
          022            00 AB 04 00 00 00 00 00 
          009            42 87 00 00 00 00 00 00 
          008            00 85 00 00 00 20 20 33 
          00A            00 7E 00 00 00 00 00 00 
          009            42 87 00 00 00 00 00 00 
          008            00 86 00 00 00 03 01 05 
          009            42 87 00 00 00 00 00 00 
          008            14 0A 10 05 06 18 15 47 
          00A            00 7E 00 00 00 00 00 00 
          009            42 87 00 00 00 00 00 00 
          008            00 BC 03 00 00 00 00 00 
          009            42 87 00 00 00 00 00 00 
          008            01 AA 00 00 00 00 00 00 
          009            42 87 00 00 00 00 00 00 
          00A            00 7E 00 00 00 00 00 00 
          008            00 01 03 02 00 03 09 00 
          009            42 87 00 00 00 00 00 00 
          008            01 0A 00 00 00 00 00 00 
          00A            00 7E 00 00 00 00 00 00 
          009            42 87 00 00 00 00 00 00 
          008            02 AA 00 00 00 00 00 00 
          009            42 87 00 00 00 00 00 00 
          008            02 0A 00 00 00 00 00 00 
          020            00 AB 02 00 00 00 00 00 
          009            42 87 00 00 00 00 00 00 
          008            03 0A 00 00 00 00 00 00 
          009            42 87 00 00 00 00 00 00 
          008            03 AA 00 00 00 00 00 00 
          021            00 AB 03 00 00 00 00 00 
          009            42 87 00 00 00 00 00 00 
          008            04 0A 04 00 00 01 03 20 
          008            05 0A 00 00 00 00 00 00 
          009            42 87 00 00 00 00 00 00 
          00A            00 7E 00 00 00 00 00 00 
          009            42 87 00 00 00 00 00 00 
          008            14 0A 10 05 06 18 15 47 
          009            42 87 00 00 00 00 00 00 
          008            06 0A 00 00 00 00 00 00 
          00A            00 7E 00 00 00 00 00 00 
          009            42 87 00 00 00 00 00 00 
          009            42 87 00 00 00 00 00 00 
          008            04 AA 00 00 00 00 00 00 
          022            00 AB 04 00 00 00 00 00 
          009            42 87 00 00 00 00 00 00 
          008            08 0A 00 00 00 00 00 00 
          00A            00 7E 00 00 00 00 00 00 
          009            42 87 00 00 00 00 00 00 
          008            09 0A 00 00 00 00 00 00 
          009            42 87 00 00 00 00 00 00 
          008            00 BC 03 00 00 00 00 00 
          00A            00 7E 00 00 00 00 00 00 
          009            42 87 00 00 00 00 00 00 
          008            0A 0A 00 33 04 18 15 48 
          009            42 87 00 00 00 00 00 00 
          008            0B 0A 00 00 00 00 00 00 
          00A            00 7E 00 00 00 00 00 00 
          008            01 AA 00 00 00 00 00 00 
          009            42 87 00 00 00 00 00 00 
          01F            00 AB 01 00 00 00 00 00 
          009            42 87 00 00 00 00 00 00 
          008            0C 0A 00 00 00 00 00 00 
          00A            00 7E 00 00 00 00 00 00 
          009            42 87 00 00 00 00 00 00 
          008            0D 0A 00 00 00 00 00 00 
          009            42 87 00 00 00 00 00 00 
          008            02 AA 00 00 00 00 00 00 
          020            00 AB 02 00 00 00 00 00 
          00A            00 7E 00 00 00 00 00 00 
          009            42 87 00 00 00 00 00 00 
          008            0E 0A 00 00 00 00 00 00 
          009            42 87 00 00 00 00 00 00 
          008            0F 0A 00 00 00 00 00 00 
          00A            00 7E 00 00 00 00 00 00 
          009            42 87 00 00 00 00 00 00 
          008            03 AA 00 00 00 00 00 00 
          009            42 87 00 00 00 00 00 00 
          008            10 0A 00 00 00 00 00 00 
          00A            00 7E 00 00 00 00 00 00 
          009            42 87 00 00 00 00 00 00 
          008            00 82 00 00 00 00 00 00 
          009            42 87 00 00 00 00 00 00 
          008            04 AA 00 00 00 00 00 00 
          022            00 AB 04 00 00 00 00 00 
          00A            00 7E 00 00 00 00 00 00 
          009            42 87 00 00 00 00 00 00 
          008            00 83 00 00 00 00 00 00 
          008            00 84 00 00 00 00 00 00 
          00A            00 7E 00 00 00 00 00 00 
          008            01 AA 00 00 00 00 00 00 
          01F            00 AB 01 00 00 00 00 00 
          008            00 85 00 00 00 20 20 33 
          009            42 87 00 00 00 00 00 00 
          00A            00 7E 00 00 00 00 00 00 
          008            00 86 00 00 00 03 01 05 
          009            42 87 00 00 00 00 00 00 
          008            14 0A 10 05 06 18 15 48 
          009            42 87 00 00 00 00 00 00 
          00A            00 7E 00 00 00 00 00 00 
          008            00 82 00 01 00 00 00 00 
          009            42 87 00 00 00 00 00 00 
          008            00 01 03 02 00 03 0D 00 
          00A            00 7E 00 00 00 00 00 00 
          009            42 87 00 00 00 00 00 00 
          008            00 BC 03 00 00 00 00 00 
          009            42 87 00 00 00 00 00 00 
          008            02 AA 00 00 00 00 00 00 
          020            00 AB 02 00 00 00 00 00 
          00A            00 7E 00 00 00 00 00 00 
          009            42 87 00 00 00 00 00 00 
          008            00 01 03 02 00 03 0D 00 
          009            42 87 00 00 00 00 00 00 
          008            01 0A 00 00 00 00 00 00 
          00A            00 7E 00 00 00 00 00 00 
          009            42 87 00 00 00 00 00 00 
          008            03 AA 00 00 00 00 00 00 
          009            42 87 00 00 00 00 00 00 
          008            02 0A 00 00 00 00 00 00 
          00A            00 7E 00 00 00 00 00 00 
          009            42 87 00 00 00 00 00 00 
          008            03 0A 00 00 00 00 00 00 
          009            42 87 00 00 00 00 00 00 
          008            04 AA 00 00 00 00 00 00 
          022            00 AB 04 00 00 00 00 00 
          00A            00 7E 00 00 00 00 00 00 
          009            42 87 00 00 00 00 00 00 
          008            04 0A 04 00 00 01 03 20 
          009            42 87 00 00 00 00 00 00 
          008            05 0A 00 00 00 00 00 00 
          00A            00 7E 00 00 00 00 00 00 
          009            42 87 00 00 00 00 00 00 
          008            14 0A 10 05 06 18 15 49 
          009            42 87 00 00 00 00 00 00 
          008            06 0A 00 00 00 00 00 00 
          00A            00 7E 00 00 00 00 00 00 
          009            42 87 00 00 00 00 00 00 
          008            04 0A 04 00 00 00 03 20 
          009            42 87 00 00 00 00 00 00 
          008            00 01 03 00 00 03 0D 00 
          00A            00 7E 00 00 00 00 00 00 
          009            42 87 00 00 00 00 00 00 
          008            07 0A 00 00 00 00 00 00 
          009            42 87 00 00 00 00 00 00 
          008            01 AA 00 00 00 00 00 00 
          00A            00 7E 00 00 00 00 00 00 
          009            42 87 00 00 00 00 00 00 
          008            08 0A 00 00 00 00 00 00 
          009            42 87 00 00 00 00 00 00 
          008            09 0A 00 00 00 00 00 00 
          009            42 87 00 00 00 00 00 00 
          00A            00 7E 00 00 00 00 00 00 
          008            00 BC 03 00 00 00 00 00 
          009            42 87 00 00 00 00 00 00 
          008            0A 0A 00 00 04 18 15 49 
          009            42 87 00 00 00 00 00 00 
          00A            00 7E 00 00 00 00 00 00 
          008            0B 0A 00 00 00 00 00 00 
          009            42 87 00 00 00 00 00 00 
          008            02 AA 00 00 00 00 00 00 
          00A            00 7E 00 00 00 00 00 00 
          009            42 87 00 00 00 00 00 00 
          008            0C 0A 00 00 00 00 00 00 
          009            42 87 00 00 00 00 00 00 
          008            0D 0A 00 00 00 00 00 00 
          00A            00 7E 00 00 00 00 00 00 
          009            42 87 00 00 00 00 00 00 
          008            03 AA 00 00 00 00 00 00 
          021            00 AB 03 00 00 00 00 00 
          009            42 87 00 00 00 00 00 00 
          008            0E 0A 00 00 00 00 00 00 
          00A            00 7E 00 00 00 00 00 00 
          009            42 87 00 00 00 00 00 00 
          008            00 01 03 00 00 03 0C 00 
          009            42 87 00 00 00 00 00 00 
          008            0F 0A 00 00 00 00 00 00 
          00A            00 7E 00 00 00 00 00 00 
          009            42 87 00 00 00 00 00 00 
          008            04 AA 00 00 00 00 00 00 
          022            00 AB 04 00 00 00 00 00 
          009            42 87 00 00 00 00 00 00 
          008            10 0A 00 00 00 00 00 00 
          00A            00 7E 00 00 00 00 00 00 
          009            42 87 00 00 00 00 00 00 
          008            00 82 00 01 00 00 00 00 
          009            42 87 00 00 00 00 00 00 
          008            01 AA 00 00 00 00 00 00 
          01F            00 AB 01 00 00 00 00 00 
          00A            00 7E 00 00 00 00 00 00 
          009            42 87 00 00 00 00 00 00 
          008            00 83 00 00 00 00 00 00 
          009            42 87 00 00 00 00 00 00 
          008            00 84 00 00 00 00 00 00 
          00A            00 7E 00 00 00 00 00 00 
          009            42 87 00 00 00 00 00 00 
          008            02 AA 00 00 00 00 00 00 
          020            00 AB 02 00 00 00 00 00 
          009            42 87 00 00 00 00 00 00 
          008            00 85 00 00 00 20 20 33 
          00A            00 7E 00 00 00 00 00 00 
          009            42 87 00 00 00 00 00 00 
          008            10 82 00 01 00 00 00 00 
          009            42 87 00 00 00 00 00 00 
          008            00 01 03 08 00 03 0C 00 
          00A            00 7E 00 00 00 00 00 00 
          009            42 87 00 00 00 00 00 00 
          008            04 0A 04 20 00 00 03 20 
          009            42 87 00 00 00 00 00 00 
          008            00 86 00 00 00 03 01 05 
          00A            00 7E 00 00 00 00 00 00 
          009            42 87 00 00 00 00 00 00 
          008            14 0A 10 05 06 18 15 50 
          009            43 87 00 00 00 00 00 00 
          008            01 BC 03 00 00 00 00 00 
          00A            00 7E 00 00 00 00 00 00 
          009            43 87 00 00 00 00 00 00 
          008            00 86 00 00 00 03 01 01 
          009            43 87 00 00 00 00 00 00 
          008            00 86 00 00 00 03 01 00 
          00A            00 7E 00 00 00 00 00 00 
          009            43 87 00 00 00 00 00 00 
          008            03 AA 00 00 00 00 00 00 
          021            00 AB 03 00 00 00 00 00 
          009            43 87 00 00 00 00 00 00 
          008            00 01 03 08 00 03 0C 00 
          00A            00 7E 00 00 00 00 00 00 
          009            43 87 00 00 00 00 00 00 
          008            01 0A 00 00 00 00 00 00 
          009            43 87 00 00 00 00 00 00 
          008            04 AA 00 00 00 00 00 00 
          022            00 AB 04 00 00 00 00 00 
          00A            00 7E 00 00 00 00 00 00 
          009            43 87 00 00 00 00 00 00 
          008            02 0A 00 00 00 00 00 00 
          009            41 87 00 00 00 00 00 00 
          008            03 0A 00 00 00 00 00 00 
          00A            00 7E 00 00 00 00 00 00 
          009            41 87 00 00 00 00 00 00 
          008            00 82 00 01 00 00 00 00 
          009            41 87 00 00 00 00 00 00 
          008            00 86 00 00 00 03 01 02 
          00A            00 7E 00 00 00 00 00 00 
          009            41 87 00 00 00 00 00 00 
          008            00 01 03 00 00 03 0C 00 
          009            41 87 00 00 00 00 00 00 
          008            04 0A 04 00 00 00 03 20 
          00A            00 7E 00 00 00 00 00 00 
          009            41 87 00 00 00 00 00 00 
          008            01 AA 00 00 00 00 00 00 
          01F            00 AB 01 00 00 00 00 00 
          009            41 87 00 00 00 00 00 00 
          008            04 0A 04 00 00 00 03 20 
          00A            00 7E 00 00 00 00 00 00 
          009            41 87 00 00 00 00 00 00 
          008            05 0A 00 00 00 00 00 00 
          009            41 87 00 00 00 00 00 00 
          008            14 0A 10 05 06 18 15 51 
          00A            00 7E 00 00 00 00 00 00 
          009            41 87 00 00 00 00 00 00 
          008            06 0A 00 00 00 00 00 00 
          009            41 87 00 00 00 00 00 00 
          008            07 0A 00 00 00 00 00 00 
          00A            00 7E 00 00 00 00 00 00 
          009            41 87 00 00 00 00 00 00 
          008            02 AA 00 00 00 00 00 00 
          020            00 AB 02 00 00 00 00 00 
          009            41 87 00 00 00 00 00 00 
          008            08 0A 00 00 00 00 00 00 
          00A            00 7E 00 00 00 00 00 00 
          009            41 87 00 00 00 00 00 00 
          008            09 0A 00 00 00 00 00 00 
          009            41 87 00 00 00 00 00 00 
          008            01 BC 03 00 00 00 00 00 
          00A            00 7E 00 00 00 00 00 00 
          009            41 87 00 00 00 00 00 00 
          008            0A 0A 00 00 04 18 15 52 
          009            41 87 00 00 00 00 00 00 
          008            0B 0A 00 00 00 00 00 00 
          00A            00 7E 00 00 00 00 00 00 
          009            41 87 00 00 00 00 00 00 
          008            03 AA 00 00 00 00 00 00 
          021            00 AB 03 00 00 00 00 00 
          009            41 87 00 00 00 00 00 00 
          008            0C 0A 00 00 00 00 00 00 
          00A            00 7E 00 00 00 00 00 00 
          009            41 87 00 00 00 00 00 00 
          008            0D 0A 00 00 00 00 00 00 
          009            41 87 00 00 00 00 00 00 
          008            04 AA 00 00 00 00 00 00 
          022            00 AB 04 00 00 00 00 00 
          00A            00 7E 00 00 00 00 00 00 
          009            41 87 00 00 00 00 00 00 
          008            0E 0A 00 00 00 00 00 00 
          009            41 87 00 00 00 00 00 00 
          008            0F 0A 00 00 00 00 00 00 
          00A            00 7E 00 00 00 00 00 00 
          009            41 87 00 00 00 00 00 00 
          008            01 AA 00 00 00 00 00 00 
          01F            00 AB 01 00 00 00 00 00 
          009            41 87 00 00 00 00 00 00 
          008            10 0A 00 00 00 00 00 00 
          00A            00 7E 00 00 00 00 00 00 
          009            41 87 00 00 00 00 00 00 
          008            00 82 00 01 00 00 00 00 
          009            41 87 00 00 00 00 00 00 
          008            02 AA 00 00 00 00 00 00 
          020            00 AB 02 00 00 00 00 00 
          00A            00 7E 00 00 00 00 00 00 
          009            41 87 00 00 00 00 00 00 
          008            00 83 00 00 00 00 00 00 
          009            41 87 00 00 00 00 00 00 
          008            00 84 00 00 00 00 00 00 
          00A            00 7E 00 00 00 00 00 00 
          009            41 87 00 00 00 00 00 00 
          008            03 AA 00 00 00 00 00 00 
          021            00 AB 03 00 00 00 00 00 
          009            41 87 00 00 00 00 00 00 
          008            00 85 00 00 00 20 20 33 
          00A            00 7E 00 00 00 00 00 00 
          009            41 87 00 00 00 00 00 00 
          008            00 86 00 00 00 03 01 02 
          009            41 87 00 00 00 00 00 00 
          008            14 0A 10 05 06 18 15 53 
          00A            00 7E 00 00 00 00 00 00 
          009            41 87 00 00 00 00 00 00 
          008            01 BC 03 00 00 00 00 00 
          009            41 87 00 00 00 00 00 00 
          008            04 AA 00 00 00 00 00 00 
          022            00 AB 04 00 00 00 00 00 
          00A            00 7E 00 00 00 00 00 00 
          009            41 87 00 00 00 00 00 00 
          008            00 01 03 00 00 03 0C 00 
          009            41 87 00 00 00 00 00 00 
          008            01 0A 00 00 00 00 00 00 
          00A            00 7E 00 00 00 00 00 00 
          009            41 87 00 00 00 00 00 00 
          008            01 AA 00 00 00 00 00 00 
          01F            00 AB 01 00 00 00 00 00 
          009            41 87 00 00 00 00 00 00 
          008            02 0A 00 00 00 00 00 00 
          00A            00 7E 00 00 00 00 00 00 
          009            41 87 00 00 00 00 00 00 
          008            03 0A 00 00 00 00 00 00 
          009            41 87 00 00 00 00 00 00 
          008            02 AA 00 00 00 00 00 00 
          020            00 AB 02 00 00 00 00 00 
          00A            00 7E 00 00 00 00 00 00 
          009            41 87 00 00 00 00 00 00 
          008            04 0A 04 00 00 00 03 20 
          009            41 87 00 00 00 00 00 00 
          008            05 0A 00 00 00 00 00 00 
          00A            00 7E 00 00 00 00 00 00 
          009            41 87 00 00 00 00 00 00 
          008            14 0A 10 05 06 18 15 54 
          009            41 87 00 00 00 00 00 00 
          008            06 0A 00 00 00 00 00 00 
          00A            00 7E 00 00 00 00 00 00 
          009            41 87 00 00 00 00 00 00 
          008            07 0A 00 00 00 00 00 00 
          009            41 87 00 00 00 00 00 00 
          008            03 AA 00 00 00 00 00 00 
          021            00 AB 03 00 00 00 00 00 
          00A            00 7E 00 00 00 00 00 00 
          009            41 87 00 00 00 00 00 00 
          008            08 0A 00 00 00 00 00 00 
          009            41 87 00 00 00 00 00 00 
          008            09 0A 00 00 00 00 00 00 
          00A            00 7E 00 00 00 00 00 00 
          009            41 87 00 00 00 00 00 00 
          008            01 BC 03 00 00 00 00 00 
          009            41 87 00 00 00 00 00 00 
          008            0A 0A 00 00 04 18 15 54 
          00A            00 7E 00 00 00 00 00 00 
          009            41 87 00 00 00 00 00 00 
          008            0B 0A 00 00 00 00 00 00 
          009            41 87 00 00 00 00 00 00 
          008            04 AA 00 00 00 00 00 00 
          022            00 AB 04 00 00 00 00 00 
          00A            00 7E 00 00 00 00 00 00 
          009            41 87 00 00 00 00 00 00 
          008            0C 0A 00 00 00 00 00 00 
          009            41 87 00 00 00 00 00 00 
          008            0D 0A 00 00 00 00 00 00 
          00A            00 7E 00 00 00 00 00 00 
          009            41 87 00 00 00 00 00 00 
          008            01 AA 00 00 00 00 00 00 
          01F            00 AB 01 00 00 00 00 00 
          009            41 87 00 00 00 00 00 00 
          008            0E 0A 00 00 00 00 00 00 
          00A            00 7E 00 00 00 00 00 00 
          009            41 87 00 00 00 00 00 00 
          008            0F 0A 00 00 00 00 00 00 
          009            41 87 00 00 00 00 00 00 
          008            02 AA 00 00 00 00 00 00 
          020            00 AB 02 00 00 00 00 00 
          00A            00 7E 00 00 00 00 00 00 
          009            41 87 00 00 00 00 00 00 
          008            10 0A 00 00 00 00 00 00 
          009            41 87 00 00 00 00 00 00 
          008            00 82 00 01 00 00 00 00 
          00A            00 7E 00 00 00 00 00 00 
          009            41 87 00 00 00 00 00 00 
          008            04 0A 04 40 00 00 03 20 
          009            41 87 00 00 00 00 00 00 
          008            08 82 00 01 00 00 00 00 
          00A            00 7E 00 00 00 00 00 00 
          009            41 87 00 00 00 00 00 00 
          008            00 01 03 10 00 03 0C 00 
          009            41 87 00 00 00 00 00 00 
          008            03 AA 00 00 00 00 00 00 
          021            00 AB 03 00 00 00 00 00 
          00A            00 7E 00 00 00 00 00 00 
          009            43 87 00 00 00 00 00 00 
          008            00 83 00 00 00 00 00 00 
          009            43 87 00 00 00 00 00 00 
          008            00 86 00 00 00 03 01 00 
          00A            00 7E 00 00 00 00 00 00 
          009            43 87 00 00 00 00 00 00 
          008            00 84 00 00 00 00 00 00 
          009            43 87 00 00 00 00 00 00 
          008            04 AA 00 00 00 00 00 00 
          022            00 AB 04 00 00 00 00 00 
          00A            00 7E 00 00 00 00 00 00 
          009            43 87 00 00 00 00 00 00 
          008            00 85 00 00 00 20 20 33 
          009            43 87 00 00 00 00 00 00 
          008            00 86 00 00 00 03 01 00 
          00A            00 7E 00 00 00 00 00 00 
          009            43 87 00 00 00 00 00 00 
          008            14 0A 10 05 06 18 15 55 
          009            43 87 00 00 00 00 00 00 
          008            00 86 00 00 00 03 01 01 
          00A            00 7E 00 00 00 00 00 00 
          009            43 87 00 00 00 00 00 00 
          008            01 BC 03 00 00 00 00 00 
          009            42 87 00 00 00 00 00 00 
          008            01 AA 00 00 00 00 00 00 
          01F            00 AB 01 00 00 00 00 00 
          00A            00 7E 00 00 00 00 00 00 
          009            42 87 00 00 00 00 00 00 
          008            00 82 00 01 00 00 00 00 
          009            42 87 00 00 00 00 00 00 
          008            00 86 00 00 00 03 01 05 
          00A            00 7E 00 00 00 00 00 00 
          009            42 87 00 00 00 00 00 00 
          008            00 01 03 00 00 03 0C 00 
          009            42 87 00 00 00 00 00 00 
          008            04 0A 04 00 00 00 03 20 
          00A            00 7E 00 00 00 00 00 00 
          009            42 87 00 00 00 00 00 00 
          008            00 01 03 00 00 03 0C 00 
          009            42 87 00 00 00 00 00 00 
          008            01 0A 00 00 00 00 00 00 
          00A            00 7E 00 00 00 00 00 00 
          009            42 87 00 00 00 00 00 00 
          008            02 AA 00 00 00 00 00 00 
          020            00 AB 02 00 00 00 00 00 
          009            42 87 00 00 00 00 00 00 
          008            02 0A 00 00 00 00 00 00 
          00A            00 7E 00 00 00 00 00 00 
          009            42 87 00 00 00 00 00 00 
          008            03 0A 00 00 00 00 00 00 
          009            42 87 00 00 00 00 00 00 
          008            03 AA 00 00 00 00 00 00 
          021            00 AB 03 00 00 00 00 00 
          00A            00 7E 00 00 00 00 00 00 
          009            42 87 00 00 00 00 00 00 
          008            04 0A 04 00 00 00 03 20 
          009            42 87 00 00 00 00 00 00 
          008            05 0A 00 00 00 00 00 00 
          00A            00 7E 00 00 00 00 00 00 
          009            42 87 00 00 00 00 00 00 
          008            14 0A 10 05 06 18 15 56 
          009            42 87 00 00 00 00 00 00 
          008            06 0A 00 00 00 00 00 00 
          00A            00 7E 00 00 00 00 00 00 
          009            42 87 00 00 00 00 00 00 
          008            07 0A 00 00 00 00 00 00 
          009            42 87 00 00 00 00 00 00 
          008            04 AA 00 00 00 00 00 00 
          022            00 AB 04 00 00 00 00 00 
          00A            00 7E 00 00 00 00 00 00 
          009            42 87 00 00 00 00 00 00 
          008            08 0A 00 00 00 00 00 00 
          009            42 87 00 00 00 00 00 00 
          008            09 0A 00 00 00 00 00 00 
          00A            00 7E 00 00 00 00 00 00 
          009            42 87 00 00 00 00 00 00 
          008            01 BC 03 00 00 00 00 00 
          009            42 87 00 00 00 00 00 00 
          008            0A 0A 00 00 04 18 15 56 
          00A            00 7E 00 00 00 00 00 00 
          009            42 87 00 00 00 00 00 00 
          008            0B 0A 00 00 00 00 00 00 
          009            42 87 00 00 00 00 00 00 
          008            01 AA 00 00 00 00 00 00 
          01F            00 AB 01 00 00 00 00 00 
          00A            00 7E 00 00 00 00 00 00 
          009            42 87 00 00 00 00 00 00 
          008            0C 0A 00 00 00 00 00 00 
          009            42 87 00 00 00 00 00 00 
          008            0D 0A 00 00 00 00 00 00 
          00A            00 7E 00 00 00 00 00 00 
          009            42 87 00 00 00 00 00 00 
          008            02 AA 00 00 00 00 00 00 
          020            00 AB 02 00 00 00 00 00 
          009            42 87 00 00 00 00 00 00 
          008            0E 0A 00 00 00 00 00 00 
          00A            00 7E 00 00 00 00 00 00 
          009            42 87 00 00 00 00 00 00 
          008            0F 0A 00 00 00 00 00 00 
          009            42 87 00 00 00 00 00 00 
          008            03 AA 00 00 00 00 00 00 
          021            00 AB 03 00 00 00 00 00 
          00A            00 7E 00 00 00 00 00 00 
          009            42 87 00 00 00 00 00 00 
          008            10 0A 00 00 00 00 00 00 
          009            42 87 00 00 00 00 00 00 
          008            00 82 00 01 00 00 00 00 
          00A            00 7E 00 00 00 00 00 00 
          009            42 87 00 00 00 00 00 00 
          008            04 AA 00 00 00 00 00 00 
          022            00 AB 04 00 00 00 00 00 
          009            42 87 00 00 00 00 00 00 
          008            00 83 00 00 00 00 00 00 
          00A            00 7E 00 00 00 00 00 00 
          009            42 87 00 00 00 00 00 00 
          008            00 84 00 00 00 00 00 00 
          009            42 87 00 00 00 00 00 00 
          008            01 AA 00 00 00 00 00 00 
          01F            00 AB 01 00 00 00 00 00 
          00A            00 7E 00 00 00 00 00 00 
          009            42 87 00 00 00 00 00 00 
          008            00 85 00 00 00 20 20 33 
          009            42 87 00 00 00 00 00 00 
          008            00 86 00 00 00 03 01 05 
          00A            00 7E 00 00 00 00 00 00 
          009            42 87 00 00 00 00 00 00 
          008            14 0A 10 05 06 18 15 57 
          009            42 87 00 00 00 00 00 00 
          008            01 BC 03 00 00 00 00 00 
          00A            00 7E 00 00 00 00 00 00 
          009            42 87 00 00 00 00 00 00 
          008            02 AA 00 00 00 00 00 00 
          020            00 AB 02 00 00 00 00 00 
          009            42 87 00 00 00 00 00 00 
          008            00 01 03 00 00 03 0C 00 
          00A            00 7E 00 00 00 00 00 00 
          009            42 87 00 00 00 00 00 00 
          008            01 0A 00 00 00 00 00 00 
          009            42 87 00 00 00 00 00 00 
          008            03 AA 00 00 00 00 00 00 
          021            00 AB 03 00 00 00 00 00 
          00A            00 7E 00 00 00 00 00 00 
          009            42 87 00 00 00 00 00 00 
