    
             009            42 87 00 00 00 00 00 00 
             009            42 87 00 00 00 00 00 00 
             009            42 87 00 00 00 00 00 00 
             009            42 87 00 00 00 00 00 00 
             009            42 87 00 00 00 00 00 00 
             009            42 87 00 00 00 00 00 00 
             009            42 87 00 00 00 00 00 00 
             009            42 87 00 00 00 00 00 00 
             009            42 87 00 00 00 00 00 00 
             009            42 87 00 00 00 00 00 00 
             009            42 87 00 00 00 00 00 00 
             009            42 87 00 00 00 00 00 00 
             009            42 87 00 00 00 00 00 00 
             009            42 87 00 00 00 00 00 00 
             009            42 87 00 00 00 00 00 00 
             009            42 87 00 00 00 00 00 00 
             009            42 87 00 00 00 00 00 00 
             009            42 87 00 00 00 00 00 00 
             009            42 87 00 00 00 00 00 00 
             009            42 87 00 00 00 00 00 00 
             009            42 87 00 00 00 00 00 00 
             009            42 87 00 00 00 00 00 00 
             009            42 87 00 00 00 00 00 00 
             009            42 87 00 00 00 00 00 00 
             009            42 87 00 00 00 00 00 00 
             009            42 87 00 00 00 00 00 00 
             009            42 87 00 00 00 00 00 00 
             009            42 87 00 00 00 00 00 00 
             009            42 87 00 00 00 00 00 00 
             009            42 87 00 00 00 00 00 00 
             009            42 87 00 00 00 00 00 00 
             009            42 87 00 00 00 00 00 00 
             009            42 87 00 00 00 00 00 00 
             009            42 87 00 00 00 00 00 00 
             009            42 87 00 00 00 00 00 00 
             009            42 87 00 00 00 00 00 00 
             009            42 87 00 00 00 00 00 00 
             009            42 87 00 00 00 00 00 00 
             009            42 87 00 00 00 00 00 00 
             009            42 87 00 00 00 00 00 00 
             009            42 87 00 00 00 00 00 00 
             008            01 0A 00 00 00 00 00 00 
             00A            00 7E 00 00 00 00 00 00 
             009            42 87 00 00 00 00 00 00 
             008            02 0A 00 00 00 00 00 00 
             009            42 87 00 00 00 00 00 00 
             008            03 0A 00 00 00 00 00 00 
             00A            00 7E 00 00 00 00 00 00 
             009            42 87 00 00 00 00 00 00 
             008            04 0A 04 00 00 00 03 20 
             009            42 87 00 00 00 00 00 00 
             008            05 0A 00 00 00 00 00 00 
             00A            00 7E 00 00 00 00 00 00 
             009            42 87 00 00 00 00 00 00 
             008            06 0A 00 00 00 00 00 00 
             009            42 87 00 00 00 00 00 00 
             008            07 0A 00 00 00 00 00 00 
             00A            00 7E 00 00 00 00 00 00 
             009            42 87 00 00 00 00 00 00 
             008            08 0A 00 00 00 00 00 00 
             009            42 87 00 00 00 00 00 00 
             008            09 0A 00 00 00 00 00 00 
             00A            00 7E 00 00 00 00 00 00 
             009            42 87 00 00 00 00 00 00 
             008            0A 0A 00 00 03 19 02 06 
             009            42 87 00 00 00 00 00 00 
             008            0B 0A 00 00 00 00 00 00 
             00A            00 7E 00 00 00 00 00 00 
             009            42 87 00 00 00 00 00 00 
             008            0C 0A 00 00 00 00 00 00 
             009            42 87 00 00 00 00 00 00 
             008            0D 0A 00 00 00 00 00 00 
             00A            00 7E 00 00 00 00 00 00 
             009            42 87 00 00 00 00 00 00 
             008            0E 0A 00 00 00 00 00 00 
             009            42 87 00 00 00 00 00 00 
             008            0F 0A 00 00 00 00 00 00 
             00A            00 7E 00 00 00 00 00 00 
             009            42 87 00 00 00 00 00 00 
             008            10 0A 00 00 00 00 00 00 
             009            42 87 00 00 00 00 00 00 
             008            00 82 00 00 00 00 00 00 
             00A            00 7E 00 00 00 00 00 00 
             009            42 87 00 00 00 00 00 00 
             008            00 83 00 00 00 00 00 00 
             009            42 87 00 00 00 00 00 00 
             008            00 84 00 00 00 00 00 00 
             00A            00 7E 00 00 00 00 00 00 
             009            42 87 00 00 00 00 00 00 
             008            00 85 00 00 00 20 20 33 
             009            42 87 00 00 00 00 00 00 
             008            00 86 00 00 00 03 01 05 
             00A            00 7E 00 00 00 00 00 00 
             009            42 87 00 00 00 00 00 00 
             008            00 01 03 00 00 03 00 00 
             009            42 87 00 00 00 00 00 00 
             008            00 01 03 00 00 03 00 00 
             00A            00 7E 00 00 00 00 00 00 
             009            42 87 00 00 00 00 00 00 
             008            01 0A 00 00 00 00 00 00 
             009            42 87 00 00 00 00 00 00 
             008            01 AA 00 00 00 00 00 00 
             01F            00 AB 01 00 00 00 00 00 
             00A            00 7E 00 00 00 00 00 00 
             009            42 87 00 00 00 00 00 00 
             008            02 0A 00 00 00 00 00 00 
             009            42 87 00 00 00 00 00 00 
             008            03 0A 00 00 00 00 00 00 
             00A            00 7E 00 00 00 00 00 00 
             009            42 87 00 00 00 00 00 00 
             008            02 AA 00 00 00 00 00 00 
             020            00 AB 02 00 00 00 00 00 
             009            42 87 00 00 00 00 00 00 
             008            04 0A 04 00 00 00 03 20 
             00A            00 7E 00 00 00 00 00 00 
             009            42 87 00 00 00 00 00 00 
             008            05 0A 00 00 00 00 00 00 
             009            42 87 00 00 00 00 00 00 
             008            14 0A 10 05 03 19 02 07 
             00A            00 7E 00 00 00 00 00 00 
             009            42 87 00 00 00 00 00 00 
             008            06 0A 00 00 00 00 00 00 
             009            42 87 00 00 00 00 00 00 
             008            07 0A 00 00 00 00 00 00 
             00A            00 7E 00 00 00 00 00 00 
             009            42 87 00 00 00 00 00 00 
             008            03 AA 00 00 00 00 00 00 
             021            00 AB 03 00 00 00 00 00 
             009            42 87 00 00 00 00 00 00 
             008            08 0A 00 00 00 00 00 00 
             00A            00 7E 00 00 00 00 00 00 
             009            42 87 00 00 00 00 00 00 
             008            09 0A 00 00 00 00 00 00 
             009            42 87 00 00 00 00 00 00 
             008            01 BC 03 00 00 00 00 00 
             00A            00 7E 00 00 00 00 00 00 
             009            42 87 00 00 00 00 00 00 
             008            0A 0A 00 00 03 19 02 08 
             009            42 87 00 00 00 00 00 00 
             008            0B 0A 00 00 00 00 00 00 
             00A            00 7E 00 00 00 00 00 00 
             009            42 87 00 00 00 00 00 00 
             008            04 AA 00 00 00 00 00 00 
             022            00 AB 04 00 00 00 00 00 
             009            42 87 00 00 00 00 00 00 
             008            0C 0A 00 00 00 00 00 00 
             00A            00 7E 00 00 00 00 00 00 
             009            42 87 00 00 00 00 00 00 
             008            0D 0A 00 00 00 00 00 00 
             009            42 87 00 00 00 00 00 00 
             008            01 AA 00 00 00 00 00 00 
             01F            00 AB 01 00 00 00 00 00 
             00A            00 7E 00 00 00 00 00 00 
             009            42 87 00 00 00 00 00 00 
             008            0E 0A 00 00 00 00 00 00 
             009            42 87 00 00 00 00 00 00 
             008            0F 0A 00 00 00 00 00 00 
             00A            00 7E 00 00 00 00 00 00 
             009            42 87 00 00 00 00 00 00 
             008            02 AA 00 00 00 00 00 00 
             020            00 AB 02 00 00 00 00 00 
             009            42 87 00 00 00 00 00 00 
             008            10 0A 00 00 00 00 00 00 
             00A            00 7E 00 00 00 00 00 00 
             009            42 87 00 00 00 00 00 00 
             008            00 82 00 00 00 00 00 00 
             009            42 87 00 00 00 00 00 00 
             008            03 AA 00 00 00 00 00 00 
             021            00 AB 03 00 00 00 00 00 
             00A            00 7E 00 00 00 00 00 00 
             009            42 87 00 00 00 00 00 00 
             008            00 83 00 00 00 00 00 00 
             009            42 87 00 00 00 00 00 00 
             008            00 84 00 00 00 00 00 00 
             00A            00 7E 00 00 00 00 00 00 
             009            42 87 00 00 00 00 00 00 
             008            04 AA 00 00 00 00 00 00 
             022            00 AB 04 00 00 00 00 00 
             009            42 87 00 00 00 00 00 00 
             008            00 85 00 00 00 20 20 33 
             00A            00 7E 00 00 00 00 00 00 
             009            42 87 00 00 00 00 00 00 
             008            00 86 00 00 00 03 01 05 
             009            42 87 00 00 00 00 00 00 
             008            14 0A 10 05 03 19 02 09 
             00A            00 7E 00 00 00 00 00 00 
             009            42 87 00 00 00 00 00 00 
             008            01 BC 03 00 00 00 00 00 
             009            42 87 00 00 00 00 00 00 
             008            01 AA 00 00 00 00 00 00 
             01F            00 AB 01 00 00 00 00 00 
             00A            00 7E 00 00 00 00 00 00 
             009            42 87 00 00 00 00 00 00 
             008            00 01 03 00 00 03 00 00 
             009            42 87 00 00 00 00 00 00 
             008            01 0A 00 00 00 00 00 00 
             00A            00 7E 00 00 00 00 00 00 
             009            42 87 00 00 00 00 00 00 
             008            02 AA 00 00 00 00 00 00 
             020            00 AB 02 00 00 00 00 00 
             009            42 87 00 00 00 00 00 00 
             008            02 0A 00 00 00 00 00 00 
             00A            00 7E 00 00 00 00 00 00 
             009            42 87 00 00 00 00 00 00 
             008            03 0A 00 00 00 00 00 00 
             009            42 87 00 00 00 00 00 00 
             008            03 AA 00 00 00 00 00 00 
             021            00 AB 03 00 00 00 00 00 
             00A            00 7E 00 00 00 00 00 00 
             009            42 87 00 00 00 00 00 00 
             008            04 0A 04 00 00 00 03 20 
             009            42 87 00 00 00 00 00 00 
             008            05 0A 00 00 00 00 00 00 
             00A            00 7E 00 00 00 00 00 00 
             009            42 87 00 00 00 00 00 00 
             008            14 0A 10 05 03 19 02 09 
             009            42 87 00 00 00 00 00 00 
             008            06 0A 00 00 00 00 00 00 
             00A            00 7E 00 00 00 00 00 00 
             009            42 87 00 00 00 00 00 00 
             008            07 0A 00 00 00 00 00 00 
             009            42 87 00 00 00 00 00 00 
             008            04 AA 00 00 00 00 00 00 
             022            00 AB 04 00 00 00 00 00 
             00A            00 7E 00 00 00 00 00 00 
             009            42 87 00 00 00 00 00 00 
             008            08 0A 00 00 00 00 00 00 
             009            42 87 00 00 00 00 00 00 
             008            09 0A 00 00 00 00 00 00 
             00A            00 7E 00 00 00 00 00 00 
             009            42 87 00 00 00 00 00 00 
             008            01 BC 03 00 00 00 00 00 
             009            42 87 00 00 00 00 00 00 
             008            0A 0A 00 00 03 19 02 10 
             00A            00 7E 00 00 00 00 00 00 
             009            42 87 00 00 00 00 00 00 
             008            0B 0A 00 00 00 00 00 00 
             009            42 87 00 00 00 00 00 00 
             008            01 AA 00 00 00 00 00 00 
             01F            00 AB 01 00 00 00 00 00 
             00A            00 7E 00 00 00 00 00 00 
             009            42 87 00 00 00 00 00 00 
             008            0C 0A 00 00 00 00 00 00 
             009            42 87 00 00 00 00 00 00 
             008            0D 0A 00 00 00 00 00 00 
             00A            00 7E 00 00 00 00 00 00 
             009            42 87 00 00 00 00 00 00 
             008            02 AA 00 00 00 00 00 00 
             020            00 AB 02 00 00 00 00 00 
             009            42 87 00 00 00 00 00 00 
             008            0E 0A 00 00 00 00 00 00 
             00A            00 7E 00 00 00 00 00 00 
             009            42 87 00 00 00 00 00 00 
             008            0F 0A 00 00 00 00 00 00 
             009            42 87 00 00 00 00 00 00 
             008            03 AA 00 00 00 00 00 00 
             021            00 AB 03 00 00 00 00 00 
             00A            00 7E 00 00 00 00 00 00 
             009            42 87 00 00 00 00 00 00 
             008            10 0A 00 00 00 00 00 00 
             009            42 87 00 00 00 00 00 00 
             008            00 82 00 00 00 00 00 00 
             00A            00 7E 00 00 00 00 00 00 
             009            42 87 00 00 00 00 00 00 
             008            04 AA 00 00 00 00 00 00 
             022            00 AB 04 00 00 00 00 00 
             009            42 87 00 00 00 00 00 00 
             008            00 83 00 00 00 00 00 00 
             00A            00 7E 00 00 00 00 00 00 
             009            42 87 00 00 00 00 00 00 
             008            00 84 00 00 00 00 00 00 
             009            42 87 00 00 00 00 00 00 
             008            01 AA 00 00 00 00 00 00 
             01F            00 AB 01 00 00 00 00 00 
             00A            00 7E 00 00 00 00 00 00 
             009            42 87 00 00 00 00 00 00 
             008            00 85 00 00 00 20 20 33 
             009            42 87 00 00 00 00 00 00 
             008            00 86 00 00 00 03 01 05 
             00A            00 7E 00 00 00 00 00 00 
             009            42 87 00 00 00 00 00 00 
             008            14 0A 10 05 03 19 02 10 
             009            42 87 00 00 00 00 00 00 
             008            01 BC 03 00 00 00 00 00 
             00A            00 7E 00 00 00 00 00 00 
             009            42 87 00 00 00 00 00 00 
             008            02 AA 00 00 00 00 00 00 
             020            00 AB 02 00 00 00 00 00 
             009            42 87 00 00 00 00 00 00 
             008            00 01 03 00 00 03 00 00 
             00A            00 7E 00 00 00 00 00 00 
             009            42 87 00 00 00 00 00 00 
             008            01 0A 00 00 00 00 00 00 
             009            42 87 00 00 00 00 00 00 
             008            03 AA 00 00 00 00 00 00 
             021            00 AB 03 00 00 00 00 00 
             00A            00 7E 00 00 00 00 00 00 
             009            42 87 00 00 00 00 00 00 
             008            02 0A 00 00 00 00 00 00 
             009            42 87 00 00 00 00 00 00 
             008            03 0A 00 00 00 00 00 00 
             00A            00 7E 00 00 00 00 00 00 
             009            42 87 00 00 00 00 00 00 
             008            04 AA 00 00 00 00 00 00 
             022            00 AB 04 00 00 00 00 00 
             009            42 87 00 00 00 00 00 00 
             008            04 0A 04 00 00 00 03 20 
             00A            00 7E 00 00 00 00 00 00 
             009            42 87 00 00 00 00 00 00 
             008            05 0A 00 00 00 00 00 00 
             009            42 87 00 00 00 00 00 00 
             008            14 0A 10 05 03 19 02 11 
             00A            00 7E 00 00 00 00 00 00 
             009            42 87 00 00 00 00 00 00 
             008            06 0A 00 00 00 00 00 00 
             009            42 87 00 00 00 00 00 00 
             008            07 0A 00 00 00 00 00 00 
             00A            00 7E 00 00 00 00 00 00 
             009            42 87 00 00 00 00 00 00 
             008            01 AA 00 00 00 00 00 00 
             01F            00 AB 01 00 00 00 00 00 
             009            42 87 00 00 00 00 00 00 
             008            08 0A 00 00 00 00 00 00 
             00A            00 7E 00 00 00 00 00 00 
             009            42 87 00 00 00 00 00 00 
             008            09 0A 00 00 00 00 00 00 
             009            42 87 00 00 00 00 00 00 
             008            01 BC 03 00 00 00 00 00 
             00A            00 7E 00 00 00 00 00 00 
             009            42 87 00 00 00 00 00 00 
             008            0A 0A 00 00 03 19 02 11 
             009            42 87 00 00 00 00 00 00 
             008            0B 0A 00 00 00 00 00 00 
             00A            00 7E 00 00 00 00 00 00 
             009            42 87 00 00 00 00 00 00 
             008            02 AA 00 00 00 00 00 00 
             020            00 AB 02 00 00 00 00 00 
             009            42 87 00 00 00 00 00 00 
             008            0C 0A 00 00 00 00 00 00 
             00A            00 7E 00 00 00 00 00 00 
             009            42 87 00 00 00 00 00 00 
             008            0D 0A 00 00 00 00 00 00 
             009            42 87 00 00 00 00 00 00 
             008            03 AA 00 00 00 00 00 00 
             021            00 AB 03 00 00 00 00 00 
             00A            00 7E 00 00 00 00 00 00 
             009            42 87 00 00 00 00 00 00 
             008            0E 0A 00 00 00 00 00 00 
             009            42 87 00 00 00 00 00 00 
             008            0F 0A 00 00 00 00 00 00 
             00A            00 7E 00 00 00 00 00 00 
             009            42 87 00 00 00 00 00 00 
             008            04 AA 00 00 00 00 00 00 
             022            00 AB 04 00 00 00 00 00 
             009            42 87 00 00 00 00 00 00 
             008            10 0A 00 00 00 00 00 00 
             00A            00 7E 00 00 00 00 00 00 
             009            42 87 00 00 00 00 00 00 
             008            00 82 00 00 00 00 00 00 
             009            42 87 00 00 00 00 00 00 
             008            01 AA 00 00 00 00 00 00 
             01F            00 AB 01 00 00 00 00 00 
             00A            00 7E 00 00 00 00 00 00 
             009            42 87 00 00 00 00 00 00 
             008            00 83 00 00 00 00 00 00 
             009            42 87 00 00 00 00 00 00 
             008            00 84 00 00 00 00 00 00 
             00A            00 7E 00 00 00 00 00 00 
             009            42 87 00 00 00 00 00 00 
             008            02 AA 00 00 00 00 00 00 
             020            00 AB 02 00 00 00 00 00 
             009            42 87 00 00 00 00 00 00 
             008            00 85 00 00 00 20 20 33 
             00A            00 7E 00 00 00 00 00 00 
             009            42 87 00 00 00 00 00 00 
             008            00 86 00 00 00 03 01 05 
             009            42 87 00 00 00 00 00 00 
             008            14 0A 10 05 03 19 02 12 
             00A            00 7E 00 00 00 00 00 00 
             009            42 87 00 00 00 00 00 00 
             008            01 BC 03 00 00 00 00 00 
             009            42 87 00 00 00 00 00 00 
             008            03 AA 00 00 00 00 00 00 
             021            00 AB 03 00 00 00 00 00 
             00A            00 7E 00 00 00 00 00 00 
             009            42 87 00 00 00 00 00 00 
             008            00 01 03 00 00 03 00 00 
             009            42 87 00 00 00 00 00 00 
             008            01 0A 00 00 00 00 00 00 
             00A            00 7E 00 00 00 00 00 00 
             009            42 87 00 00 00 00 00 00 
             008            04 AA 00 00 00 00 00 00 
             022            00 AB 04 00 00 00 00 00 
             009            42 87 00 00 00 00 00 00 
             008            02 0A 00 00 00 00 00 00 
             00A            00 7E 00 00 00 00 00 00 
             009            42 87 00 00 00 00 00 00 
             008            03 0A 00 00 00 00 00 00 
             009            42 87 00 00 00 00 00 00 
             008            01 AA 00 00 00 00 00 00 
             01F            00 AB 01 00 00 00 00 00 
             00A            00 7E 00 00 00 00 00 00 
             009            42 87 00 00 00 00 00 00 
             008            04 0A 04 00 00 00 03 20 
             009            42 87 00 00 00 00 00 00 
             008            05 0A 00 00 00 00 00 00 
             00A            00 7E 00 00 00 00 00 00 
             009            42 87 00 00 00 00 00 00 
             008            14 0A 10 05 03 19 02 13 
             009            42 87 00 00 00 00 00 00 
             008            06 0A 00 00 00 00 00 00 
             00A            00 7E 00 00 00 00 00 00 
             009            42 87 00 00 00 00 00 00 
             008            07 0A 00 00 00 00 00 00 
             009            42 87 00 00 00 00 00 00 
             008            02 AA 00 00 00 00 00 00 
             020            00 AB 02 00 00 00 00 00 
             00A            00 7E 00 00 00 00 00 00 
             009            42 87 00 00 00 00 00 00 
             008            08 0A 00 00 00 00 00 00 
             009            42 87 00 00 00 00 00 00 
             008            09 0A 00 00 00 00 00 00 
             00A            00 7E 00 00 00 00 00 00 
             009            42 87 00 00 00 00 00 00 
             008            01 BC 03 00 00 00 00 00 
             009            42 87 00 00 00 00 00 00 
             008            0A 0A 00 00 03 19 02 13 
             00A            00 7E 00 00 00 00 00 00 
             009            42 87 00 00 00 00 00 00 
             008            0B 0A 00 00 00 00 00 00 
             009            42 87 00 00 00 00 00 00 
             008            03 AA 00 00 00 00 00 00 
             021            00 AB 03 00 00 00 00 00 
             00A            00 7E 00 00 00 00 00 00 
             009            42 87 00 00 00 00 00 00 
             008            0C 0A 00 00 00 00 00 00 
             009            42 87 00 00 00 00 00 00 
             008            0D 0A 00 00 00 00 00 00 
             00A            00 7E 00 00 00 00 00 00 
             009            42 87 00 00 00 00 00 00 
             008            04 AA 00 00 00 00 00 00 
             022            00 AB 04 00 00 00 00 00 
             009            42 87 00 00 00 00 00 00 
             008            0E 0A 00 00 00 00 00 00 
             00A            00 7E 00 00 00 00 00 00 
             009            42 87 00 00 00 00 00 00 
             008            0F 0A 00 00 00 00 00 00 
             009            42 87 00 00 00 00 00 00 
             008            01 AA 00 00 00 00 00 00 
             01F            00 AB 01 00 00 00 00 00 
             00A            00 7E 00 00 00 00 00 00 
             009            42 87 00 00 00 00 00 00 
             008            10 0A 00 00 00 00 00 00 
             009            42 87 00 00 00 00 00 00 
             008            00 82 00 00 00 00 00 00 
             00A            00 7E 00 00 00 00 00 00 
             009            42 87 00 00 00 00 00 00 
             008            02 AA 00 00 00 00 00 00 
             020            00 AB 02 00 00 00 00 00 
             009            42 87 00 00 00 00 00 00 
             008            00 83 00 00 00 00 00 00 
             00A            00 7E 00 00 00 00 00 00 
             009            42 87 00 00 00 00 00 00 
             008            00 84 00 00 00 00 00 00 
             009            42 87 00 00 00 00 00 00 
             008            03 AA 00 00 00 00 00 00 
             021            00 AB 03 00 00 00 00 00 
             00A            00 7E 00 00 00 00 00 00 
             009            42 87 00 00 00 00 00 00 
             008            00 85 00 00 00 20 20 33 
             009            42 87 00 00 00 00 00 00 
             008            00 86 00 00 00 03 01 05 
             00A            00 7E 00 00 00 00 00 00 
             009            42 87 00 00 00 00 00 00 
             008            14 0A 10 05 03 19 02 14 
             009            42 87 00 00 00 00 00 00 
             008            01 BC 03 00 00 00 00 00 
             00A            00 7E 00 00 00 00 00 00 
             009            42 87 00 00 00 00 00 00 
             008            04 AA 00 00 00 00 00 00 
             022            00 AB 04 00 00 00 00 00 
             009            42 87 00 00 00 00 00 00 
             008            00 01 03 00 00 03 00 00 
             00A            00 7E 00 00 00 00 00 00 
             009            42 87 00 00 00 00 00 00 
             008            01 0A 00 00 00 00 00 00 
             009            42 87 00 00 00 00 00 00 
             008            01 AA 00 00 00 00 00 00 
             01F            00 AB 01 00 00 00 00 00 
             00A            00 7E 00 00 00 00 00 00 
             009            42 87 00 00 00 00 00 00 
             008            02 0A 00 00 00 00 00 00 
             009            42 87 00 00 00 00 00 00 
             008            03 0A 00 00 00 00 00 00 
             00A            00 7E 00 00 00 00 00 00 
             009            42 87 00 00 00 00 00 00 
             008            02 AA 00 00 00 00 00 00 
             020            00 AB 02 00 00 00 00 00 
             009            42 87 00 00 00 00 00 00 
             008            04 0A 04 00 00 00 03 20 
             00A            00 7E 00 00 00 00 00 00 
             009            42 87 00 00 00 00 00 00 
             008            05 0A 00 00 00 00 00 00 
             009            42 87 00 00 00 00 00 00 
             008            14 0A 10 05 03 19 02 14 
             00A            00 7E 00 00 00 00 00 00 
             009            42 87 00 00 00 00 00 00 
             008            06 0A 00 00 00 00 00 00 
             009            42 87 00 00 00 00 00 00 
             008            07 0A 00 00 00 00 00 00 
             00A            00 7E 00 00 00 00 00 00 
             009            42 87 00 00 00 00 00 00 
             008            03 AA 00 00 00 00 00 00 
             021            00 AB 03 00 00 00 00 00 
             009            42 87 00 00 00 00 00 00 
             008            08 0A 00 00 00 00 00 00 
             00A            00 7E 00 00 00 00 00 00 
             009            42 87 00 00 00 00 00 00 
             008            09 0A 00 00 00 00 00 00 
             009            42 87 00 00 00 00 00 00 
             008            01 BC 03 00 00 00 00 00 
             00A            00 7E 00 00 00 00 00 00 
             009            42 87 00 00 00 00 00 00 
             008            0A 0A 00 00 03 19 02 15 
             009            42 87 00 00 00 00 00 00 
             008            0B 0A 00 00 00 00 00 00 
             00A            00 7E 00 00 00 00 00 00 
             009            42 87 00 00 00 00 00 00 
             008            04 AA 00 00 00 00 00 00 
             022            00 AB 04 00 00 00 00 00 
             009            42 87 00 00 00 00 00 00 
             008            0C 0A 00 00 00 00 00 00 
             00A            00 7E 00 00 00 00 00 00 
             009            42 87 00 00 00 00 00 00 
             008            0D 0A 00 00 00 00 00 00 
             009            42 87 00 00 00 00 00 00 
             008            01 AA 00 00 00 00 00 00 
             01F            00 AB 01 00 00 00 00 00 
             00A            00 7E 00 00 00 00 00 00 
             009            42 87 00 00 00 00 00 00 
             008            0E 0A 00 00 00 00 00 00 
             009            42 87 00 00 00 00 00 00 
             008            0F 0A 00 00 00 00 00 00 
             00A            00 7E 00 00 00 00 00 00 
             009            42 87 00 00 00 00 00 00 
             008            02 AA 00 00 00 00 00 00 
             020            00 AB 02 00 00 00 00 00 
             009            42 87 00 00 00 00 00 00 
             008            10 0A 00 00 00 00 00 00 
             00A            00 7E 00 00 00 00 00 00 
             009            42 87 00 00 00 00 00 00 
             008            00 82 00 00 00 00 00 00 
             009            42 87 00 00 00 00 00 00 
             008            03 AA 00 00 00 00 00 00 
             021            00 AB 03 00 00 00 00 00 
             00A            00 7E 00 00 00 00 00 00 
             009            42 87 00 00 00 00 00 00 
             008            00 83 00 00 00 00 00 00 
             009            42 87 00 00 00 00 00 00 
             008            00 84 00 00 00 00 00 00 
             00A            00 7E 00 00 00 00 00 00 
             009            42 87 00 00 00 00 00 00 
             008            04 AA 00 00 00 00 00 00 
             022            00 AB 04 00 00 00 00 00 
             009            42 87 00 00 00 00 00 00 
             008            00 85 00 00 00 20 20 33 
             00A            00 7E 00 00 00 00 00 00 
             009            42 87 00 00 00 00 00 00 
             008            00 86 00 00 00 03 01 05 
             009            42 87 00 00 00 00 00 00 
             008            14 0A 10 05 03 19 02 16 
             00A            00 7E 00 00 00 00 00 00 
             009            42 87 00 00 00 00 00 00 
             008            01 BC 03 00 00 00 00 00 
             009            42 87 00 00 00 00 00 00 
             008            01 AA 00 00 00 00 00 00 
             01F            00 AB 01 00 00 00 00 00 
             00A            00 7E 00 00 00 00 00 00 
             009            42 87 00 00 00 00 00 00 
             008            00 01 03 00 00 03 00 00 
             009            42 87 00 00 00 00 00 00 
             008            01 0A 00 00 00 00 00 00 
             00A            00 7E 00 00 00 00 00 00 
             009            42 87 00 00 00 00 00 00 
             008            02 AA 00 00 00 00 00 00 
             020            00 AB 02 00 00 00 00 00 
             009            42 87 00 00 00 00 00 00 
             008            02 0A 00 00 00 00 00 00 
             00A            00 7E 00 00 00 00 00 00 
             009            42 87 00 00 00 00 00 00 
             008            03 0A 00 00 00 00 00 00 
             009            42 87 00 00 00 00 00 00 
             008            03 AA 00 00 00 00 00 00 
             021            00 AB 03 00 00 00 00 00 
             00A            00 7E 00 00 00 00 00 00 
             009            42 87 00 00 00 00 00 00 
             008            04 0A 04 00 00 00 03 20 
             009            42 87 00 00 00 00 00 00 
             008            05 0A 00 00 00 00 00 00 
             00A            00 7E 00 00 00 00 00 00 
             009            42 87 00 00 00 00 00 00 
             008            14 0A 10 05 03 19 02 17 
             009            42 87 00 00 00 00 00 00 
             008            06 0A 00 00 00 00 00 00 
             00A            00 7E 00 00 00 00 00 00 
             009            42 87 00 00 00 00 00 00 
             008            07 0A 00 00 00 00 00 00 
             009            42 87 00 00 00 00 00 00 
             008            04 AA 00 00 00 00 00 00 
             022            00 AB 04 00 00 00 00 00 
             00A            00 7E 00 00 00 00 00 00 
             009            42 87 00 00 00 00 00 00 
             008            08 0A 00 00 00 00 00 00 
             009            42 87 00 00 00 00 00 00 
             008            09 0A 00 00 00 00 00 00 
             00A            00 7E 00 00 00 00 00 00 
             009            42 87 00 00 00 00 00 00 
             008            04 0A 04 00 00 01 03 20 
             009            42 87 00 00 00 00 00 00 
             008            00 BC 03 00 00 00 00 00 
             00A            00 7E 00 00 00 00 00 00 
             009            42 87 00 00 00 00 00 00 
             008            0A 0A 00 00 03 19 02 17 
             009            42 87 00 00 00 00 00 00 
             008            0B 0A 00 00 00 00 00 00 
             00A            00 7E 00 00 00 00 00 00 
             009            42 87 00 00 00 00 00 00 
             008            01 AA 00 00 00 00 00 00 
             01F            00 AB 01 00 00 00 00 00 
             009            42 87 00 00 00 00 00 00 
             008            00 01 03 02 00 03 01 00 
             00A            00 7E 00 00 00 00 00 00 
             009            42 87 00 00 00 00 00 00 
             008            0C 0A 00 00 00 00 00 00 
             009            42 87 00 00 00 00 00 00 
             008            0D 0A 00 00 00 00 00 00 
             00A            00 7E 00 00 00 00 00 00 
             009            42 87 00 00 00 00 00 00 
             008            02 AA 00 00 00 00 00 00 
             020            00 AB 02 00 00 00 00 00 
             008            0E 0A 00 00 00 00 00 00 
             009            42 87 00 00 00 00 00 00 
             00A            00 7E 00 00 00 00 00 00 
             009            42 87 00 00 00 00 00 00 
             008            0F 0A 00 00 00 00 00 00 
             009            42 87 00 00 00 00 00 00 
             008            03 AA 00 00 00 00 00 00 
             00A            00 7E 00 00 00 00 00 00 
             008            10 0A 00 00 00 00 00 00 
             009            42 87 00 00 00 00 00 00 
             009            42 87 00 00 00 00 00 00 
             008            00 82 00 00 00 00 00 00 
             009            42 87 00 00 00 00 00 00 
             008            04 AA 00 00 00 00 00 00 
             00A            00 7E 00 00 00 00 00 00 
             022            00 AB 04 00 00 00 00 00 
             009            42 87 00 00 00 00 00 00 
             008            00 83 00 00 00 00 00 00 
             00A            00 7E 00 00 00 00 00 00 
             009            42 87 00 00 00 00 00 00 
             008            00 84 00 00 00 00 00 00 
             009            42 87 00 00 00 00 00 00 
             008            01 AA 00 00 00 00 00 00 
             01F            00 AB 01 00 00 00 00 00 
             009            42 87 00 00 00 00 00 00 
             008            00 85 00 00 00 20 20 33 
             00A            00 7E 00 00 00 00 00 00 
             009            42 87 00 00 00 00 00 00 
             008            00 86 00 00 00 03 01 05 
             00A            00 7E 00 00 00 00 00 00 
             009            42 87 00 00 00 00 00 00 
             008            14 0A 10 05 03 19 02 18 
             008            00 BC 03 00 00 00 00 00 
             009            42 87 00 00 00 00 00 00 
             00A            00 7E 00 00 00 00 00 00 
             009            42 87 00 00 00 00 00 00 
             008            02 AA 00 00 00 00 00 00 
             009            42 87 00 00 00 00 00 00 
             008            00 01 03 02 00 03 01 00 
             00A            00 7E 00 00 00 00 00 00 
             009            42 87 00 00 00 00 00 00 
             008            01 0A 00 00 00 00 00 00 
             009            42 87 00 00 00 00 00 00 
             008            03 AA 00 00 00 00 00 00 
             021            00 AB 03 00 00 00 00 00 
             009            42 87 00 00 00 00 00 00 
             008            03 0A 00 00 00 00 00 00 
             00A            00 7E 00 00 00 00 00 00 
             008            04 AA 00 00 00 00 00 00 
             009            42 87 00 00 00 00 00 00 
             022            00 AB 04 00 00 00 00 00 
             009            42 87 00 00 00 00 00 00 
             008            04 0A 04 00 00 01 03 20 
             00A            00 7E 00 00 00 00 00 00 
             009            42 87 00 00 00 00 00 00 
             008            05 0A 00 00 00 00 00 00 
             009            42 87 00 00 00 00 00 00 
             008            14 0A 10 05 03 19 02 18 
             00A            00 7E 00 00 00 00 00 00 
             009            42 87 00 00 00 00 00 00 
             008            06 0A 00 00 00 00 00 00 
             008            07 0A 00 00 00 00 00 00 
             009            42 87 00 00 00 00 00 00 
             00A            00 7E 00 00 00 00 00 00 
             009            42 87 00 00 00 00 00 00 
             008            01 AA 00 00 00 00 00 00 
             01F            00 AB 01 00 00 00 00 00 
             009            42 87 00 00 00 00 00 00 
             008            08 0A 00 00 00 00 00 00 
             00A            00 7E 00 00 00 00 00 00 
             009            42 87 00 00 00 00 00 00 
             008            09 0A 00 00 00 00 00 00 
             009            42 87 00 00 00 00 00 00 
             008            00 BC 03 00 00 00 00 00 
             00A            00 7E 00 00 00 00 00 00 
             009            42 87 00 00 00 00 00 00 
             008            0A 0A 00 00 03 19 02 19 
             009            42 87 00 00 00 00 00 00 
             008            0B 0A 00 00 00 00 00 00 
             00A            00 7E 00 00 00 00 00 00 
             009            42 87 00 00 00 00 00 00 
             008            02 AA 00 00 00 00 00 00 
             020            00 AB 02 00 00 00 00 00 
             009            42 87 00 00 00 00 00 00 
             008            0C 0A 00 00 00 00 00 00 
             00A            00 7E 00 00 00 00 00 00 
             009            42 87 00 00 00 00 00 00 
             008            0D 0A 00 00 00 00 00 00 
             009            42 87 00 00 00 00 00 00 
             008            03 AA 00 00 00 00 00 00 
             021            00 AB 03 00 00 00 00 00 
             00A            00 7E 00 00 00 00 00 00 
             008            0E 0A 00 00 00 00 00 00 
             009            42 87 00 00 00 00 00 00 
             009            42 87 00 00 00 00 00 00 
             008            0F 0A 00 00 00 00 00 00 
             00A            00 7E 00 00 00 00 00 00 
             009            42 87 00 00 00 00 00 00 
             008            04 AA 00 00 00 00 00 00 
             022            00 AB 04 00 00 00 00 00 
             009            42 87 00 00 00 00 00 00 
             008            10 0A 00 00 00 00 00 00 
             00A            00 7E 00 00 00 00 00 00 
             009            42 87 00 00 00 00 00 00 
             008            00 82 00 00 00 00 00 00 
             009            42 87 00 00 00 00 00 00 
             008            01 AA 00 00 00 00 00 00 
             01F            00 AB 01 00 00 00 00 00 
             00A            00 7E 00 00 00 00 00 00 
             009            42 87 00 00 00 00 00 00 
             008            00 83 00 00 00 00 00 00 
             008            00 84 00 00 00 00 00 00 
             009            42 87 00 00 00 00 00 00 
             00A            00 7E 00 00 00 00 00 00 
             009            42 87 00 00 00 00 00 00 
             008            02 AA 00 00 00 00 00 00 
             020            00 AB 02 00 00 00 00 00 
             009            42 87 00 00 00 00 00 00 
             008            00 85 00 00 00 20 20 33 
             00A            00 7E 00 00 00 00 00 00 
             009            42 87 00 00 00 00 00 00 
             008            00 86 00 00 00 03 01 05 
             009            42 87 00 00 00 00 00 00 
             008            14 0A 10 05 03 19 02 20 
             00A            00 7E 00 00 00 00 00 00 
             009            42 87 00 00 00 00 00 00 
             008            00 BC 03 00 00 00 00 00 
             009            42 87 00 00 00 00 00 00 
             008            03 AA 00 00 00 00 00 00 
             021            00 AB 03 00 00 00 00 00 
             00A            00 7E 00 00 00 00 00 00 
             009            42 87 00 00 00 00 00 00 
             008            00 01 03 02 00 03 01 00 
             009            42 87 00 00 00 00 00 00 
             008            01 0A 00 00 00 00 00 00 
             00A            00 7E 00 00 00 00 00 00 
             009            42 87 00 00 00 00 00 00 
             008            04 AA 00 00 00 00 00 00 
             022            00 AB 04 00 00 00 00 00 
             009            42 87 00 00 00 00 00 00 
             008            02 0A 00 00 00 00 00 00 
             00A            00 7E 00 00 00 00 00 00 
             009            42 87 00 00 00 00 00 00 
             008            03 0A 00 00 00 00 00 00 
             009            42 87 00 00 00 00 00 00 
             008            01 AA 00 00 00 00 00 00 
             01F            00 AB 01 00 00 00 00 00 
             00A            00 7E 00 00 00 00 00 00 
             009            42 87 00 00 00 00 00 00 
             008            04 0A 04 00 00 01 03 20 
             008            05 0A 00 00 00 00 00 00 
             00A            00 7E 00 00 00 00 00 00 
             008            14 0A 10 05 03 19 02 20 
             008            06 0A 00 00 00 00 00 00 
             009            42 87 00 00 00 00 00 00 
             00A            00 7E 00 00 00 00 00 00 
             008            07 0A 00 00 00 00 00 00 
             009            42 87 00 00 00 00 00 00 
             008            02 AA 00 00 00 00 00 00 
             020            00 AB 02 00 00 00 00 00 
             009            42 87 00 00 00 00 00 00 
             00A            00 7E 00 00 00 00 00 00 
             008            08 0A 00 00 00 00 00 00 
             009            42 87 00 00 00 00 00 00 
             008            09 0A 00 00 00 00 00 00 
             009            42 87 00 00 00 00 00 00 
             00A            00 7E 00 00 00 00 00 00 
             008            00 BC 03 00 00 00 00 00 
             009            42 87 00 00 00 00 00 00 
             008            0A 0A 00 8C 03 19 02 21 
             00A            00 7E 00 00 00 00 00 00 
             009            42 87 00 00 00 00 00 00 
             008            0B 0A 00 00 00 00 00 00 
             009            42 87 00 00 00 00 00 00 
             008            03 AA 00 00 00 00 00 00 
             021            00 AB 03 00 00 00 00 00 
             009            42 87 00 00 00 00 00 00 
             00A            00 7E 00 00 00 00 00 00 
             008            0C 0A 00 00 00 00 00 00 
             009            42 87 00 00 00 00 00 00 
             008            0D 0A 00 00 00 00 00 00 
             00A            00 7E 00 00 00 00 00 00 
             009            42 87 00 00 00 00 00 00 
             008            04 AA 00 00 00 00 00 00 
             022            00 AB 04 00 00 00 00 00 
             009            42 87 00 00 00 00 00 00 
             008            0E 0A 00 00 00 00 00 00 
             00A            00 7E 00 00 00 00 00 00 
             009            42 87 00 00 00 00 00 00 
             008            0F 0A 00 00 00 00 00 00 
             009            42 87 00 00 00 00 00 00 
             008            01 AA 00 00 00 00 00 00 
             00A            00 7E 00 00 00 00 00 00 
             009            42 87 00 00 00 00 00 00 
             008            10 0A 00 00 00 00 00 00 
             009            42 87 00 00 00 00 00 00 
             008            00 82 00 00 00 00 00 00 
             00A            00 7E 00 00 00 00 00 00 
             009            42 87 00 00 00 00 00 00 
             008            00 01 03 02 00 03 09 00 
             009            42 87 00 00 00 00 00 00 
             008            02 AA 00 00 00 00 00 00 
             020            00 AB 02 00 00 00 00 00 
             00A            00 7E 00 00 00 00 00 00 
             009            42 87 00 00 00 00 00 00 
             008            00 83 00 00 00 00 00 00 
             009            42 87 00 00 00 00 00 00 
             008            00 84 00 00 00 00 00 00 
             00A            00 7E 00 00 00 00 00 00 
             009            42 87 00 00 00 00 00 00 
             008            03 AA 00 00 00 00 00 00 
             009            42 87 00 00 00 00 00 00 
             008            00 85 00 00 00 20 20 33 
             00A            00 7E 00 00 00 00 00 00 
             009            42 87 00 00 00 00 00 00 
             008            00 86 00 00 00 03 01 05 
             009            42 87 00 00 00 00 00 00 
             008            14 0A 10 05 03 19 02 21 
             00A            00 7E 00 00 00 00 00 00 
             009            42 87 00 00 00 00 00 00 
             008            00 BC 03 00 00 00 00 00 
             009            42 87 00 00 00 00 00 00 
             008            04 AA 00 00 00 00 00 00 
             022            00 AB 04 00 00 00 00 00 
             009            42 87 00 00 00 00 00 00 
             008            00 01 03 02 00 03 09 00 
             009            42 87 00 00 00 00 00 00 
             008            01 0A 00 00 00 00 00 00 
             009            42 87 00 00 00 00 00 00 
             008            01 AA 00 00 00 00 00 00 
             01F            00 AB 01 00 00 00 00 00 
             009            42 87 00 00 00 00 00 00 
             008            02 0A 00 00 00 00 00 00 
             00A            00 7E 00 00 00 00 00 00 
             009            42 87 00 00 00 00 00 00 
             008            03 0A 00 00 00 00 00 00 
             009            42 87 00 00 00 00 00 00 
             008            02 AA 00 00 00 00 00 00 
             020            00 AB 02 00 00 00 00 00 
             008            04 0A 04 00 00 01 03 20 
             009            42 87 00 00 00 00 00 00 
             00A            00 7E 00 00 00 00 00 00 
             008            05 0A 00 00 00 00 00 00 
             009            42 87 00 00 00 00 00 00 
             00A            00 7E 00 00 00 00 00 00 
             008            14 0A 10 05 03 19 02 22 
             009            42 87 00 00 00 00 00 00 
             008            06 0A 00 00 00 00 00 00 
             009            42 87 00 00 00 00 00 00 
             00A            00 7E 00 00 00 00 00 00 
             008            07 0A 00 00 00 00 00 00 
             009            42 87 00 00 00 00 00 00 
             008            03 AA 00 00 00 00 00 00 
             009            42 87 00 00 00 00 00 00 
             021            00 AB 03 00 00 00 00 00 
             00A            00 7E 00 00 00 00 00 00 
             008            08 0A 00 00 00 00 00 00 
             009            42 87 00 00 00 00 00 00 
             008            09 0A 00 00 00 00 00 00 
             009            42 87 00 00 00 00 00 00 
             00A            00 7E 00 00 00 00 00 00 
             008            00 BC 03 00 00 00 00 00 
             009            42 87 00 00 00 00 00 00 
             008            0A 0A 00 47 03 19 02 22 
             009            42 87 00 00 00 00 00 00 
             00A            00 7E 00 00 00 00 00 00 
             008            0B 0A 00 00 00 00 00 00 
             009            42 87 00 00 00 00 00 00 
             008            04 AA 00 00 00 00 00 00 
             009            42 87 00 00 00 00 00 00 
             022            00 AB 04 00 00 00 00 00 
             00A            00 7E 00 00 00 00 00 00 
             008            0C 0A 00 00 00 00 00 00 
             009            42 87 00 00 00 00 00 00 
             008            0D 0A 00 00 00 00 00 00 
             009            42 87 00 00 00 00 00 00 
             00A            00 7E 00 00 00 00 00 00 
             008            01 AA 00 00 00 00 00 00 
             009            42 87 00 00 00 00 00 00 
             01F            00 AB 01 00 00 00 00 00 
             008            0E 0A 00 00 00 00 00 00 
             009            42 87 00 00 00 00 00 00 
             00A            00 7E 00 00 00 00 00 00 
             008            0F 0A 00 00 00 00 00 00 
             009            42 87 00 00 00 00 00 00 
             008            02 AA 00 00 00 00 00 00 
             009            42 87 00 00 00 00 00 00 
             020            00 AB 02 00 00 00 00 00 
             00A            00 7E 00 00 00 00 00 00 
             008            10 0A 00 00 00 00 00 00 
             009            42 87 00 00 00 00 00 00 
             008            00 82 00 00 00 00 00 00 
             009            42 87 00 00 00 00 00 00 
             00A            00 7E 00 00 00 00 00 00 
             008            03 AA 00 00 00 00 00 00 
             009            42 87 00 00 00 00 00 00 
             021            00 AB 03 00 00 00 00 00 
             008            00 83 00 00 00 00 00 00 
             009            42 87 00 00 00 00 00 00 
             00A            00 7E 00 00 00 00 00 00 
             008            00 84 00 00 00 00 00 00 
             009            42 87 00 00 00 00 00 00 
             008            04 AA 00 00 00 00 00 00 
             022            00 AB 04 00 00 00 00 00 
             009            42 87 00 00 00 00 00 00 
             00A            00 7E 00 00 00 00 00 00 
             008            00 85 00 00 00 20 20 33 
             009            42 87 00 00 00 00 00 00 
             008            00 86 00 00 00 03 01 05 
             009            42 87 00 00 00 00 00 00 
             00A            00 7E 00 00 00 00 00 00 
             008            14 0A 10 05 03 19 02 23 
             009            42 87 00 00 00 00 00 00 
             009            42 87 00 00 00 00 00 00 
             008            01 AA 00 00 00 00 00 00 
             01F            00 AB 01 00 00 00 00 00 
             009            42 87 00 00 00 00 00 00 
             00A            00 7E 00 00 00 00 00 00 
             008            00 01 03 02 00 03 09 00 
             009            42 87 00 00 00 00 00 00 
             008            01 0A 00 00 00 00 00 00 
             009            42 87 00 00 00 00 00 00 
             00A            00 7E 00 00 00 00 00 00 
             008            02 AA 00 00 00 00 00 00 
             009            42 87 00 00 00 00 00 00 
             008            02 0A 00 00 00 00 00 00 
             009            42 87 00 00 00 00 00 00 
             00A            00 7E 00 00 00 00 00 00 
             008            03 0A 00 00 00 00 00 00 
             009            42 87 00 00 00 00 00 00 
             008            03 AA 00 00 00 00 00 00 
             021            00 AB 03 00 00 00 00 00 
             009            42 87 00 00 00 00 00 00 
             00A            00 7E 00 00 00 00 00 00 
             008            04 0A 04 00 00 01 03 20 
             009            42 87 00 00 00 00 00 00 
             008            05 0A 00 00 00 00 00 00 
             009            42 87 00 00 00 00 00 00 
             00A            00 7E 00 00 00 00 00 00 
             008            06 0A 00 00 00 00 00 00 
             009            42 87 00 00 00 00 00 00 
             00A            00 7E 00 00 00 00 00 00 
             008            07 0A 00 00 00 00 00 00 
             009            42 87 00 00 00 00 00 00 
             008            04 AA 00 00 00 00 00 00 
             009            42 87 00 00 00 00 00 00 
             022            00 AB 04 00 00 00 00 00 
             00A            00 7E 00 00 00 00 00 00 
             008            08 0A 00 00 00 00 00 00 
             009            42 87 00 00 00 00 00 00 
             008            09 0A 00 00 00 00 00 00 
             009            42 87 00 00 00 00 00 00 
             00A            00 7E 00 00 00 00 00 00 
             008            00 BC 03 00 00 00 00 00 
             009            42 87 00 00 00 00 00 00 
             008            0A 0A 00 3B 04 19 02 24 
             009            42 87 00 00 00 00 00 00 
             00A            00 7E 00 00 00 00 00 00 
             008            0B 0A 00 00 00 00 00 00 
             009            42 87 00 00 00 00 00 00 
             008            01 AA 00 00 00 00 00 00 
             009            42 87 00 00 00 00 00 00 
             01F            00 AB 01 00 00 00 00 00 
             00A            00 7E 00 00 00 00 00 00 
             008            0C 0A 00 00 00 00 00 00 
             009            42 87 00 00 00 00 00 00 
             008            0D 0A 00 00 00 00 00 00 
             009            42 87 00 00 00 00 00 00 
             00A            00 7E 00 00 00 00 00 00 
             008            02 AA 00 00 00 00 00 00 
             009            42 87 00 00 00 00 00 00 
             020            00 AB 02 00 00 00 00 00 
             008            0E 0A 00 00 00 00 00 00 
             009            42 87 00 00 00 00 00 00 
             00A            00 7E 00 00 00 00 00 00 
             009            42 87 00 00 00 00 00 00 
             008            03 AA 00 00 00 00 00 00 
             009            42 87 00 00 00 00 00 00 
             021            00 AB 03 00 00 00 00 00 
             008            10 0A 00 00 00 00 00 00 
             009            42 87 00 00 00 00 00 00 
             00A            00 7E 00 00 00 00 00 00 
             008            00 82 00 00 00 00 00 00 
             009            42 87 00 00 00 00 00 00 
             008            04 AA 00 00 00 00 00 00 
             009            42 87 00 00 00 00 00 00 
             00A            00 7E 00 00 00 00 00 00 
             022            00 AB 04 00 00 00 00 00 
             008            00 83 00 00 00 00 00 00 
             009            42 87 00 00 00 00 00 00 
             008            00 84 00 00 00 00 00 00 
             009            42 87 00 00 00 00 00 00 
             00A            00 7E 00 00 00 00 00 00 
             008            01 AA 00 00 00 00 00 00 
             009            42 87 00 00 00 00 00 00 
             01F            00 AB 01 00 00 00 00 00 
             008            00 85 00 00 00 20 20 33 
             009            42 87 00 00 00 00 00 00 
             00A            00 7E 00 00 00 00 00 00 
             008            00 86 00 00 00 03 01 05 
             009            42 87 00 00 00 00 00 00 
             008            14 0A 10 05 03 19 02 25 
             009            42 87 00 00 00 00 00 00 
             00A            00 7E 00 00 00 00 00 00 
             008            00 BC 03 00 00 00 00 00 
             009            42 87 00 00 00 00 00 00 
             008            02 AA 00 00 00 00 00 00 
             009            42 87 00 00 00 00 00 00 
             020            00 AB 02 00 00 00 00 00 
             00A            00 7E 00 00 00 00 00 00 
             008            00 01 03 02 00 03 09 00 
             009            42 87 00 00 00 00 00 00 
             008            01 0A 00 00 00 00 00 00 
             009            42 87 00 00 00 00 00 00 
             00A            00 7E 00 00 00 00 00 00 
             008            03 AA 00 00 00 00 00 00 
             009            42 87 00 00 00 00 00 00 
             021            00 AB 03 00 00 00 00 00 
             008            02 0A 00 00 00 00 00 00 
             009            42 87 00 00 00 00 00 00 
             00A            00 7E 00 00 00 00 00 00 
             008            03 0A 00 00 00 00 00 00 
             009            42 87 00 00 00 00 00 00 
             008            04 AA 00 00 00 00 00 00 
             009            42 87 00 00 00 00 00 00 
             022            00 AB 04 00 00 00 00 00 
             00A            00 7E 00 00 00 00 00 00 
             008            04 0A 04 00 00 01 03 20 
             009            42 87 00 00 00 00 00 00 
             008            05 0A 00 00 00 00 00 00 
             009            42 87 00 00 00 00 00 00 
             00A            00 7E 00 00 00 00 00 00 
             008            14 0A 10 05 03 19 02 25 
             009            42 87 00 00 00 00 00 00 
             008            06 0A 00 00 00 00 00 00 
             009            42 87 00 00 00 00 00 00 
             00A            00 7E 00 00 00 00 00 00 
             008            07 0A 00 00 00 00 00 00 
             009            42 87 00 00 00 00 00 00 
             008            01 AA 00 00 00 00 00 00 
             01F            00 AB 01 00 00 00 00 00 
             009            42 87 00 00 00 00 00 00 
             00A            00 7E 00 00 00 00 00 00 
             008            08 0A 00 00 00 00 00 00 
             009            42 87 00 00 00 00 00 00 
             008            09 0A 00 00 00 00 00 00 
             009            42 87 00 00 00 00 00 00 
             00A            00 7E 00 00 00 00 00 00 
             008            00 BC 03 00 00 00 00 00 
             009            42 87 00 00 00 00 00 00 
             008            0A 0A 00 3D 04 19 02 26 
             009            42 87 00 00 00 00 00 00 
             00A            00 7E 00 00 00 00 00 00 
             008            0B 0A 00 00 00 00 00 00 
             008            02 AA 00 00 00 00 00 00 
             020            00 AB 02 00 00 00 00 00 
             00A            00 7E 00 00 00 00 00 00 
             008            0C 0A 00 00 00 00 00 00 
             009            42 87 00 00 00 00 00 00 
             008            0D 0A 00 00 00 00 00 00 
             00A            00 7E 00 00 00 00 00 00 
             009            42 87 00 00 00 00 00 00 
             008            03 AA 00 00 00 00 00 00 
             021            00 AB 03 00 00 00 00 00 
             009            42 87 00 00 00 00 00 00 
             008            0E 0A 00 00 00 00 00 00 
             00A            00 7E 00 00 00 00 00 00 
             009            42 87 00 00 00 00 00 00 
             008            0F 0A 00 00 00 00 00 00 
             009            42 87 00 00 00 00 00 00 
             008            04 AA 00 00 00 00 00 00 
             022            00 AB 04 00 00 00 00 00 
             009            42 87 00 00 00 00 00 00 
             008            10 0A 00 00 00 00 00 00 
             009            42 87 00 00 00 00 00 00 
             008            00 82 00 00 00 00 00 00 
             009            42 87 00 00 00 00 00 00 
             008            01 AA 00 00 00 00 00 00 
             01F            00 AB 01 00 00 00 00 00 
             009            42 87 00 00 00 00 00 00 
             008            00 83 00 00 00 00 00 00 
             00A            00 7E 00 00 00 00 00 00 
             009            42 87 00 00 00 00 00 00 
             008            00 84 00 00 00 00 00 00 
             009            42 87 00 00 00 00 00 00 
             008            02 AA 00 00 00 00 00 00 
             020            00 AB 02 00 00 00 00 00 
             00A            00 7E 00 00 00 00 00 00 
             009            42 87 00 00 00 00 00 00 
             008            00 85 00 00 00 20 20 33 
             009            42 87 00 00 00 00 00 00 
             008            00 86 00 00 00 03 01 05 
             00A            00 7E 00 00 00 00 00 00 
             009            42 87 00 00 00 00 00 00 
             008            14 0A 10 05 03 19 02 27 
             009            42 87 00 00 00 00 00 00 
             008            00 BC 03 00 00 00 00 00 
             00A            00 7E 00 00 00 00 00 00 
             009            42 87 00 00 00 00 00 00 
             008            03 AA 00 00 00 00 00 00 
             021            00 AB 03 00 00 00 00 00 
             009            42 87 00 00 00 00 00 00 
             008            00 01 03 02 00 03 09 00 
             00A            00 7E 00 00 00 00 00 00 
             009            42 87 00 00 00 00 00 00 
             008            01 0A 00 00 00 00 00 00 
             009            42 87 00 00 00 00 00 00 
             008            04 AA 00 00 00 00 00 00 
             00A            00 7E 00 00 00 00 00 00 
             022            00 AB 04 00 00 00 00 00 
             009            42 87 00 00 00 00 00 00 
             008            02 0A 00 00 00 00 00 00 
             008            03 0A 00 00 00 00 00 00 
             009            42 87 00 00 00 00 00 00 
             00A            00 7E 00 00 00 00 00 00 
             008            01 AA 00 00 00 00 00 00 
             009            42 87 00 00 00 00 00 00 
             009            42 87 00 00 00 00 00 00 
             00A            00 7E 00 00 00 00 00 00 
             009            42 87 00 00 00 00 00 00 
             008            05 0A 00 00 00 00 00 00 
             009            42 87 00 00 00 00 00 00 
             008            14 0A 10 05 03 19 02 27 
             00A            00 7E 00 00 00 00 00 00 
             008            06 0A 00 00 00 00 00 00 
             009            42 87 00 00 00 00 00 00 
             009            42 87 00 00 00 00 00 00 
             008            07 0A 00 00 00 00 00 00 
             009            42 87 00 00 00 00 00 00 
             00A            00 7E 00 00 00 00 00 00 
             008            02 AA 00 00 00 00 00 00 
             020            00 AB 02 00 00 00 00 00 
             009            42 87 00 00 00 00 00 00 
             008            08 0A 00 00 00 00 00 00 
             00A            00 7E 00 00 00 00 00 00 
             009            42 87 00 00 00 00 00 00 
             008            09 0A 00 00 00 00 00 00 
             009            42 87 00 00 00 00 00 00 
             008            00 BC 03 00 00 00 00 00 
             00A            00 7E 00 00 00 00 00 00 
             009            42 87 00 00 00 00 00 00 
             008            0A 0A 00 39 04 19 02 28 
             009            42 87 00 00 00 00 00 00 
             008            0B 0A 00 00 00 00 00 00 
             00A            00 7E 00 00 00 00 00 00 
             009            42 87 00 00 00 00 00 00 
             008            03 AA 00 00 00 00 00 00 
             021            00 AB 03 00 00 00 00 00 
             009            42 87 00 00 00 00 00 00 
             008            0C 0A 00 00 00 00 00 00 
             00A            00 7E 00 00 00 00 00 00 
             009            42 87 00 00 00 00 00 00 
             008            0D 0A 00 00 00 00 00 00 
             009            42 87 00 00 00 00 00 00 
             008            00 82 00 01 00 00 00 00 
             00A            00 7E 00 00 00 00 00 00 
             008            00 01 03 02 00 03 0D 00 
             009            42 87 00 00 00 00 00 00 
             009            42 87 00 00 00 00 00 00 
             008            04 AA 00 00 00 00 00 00 
             00A            00 7E 00 00 00 00 00 00 
             022            00 AB 04 00 00 00 00 00 
             009            42 87 00 00 00 00 00 00 
             008            0E 0A 00 00 00 00 00 00 
             009            42 87 00 00 00 00 00 00 
             008            0F 0A 00 00 00 00 00 00 
             00A            00 7E 00 00 00 00 00 00 
             009            42 87 00 00 00 00 00 00 
             008            01 AA 00 00 00 00 00 00 
             009            42 87 00 00 00 00 00 00 
             008            10 0A 00 00 00 00 00 00 
             00A            00 7E 00 00 00 00 00 00 
             008            00 82 00 01 00 00 00 00 
             009            42 87 00 00 00 00 00 00 
             008            02 AA 00 00 00 00 00 00 
             009            42 87 00 00 00 00 00 00 
             020            00 AB 02 00 00 00 00 00 
             00A            00 7E 00 00 00 00 00 00 
             008            00 83 00 00 00 00 00 00 
             009            42 87 00 00 00 00 00 00 
             008            00 84 00 00 00 00 00 00 
             009            42 87 00 00 00 00 00 00 
             00A            00 7E 00 00 00 00 00 00 
             008            03 AA 00 00 00 00 00 00 
             009            42 87 00 00 00 00 00 00 
             021            00 AB 03 00 00 00 00 00 
             008            00 85 00 00 00 20 20 33 
             009            42 87 00 00 00 00 00 00 
             00A            00 7E 00 00 00 00 00 00 
             008            00 86 00 00 00 03 01 05 
             009            42 87 00 00 00 00 00 00 
             008            00 01 03 00 00 03 0D 00 
             009            42 87 00 00 00 00 00 00 
             00A            00 7E 00 00 00 00 00 00 
             008            04 0A 04 00 00 00 03 20 
             009            42 87 00 00 00 00 00 00 
             008            14 0A 10 05 03 19 02 29 
             009            42 87 00 00 00 00 00 00 
             00A            00 7E 00 00 00 00 00 00 
             008            00 BC 03 00 00 00 00 00 
             009            42 87 00 00 00 00 00 00 
             008            04 AA 00 00 00 00 00 00 
             022            00 AB 04 00 00 00 00 00 
             009            42 87 00 00 00 00 00 00 
             00A            00 7E 00 00 00 00 00 00 
             008            00 01 03 00 00 03 0D 00 
             009            42 87 00 00 00 00 00 00 
             008            01 0A 00 00 00 00 00 00 
             009            42 87 00 00 00 00 00 00 
             00A            00 7E 00 00 00 00 00 00 
             008            01 AA 00 00 00 00 00 00 
             01F            00 AB 01 00 00 00 00 00 
             009            42 87 00 00 00 00 00 00 
             008            02 0A 00 00 00 00 00 00 
             009            42 87 00 00 00 00 00 00 
             00A            00 7E 00 00 00 00 00 00 
             008            03 0A 00 00 00 00 00 00 
             009            42 87 00 00 00 00 00 00 
             008            02 AA 00 00 00 00 00 00 
             009            42 87 00 00 00 00 00 00 
             020            00 AB 02 00 00 00 00 00 
             00A            00 7E 00 00 00 00 00 00 
             008            04 0A 04 00 00 00 03 20 
             009            42 87 00 00 00 00 00 00 
             008            05 0A 00 00 00 00 00 00 
             009            42 87 00 00 00 00 00 00 
             00A            00 7E 00 00 00 00 00 00 
             008            00 01 03 00 00 03 0C 00 
             009            42 87 00 00 00 00 00 00 
             008            14 0A 10 05 03 19 02 29 
             009            42 87 00 00 00 00 00 00 
             00A            00 7E 00 00 00 00 00 00 
             008            06 0A 00 00 00 00 00 00 
             009            42 87 00 00 00 00 00 00 
             008            07 0A 00 00 00 00 00 00 
             009            42 87 00 00 00 00 00 00 
             00A            00 7E 00 00 00 00 00 00 
             008            03 AA 00 00 00 00 00 00 
             009            42 87 00 00 00 00 00 00 
             021            00 AB 03 00 00 00 00 00 
             008            08 0A 00 00 00 00 00 00 
             009            42 87 00 00 00 00 00 00 
             00A            00 7E 00 00 00 00 00 00 
             008            09 0A 00 00 00 00 00 00 
             009            42 87 00 00 00 00 00 00 
             008            00 BC 03 00 00 00 00 00 
             009            42 87 00 00 00 00 00 00 
             00A            00 7E 00 00 00 00 00 00 
             008            0A 0A 00 00 04 19 02 30 
             009            42 87 00 00 00 00 00 00 
             008            0B 0A 00 00 00 00 00 00 
             009            42 87 00 00 00 00 00 00 
             00A            00 7E 00 00 00 00 00 00 
             008            10 82 00 01 00 00 00 00 
             009            42 87 00 00 00 00 00 00 
             008            00 01 03 08 00 03 0C 00 
             009            42 87 00 00 00 00 00 00 
             00A            00 7E 00 00 00 00 00 00 
             008            04 0A 04 20 00 00 03 20 
             009            42 87 00 00 00 00 00 00 
             008            04 AA 00 00 00 00 00 00 
             009            42 87 00 00 00 00 00 00 
             022            00 AB 04 00 00 00 00 00 
             00A            00 7E 00 00 00 00 00 00 
             008            0C 0A 00 00 00 00 00 00 
             009            43 87 00 00 00 00 00 00 
             008            00 86 00 00 00 03 01 01 
             009            43 87 00 00 00 00 00 00 
             00A            00 7E 00 00 00 00 00 00 
             008            0D 0A 00 00 00 00 00 00 
             009            43 87 00 00 00 00 00 00 
             008            00 86 00 00 00 03 01 00 
             009            43 87 00 00 00 00 00 00 
             00A            00 7E 00 00 00 00 00 00 
             008            01 AA 00 00 00 00 00 00 
             009            43 87 00 00 00 00 00 00 
             01F            00 AB 01 00 00 00 00 00 
             008            0E 0A 00 00 00 00 00 00 
             009            43 87 00 00 00 00 00 00 
             00A            00 7E 00 00 00 00 00 00 
             008            0F 0A 00 00 00 00 00 00 
             009            43 87 00 00 00 00 00 00 
             008            02 AA 00 00 00 00 00 00 
             009            43 87 00 00 00 00 00 00 
             020            00 AB 02 00 00 00 00 00 
             00A            00 7E 00 00 00 00 00 00 
             008            10 0A 00 00 00 00 00 00 
             009            43 87 00 00 00 00 00 00 
             008            10 82 00 01 00 00 00 00 
             009            41 87 00 00 00 00 00 00 
             00A            00 7E 00 00 00 00 00 00 
             008            00 86 00 00 00 03 01 02 
             009            41 87 00 00 00 00 00 00 
             008            00 01 03 00 00 03 0C 00 
             009            41 87 00 00 00 00 00 00 
             00A            00 7E 00 00 00 00 00 00 
             008            04 0A 04 00 00 00 03 20 
             009            41 87 00 00 00 00 00 00 
             008            00 82 00 01 00 00 00 00 
             009            41 87 00 00 00 00 00 00 
             00A            00 7E 00 00 00 00 00 00 
             008            03 AA 00 00 00 00 00 00 
             009            41 87 00 00 00 00 00 00 
             021            00 AB 03 00 00 00 00 00 
             008            00 83 00 00 00 00 00 00 
             009            41 87 00 00 00 00 00 00 
             00A            00 7E 00 00 00 00 00 00 
             008            00 84 00 00 00 00 00 00 
             009            41 87 00 00 00 00 00 00 
             008            04 AA 00 00 00 00 00 00 
             009            41 87 00 00 00 00 00 00 
             022            00 AB 04 00 00 00 00 00 
             00A            00 7E 00 00 00 00 00 00 
             008            00 85 00 00 00 20 20 33 
             009            41 87 00 00 00 00 00 00 
             008            00 86 00 00 00 03 01 02 
             009            41 87 00 00 00 00 00 00 
             00A            00 7E 00 00 00 00 00 00 
             008            14 0A 10 05 03 19 02 31 
             009            41 87 00 00 00 00 00 00 
             008            01 BC 03 00 00 00 00 00 
             009            41 87 00 00 00 00 00 00 
             00A            00 7E 00 00 00 00 00 00 
             008            01 AA 00 00 00 00 00 00 
             009            41 87 00 00 00 00 00 00 
             01F            00 AB 01 00 00 00 00 00 
             008            00 01 03 00 00 03 0C 00 
             009            41 87 00 00 00 00 00 00 
             00A            00 7E 00 00 00 00 00 00 
             008            01 0A 00 00 00 00 00 00 
             009            41 87 00 00 00 00 00 00 
             008            02 AA 00 00 00 00 00 00 
             009            41 87 00 00 00 00 00 00 
             020            00 AB 02 00 00 00 00 00 
             00A            00 7E 00 00 00 00 00 00 
             008            02 0A 00 00 00 00 00 00 
             009            41 87 00 00 00 00 00 00 
             008            03 0A 00 00 00 00 00 00 
             009            41 87 00 00 00 00 00 00 
             00A            00 7E 00 00 00 00 00 00 
             008            03 AA 00 00 00 00 00 00 
             009            41 87 00 00 00 00 00 00 
             021            00 AB 03 00 00 00 00 00 
             008            04 0A 04 00 00 00 03 20 
             009            41 87 00 00 00 00 00 00 
             00A            00 7E 00 00 00 00 00 00 
             008            05 0A 00 00 00 00 00 00 
             009            41 87 00 00 00 00 00 00 
             008            14 0A 10 05 03 19 02 31 
             009            41 87 00 00 00 00 00 00 
             00A            00 7E 00 00 00 00 00 00 
             008            06 0A 00 00 00 00 00 00 
             009            41 87 00 00 00 00 00 00 
             008            07 0A 00 00 00 00 00 00 
             009            41 87 00 00 00 00 00 00 
             00A            00 7E 00 00 00 00 00 00 
             008            04 AA 00 00 00 00 00 00 
             009            41 87 00 00 00 00 00 00 
             022            00 AB 04 00 00 00 00 00 
             008            08 0A 00 00 00 00 00 00 
             009            41 87 00 00 00 00 00 00 
             00A            00 7E 00 00 00 00 00 00 
             008            09 0A 00 00 00 00 00 00 
             009            41 87 00 00 00 00 00 00 
             008            01 BC 03 00 00 00 00 00 
             009            41 87 00 00 00 00 00 00 
             00A            00 7E 00 00 00 00 00 00 
             008            0A 0A 00 00 04 19 02 32 
             009            41 87 00 00 00 00 00 00 
             008            0B 0A 00 00 00 00 00 00 
             009            41 87 00 00 00 00 00 00 
             00A            00 7E 00 00 00 00 00 00 
             008            01 AA 00 00 00 00 00 00 
             009            41 87 00 00 00 00 00 00 
             01F            00 AB 01 00 00 00 00 00 
             008            0C 0A 00 00 00 00 00 00 
             009            41 87 00 00 00 00 00 00 
             00A            00 7E 00 00 00 00 00 00 
             008            0D 0A 00 00 00 00 00 00 
             009            41 87 00 00 00 00 00 00 
             008            02 AA 00 00 00 00 00 00 
             009            41 87 00 00 00 00 00 00 
             020            00 AB 02 00 00 00 00 00 
             00A            00 7E 00 00 00 00 00 00 
             008            0E 0A 00 00 00 00 00 00 
             009            41 87 00 00 00 00 00 00 
             008            0F 0A 00 00 00 00 00 00 
             009            41 87 00 00 00 00 00 00 
             00A            00 7E 00 00 00 00 00 00 
             008            03 AA 00 00 00 00 00 00 
             009            41 87 00 00 00 00 00 00 
             021            00 AB 03 00 00 00 00 00 
             008            10 0A 00 00 00 00 00 00 
             009            41 87 00 00 00 00 00 00 
             00A            00 7E 00 00 00 00 00 00 
             008            00 82 00 01 00 00 00 00 
             009            41 87 00 00 00 00 00 00 
             008            04 AA 00 00 00 00 00 00 
             009            41 87 00 00 00 00 00 00 
             022            00 AB 04 00 00 00 00 00 
             00A            00 7E 00 00 00 00 00 00 
             008            00 83 00 00 00 00 00 00 
             009            41 87 00 00 00 00 00 00 
             008            00 84 00 00 00 00 00 00 
             009            41 87 00 00 00 00 00 00 
             00A            00 7E 00 00 00 00 00 00 
             008            01 AA 00 00 00 00 00 00 
             009            41 87 00 00 00 00 00 00 
             01F            00 AB 01 00 00 00 00 00 
             008            00 85 00 00 00 20 20 33 
             009            41 87 00 00 00 00 00 00 
             00A            00 7E 00 00 00 00 00 00 
             008            00 86 00 00 00 03 01 02 
             009            41 87 00 00 00 00 00 00 
             008            14 0A 10 05 03 19 02 33 
             009            41 87 00 00 00 00 00 00 
             00A            00 7E 00 00 00 00 00 00 
             008            01 BC 03 00 00 00 00 00 
             009            41 87 00 00 00 00 00 00 
             008            02 AA 00 00 00 00 00 00 
             009            41 87 00 00 00 00 00 00 
             020            00 AB 02 00 00 00 00 00 
             00A            00 7E 00 00 00 00 00 00 
             008            00 01 03 00 00 03 0C 00 
             009            41 87 00 00 00 00 00 00 
             008            01 0A 00 00 00 00 00 00 
             009            41 87 00 00 00 00 00 00 
             00A            00 7E 00 00 00 00 00 00 
             008            03 AA 00 00 00 00 00 00 
             009            41 87 00 00 00 00 00 00 
             021            00 AB 03 00 00 00 00 00 
             008            02 0A 00 00 00 00 00 00 
             009            41 87 00 00 00 00 00 00 
             00A            00 7E 00 00 00 00 00 00 
             008            03 0A 00 00 00 00 00 00 
             009            41 87 00 00 00 00 00 00 
             008            04 AA 00 00 00 00 00 00 
             009            41 87 00 00 00 00 00 00 
             022            00 AB 04 00 00 00 00 00 
             00A            00 7E 00 00 00 00 00 00 
             008            04 0A 04 00 00 00 03 20 
             009            41 87 00 00 00 00 00 00 
             008            05 0A 00 00 00 00 00 00 
             009            41 87 00 00 00 00 00 00 
             00A            00 7E 00 00 00 00 00 00 
             008            14 0A 10 05 03 19 02 33 
             009            41 87 00 00 00 00 00 00 
             008            06 0A 00 00 00 00 00 00 
             009            41 87 00 00 00 00 00 00 
             00A            00 7E 00 00 00 00 00 00 
             008            07 0A 00 00 00 00 00 00 
             009            41 87 00 00 00 00 00 00 
             008            01 AA 00 00 00 00 00 00 
             009            41 87 00 00 00 00 00 00 
             01F            00 AB 01 00 00 00 00 00 
             00A            00 7E 00 00 00 00 00 00 
             008            08 82 00 01 00 00 00 00 
             009            41 87 00 00 00 00 00 00 
             008            00 01 03 10 00 03 0C 00 
             009            41 87 00 00 00 00 00 00 
             00A            00 7E 00 00 00 00 00 00 
             008            04 0A 04 40 00 00 03 20 
             009            41 87 00 00 00 00 00 00 
             008            08 0A 00 00 00 00 00 00 
             009            43 87 00 00 00 00 00 00 
             00A            00 7E 00 00 00 00 00 00 
             008            00 86 00 00 00 03 01 00 
             009            43 87 00 00 00 00 00 00 
             008            09 0A 00 00 00 00 00 00 
             009            43 87 00 00 00 00 00 00 
             00A            00 7E 00 00 00 00 00 00 
             008            01 BC 03 00 00 00 00 00 
             009            43 87 00 00 00 00 00 00 
             008            0A 0A 00 00 04 19 02 34 
             009            43 87 00 00 00 00 00 00 
             00A            00 7E 00 00 00 00 00 00 
             008            0B 0A 00 00 00 00 00 00 
             009            43 87 00 00 00 00 00 00 
             008            02 AA 00 00 00 00 00 00 
             009            43 87 00 00 00 00 00 00 
             020            00 AB 02 00 00 00 00 00 
             00A            00 7E 00 00 00 00 00 00 
             008            00 86 00 00 00 03 01 01 
             009            43 87 00 00 00 00 00 00 
             008            0C 0A 00 00 00 00 00 00 
             009            42 87 00 00 00 00 00 00 
             00A            00 7E 00 00 00 00 00 00 
             008            04 0A 04 00 00 00 03 20 
             009            42 87 00 00 00 00 00 00 
             008            00 82 00 01 00 00 00 00 
             009            42 87 00 00 00 00 00 00 
             00A            00 7E 00 00 00 00 00 00 
             008            00 86 00 00 00 03 01 05 
             009            42 87 00 00 00 00 00 00 
             008            00 01 03 00 00 03 0C 00 
             009            42 87 00 00 00 00 00 00 
             00A            00 7E 00 00 00 00 00 00 
             008            0D 0A 00 00 00 00 00 00 
             009            42 87 00 00 00 00 00 00 
             008            03 AA 00 00 00 00 00 00 
             009            42 87 00 00 00 00 00 00 
             021            00 AB 03 00 00 00 00 00 
             00A            00 7E 00 00 00 00 00 00 
             008            0E 0A 00 00 00 00 00 00 
             009            42 87 00 00 00 00 00 00 
             008            0F 0A 00 00 00 00 00 00 
             009            42 87 00 00 00 00 00 00 
             00A            00 7E 00 00 00 00 00 00 
             008            04 AA 00 00 00 00 00 00 
             009            42 87 00 00 00 00 00 00 
             022            00 AB 04 00 00 00 00 00 
             008            10 0A 00 00 00 00 00 00 
             009            42 87 00 00 00 00 00 00 
             00A            00 7E 00 00 00 00 00 00 
             008            00 82 00 01 00 00 00 00 
             009            42 87 00 00 00 00 00 00 
             008            01 AA 00 00 00 00 00 00 
             009            42 87 00 00 00 00 00 00 
             01F            00 AB 01 00 00 00 00 00 
             00A            00 7E 00 00 00 00 00 00 
             008            00 83 00 00 00 00 00 00 
             009            42 87 00 00 00 00 00 00 
             008            00 84 00 00 00 00 00 00 
             009            42 87 00 00 00 00 00 00 
             00A            00 7E 00 00 00 00 00 00 
             008            02 AA 00 00 00 00 00 00 
             009            42 87 00 00 00 00 00 00 
             020            00 AB 02 00 00 00 00 00 
             008            00 85 00 00 00 20 20 33 
             009            42 87 00 00 00 00 00 00 
             00A            00 7E 00 00 00 00 00 00 
             008            00 86 00 00 00 03 01 05 
             009            42 87 00 00 00 00 00 00 
             008            14 0A 10 05 03 19 02 35 
             009            42 87 00 00 00 00 00 00 
             00A            00 7E 00 00 00 00 00 00 
             008            01 BC 03 00 00 00 00 00 
             009            42 87 00 00 00 00 00 00 
             008            03 AA 00 00 00 00 00 00 
             009            42 87 00 00 00 00 00 00 
             021            00 AB 03 00 00 00 00 00 
             00A            00 7E 00 00 00 00 00 00 
             008            00 01 03 00 00 03 0C 00 
             009            42 87 00 00 00 00 00 00 
             008            01 0A 00 00 00 00 00 00 
             009            42 87 00 00 00 00 00 00 
             00A            00 7E 00 00 00 00 00 00 
             008            04 AA 00 00 00 00 00 00 
             009            42 87 00 00 00 00 00 00 
             022            00 AB 04 00 00 00 00 00 
             008            02 0A 00 00 00 00 00 00 
             009            42 87 00 00 00 00 00 00 
             00A            00 7E 00 00 00 00 00 00 
             008            03 0A 00 00 00 00 00 00 
             009            42 87 00 00 00 00 00 00 
             008            01 AA 00 00 00 00 00 00 
             009            42 87 00 00 00 00 00 00 
             01F            00 AB 01 00 00 00 00 00 
             00A            00 7E 00 00 00 00 00 00 
             008            04 0A 04 00 00 00 03 20 
             009            42 87 00 00 00 00 00 00 
             008            05 0A 00 00 00 00 00 00 
             009            42 87 00 00 00 00 00 00 
             00A            00 7E 00 00 00 00 00 00 
             008            14 0A 10 05 03 19 02 35 
             009            42 87 00 00 00 00 00 00 
             008            06 0A 00 00 00 00 00 00 
             009            42 87 00 00 00 00 00 00 
             00A            00 7E 00 00 00 00 00 00 
             008            07 0A 00 00 00 00 00 00 
             009            42 87 00 00 00 00 00 00 
             008            02 AA 00 00 00 00 00 00 
             009            42 87 00 00 00 00 00 00 
             020            00 AB 02 00 00 00 00 00 
             00A            00 7E 00 00 00 00 00 00 
             008            08 0A 00 00 00 00 00 00 
             009            42 87 00 00 00 00 00 00 
             008            09 0A 00 00 00 00 00 00 
             009            42 87 00 00 00 00 00 00 
             00A            00 7E 00 00 00 00 00 00 
