     
            008            02 AA 00 00 00 00 00 00 
            020            00 AB 02 00 00 00 00 00 
            009            42 87 00 00 00 00 00 00 
            008            0E 0A 00 00 00 00 00 00 
            00A            00 7E 00 00 00 00 00 00 
            008            0F 0A 00 00 00 00 00 00 
            008            03 AA 00 00 00 00 00 00 
            021            00 AB 03 00 00 00 00 00 
            008            10 0A 00 00 00 00 00 00 
            008            00 82 00 01 00 00 00 00 
            008            04 AA 00 00 00 00 00 00 
            022            00 AB 04 00 00 00 00 00 
            008            00 83 00 00 00 00 00 00 
            008            00 84 00 00 00 00 00 00 
            008            01 AA 00 00 00 00 00 00 
            01F            00 AB 01 00 00 00 00 00 
            008            00 85 00 00 00 20 20 34 
            008            00 86 00 00 00 04 01 05 
            008            14 0A 10 05 04 16 28 48 
            008            01 BC 04 00 00 00 00 00 
            008            00 01 04 00 00 04 0C 00 
            008            01 0A 00 00 00 00 00 00 
            008            02 0A 00 00 00 00 00 00 
            008            03 0A 00 00 00 00 00 00 
            008            04 0A 04 00 00 00 04 1E 
            008            05 0A 00 00 00 00 00 00 
            008            14 0A 10 05 04 16 28 49 
            008            06 0A 00 00 00 00 00 00 
            008            07 0A 00 00 00 00 00 00 
            008            08 0A 00 00 00 00 00 00 
            008            09 0A 00 00 00 00 00 00 
            008            0A 0A 00 00 06 16 28 49 
            008            0B 0A 00 00 00 00 00 00 
            008            0C 0A 00 00 00 00 00 00 
            008            0D 0A 00 00 00 00 00 00 
            008            14 0A 10 05 04 16 28 50 
            008            14 0A 10 05 04 16 28 51 
            008            0A 0A 00 00 06 16 28 51 
            00A            01 6E 01 00 00 00 00 00 
            008            03 0A 01 00 00 00 00 00 
            008            00 01 04 04 00 04 0C 00 
            008            04 0A 04 00 00 01 04 1E 
            008            07 0A 01 00 00 00 00 00 
            008            09 0A 01 00 00 00 00 00 
            00A            00 6E 01 00 00 00 00 00 
            008            00 01 04 03 00 04 0E 00 
            008            14 0A 10 05 04 16 28 52 
            008            00 BC 04 00 00 00 00 00 
            008            14 0A 10 05 04 16 28 53 
            008            0A 0A 00 00 06 16 28 53 
            008            00 86 00 00 00 03 01 05 
            008            14 0A 10 05 04 16 28 54 
            008            00 01 04 03 00 04 0A 00 
            008            00 82 00 00 00 00 00 00 
            008            00 86 00 00 00 02 01 05 
            008            0A 0A FE 2D 06 16 28 55 
            008            00 01 04 03 00 04 02 00 
            008            14 0A 10 05 04 16 28 56 
            008            00 85 00 00 00 20 20 33 
            008            00 01 03 03 00 03 02 00 
            008            04 0A 04 00 00 01 03 1E 
            008            00 01 03 03 00 03 06 00 
            008            00 BC 03 00 00 00 00 00 
            008            0A 0A FD 40 04 16 28 57 
            008            00 01 03 03 00 03 0E 00 
            008            00 01 03 03 00 03 0A 00 
            008            14 0A 10 05 04 16 28 58 
            008            14 0A 10 05 04 16 28 59 
            008            00 85 00 00 00 20 20 32 
            008            00 86 00 00 00 01 01 05 
            008            00 01 02 03 00 02 02 00 
            008            04 0A 04 00 00 01 02 1E 
            008            00 BC 02 00 00 00 00 00 
            008            0A 0A FD 3E 03 16 28 59 
            008            00 01 02 03 00 02 06 00 
            008            14 0A 10 05 04 16 29 00 
            008            00 01 02 03 00 02 0E 00 
            008            00 01 02 03 00 02 0A 00 
            008            14 0A 10 05 04 16 29 01 
            008            0A 0A FD 3E 01 16 29 02 
            008            00 85 00 00 00 20 20 31 
            008            00 01 01 03 00 01 02 00 
            008            04 0A 04 00 00 01 01 1E 
            008            00 01 01 03 00 01 06 00 
            008            14 0A 10 05 04 16 29 03 
            008            00 BC 01 00 00 00 00 00 
            008            02 82 00 00 00 00 00 00 
            008            00 01 01 03 00 01 56 00 
            008            04 0A 05 00 00 01 01 1E 
            008            00 01 01 03 00 01 46 00 
            008            02 82 00 01 00 00 00 00 
            008            00 01 01 03 00 01 4E 00 
            008            00 01 01 03 00 01 5E 00 
            008            0A 0A FF AA 00 16 29 04 
            008            04 0A 04 00 00 00 01 1E 
            008            00 01 01 04 00 01 0E 00 
            008            00 01 01 04 00 01 1E 00 
            008            14 0A 10 05 04 16 29 05 
            008            00 01 01 01 00 01 1C 00 
            008            00 01 01 01 00 01 0C 00 
            008            04 0A 04 20 00 00 01 1E 
            008            10 82 00 01 00 00 00 00 
            008            00 01 01 09 00 01 0C 00 
            008            00 01 01 09 00 01 1C 00 
            009            43 87 00 00 00 00 00 00 
            008            00 86 00 00 00 01 01 01 
            008            00 86 00 00 00 01 01 00 
            008            14 0A 10 05 04 16 29 06 
            009            41 87 00 00 00 00 00 00 
            008            00 86 00 00 00 01 01 02 
            008            01 BC 01 00 00 00 00 00 
            008            0A 0A 00 00 00 16 29 07 
            008            14 0A 10 05 04 16 29 08 
            008            0A 0A 00 00 00 16 29 09 
            008            08 82 00 01 00 00 00 00 
            008            00 01 01 11 00 01 0C 00 
            008            04 0A 04 40 00 00 01 1E 
            008            14 0A 10 05 04 16 29 10 
            008            00 01 01 10 00 01 0C 00 
            008            00 01 01 00 00 01 0C 00 
            008            0A 0A 00 00 00 16 29 11 
            008            14 0A 10 05 04 16 29 12 
            008            0A 0A 00 00 00 16 29 13 
            008            14 0A 10 05 04 16 29 13 
