Window 2 type:33	Window 3 type:26	Window 4 type:26	Window 5 type:37	Window 6 type:60                      1
1 type:1	Window 3 type:1	Window 4 type:1	Window 5 type:1	Window 6 type:1                      5
1 type:2	Window 3 type:2	Window 4 type:1	Window 5 type:1	Window 6 type:1                      1
BBBBBBBBBB                      8
AAAAAAAAAA                      1
BB                      1
ID:0020                      1
AAA                      1
数据量：4 82 00 01 00 00 00 00                      1
00 00                      18
00 31                      2
表示楼层的字节位：8 00 00 00 20 20 31                      5
00 32                      5
00 33                      5
00 34                      5
表示楼层的字节位：6 00 00 00 01 01 05                      5
00 05                      10
表示楼层的字节位：7 02 02 00 02 01 00                      5
02 00                      30
表示楼层的字节位：7 03 02 00 03 01 00                      5
表示楼层的字节位：7 04 00 00 01 01 13                      5
00 13                      15
表示楼层的字节位：1 06 00 00 01 04 13                      1
表示楼层的字节位：8 02 69 00 19 57 02                      4
BB 04                      4
BB 06                      4
C6 08                      4
表示楼层的字节位：1 02 C6 05 19 57 08                      1
表示楼层的字节位：8 10 04 01 19 57 00                      5
04 01                      5
04 02                      5
04 03                      5
04 04                      5
04 05                      5
04 06                      5
04 07                      5
04 08                      5
04 09                      5
表示楼层的字节位：8 10 04 01 19 57 12                      5
04 13                      5
04 14                      5
04 15                      5
表示楼层的字节位：2 00 01 00 00 00 00                      1
type:111                      1
Pre_data:00 84 	type:01                      1
Pre_data:00 01 	type:24                      1
Pre_data:01 AA 	type:01                      1
Pre_data:02 0A 	type:01                      1
Pre_data:03 0A 	type:07                      1
Pre_data:04 0A 	type:01                      1
Pre_data:07 0A 	type:01                      1
Pre_data:0A 0A 	type:01                      1
Pre_data:0D 0A 	type:01                      1
Pre_data:10 0A 	type:20                      1
Pre_data:01 BC 	type:03                      1
87 	type:01                      1
ID:000A 	type:01                      1
Pre_data:01	type:01                      1
ID:0020 	type:01                      1
AB                      1
-------------ID，头两个字节以及其他信息------------                      1
00                       55
01: 00 00 00                       31
01: 20 20 31                       1
01: 01 01 05                       1
01: 02 01 00                       1
01: 00 01 13                       1
01: 01 04 13                       1
01: 19 56 58                       1
06                       4
02                       1
03                       1
05                       1
01: 19 56 57                       1
01                       19
***窗口统计信息***                      7
008400 000103 000104 010A00                      1
02AA00 040A04 04AA00 040A06                      1
070A08 0A0A00 0A0A02 0B0A00                      1
0F0A00 01BC01 01BC04 00BC02                      1
2 010102 820000 820001 830000 840000 850000 860000 010202                      1
010402 010414 0A0000 AA0000                      1
0A0440 0A02C6 0A1004 BC0100                      1
Window 010100 010200 000000 000100 020200 030200 040000 040100 040200                      1
041400 060000 000006 026900                      1
100401 4 type:26                      1
000000 000003 000004 020002                      1
040004 200000 400000 000019                      1
BB0319 5 type:37                      1
00010D 000301 000401 000205                      1
000309 00042D 000409 000489                      1
00042C 000104 000004 001956                      1
031957                      1
010C00 000000 202031 202032 202033 202034 010105                      1
040101 020500 020900 020D00                      1
030D00 040900 048900 048D00                      1
000113 010413 000413 195658                      1
195715 195706 195708 195657                      1
195705 195712 195714 195717                      1
Window                      1
000000                      1
type:1 type:1                      10
type:03 00 00 00 00                       1
Window 7E0000                      1
040000 type:1                      1
type:01 00 00 00 00                       1
type:1	type:01                      3
