00 00 00                       23
04 00 00                       1
01 00 00                       1
02 00 00                       2
03 00 00                       1
00 20 32                       1
00 01 05                       1
10 32 12                       1
02 0C 00                       1
00 02 13                       1
00 32 13                       1
10 32 13                       1
10 32 14                       1
00 32 14                       1
10 32 15                       1
10 32 16                       1
00 32 16                       1
10 32 17                       1
10 32 18                       1
00 32 18                       1
10 32 19                       1
00 32 20                       1
10 32 20                       1
10 32 21                       1
00 32 21                       1
10 32 22                       1
10 32 23                       1
00 32 23                       1
