00 00 00                       23
04 00 00                       1
01 00 00                       2
02 00 00                       1
00 20 31                       1
00 01 05                       1
10 33 00                       1
03 00 00                       1
01 0C 00                       1
04 01 13                       1
10 33 01                       1
00 33 01                       1
10 33 02                       1
10 33 03                       1
00 33 03                       1
10 33 04                       1
00 33 05                       1
10 33 05                       1
10 33 06                       1
00 33 06                       1
