00 00 00                       910
03 00 00                       25
04 00 00                       35
01 00 00                       28
00 20 31                       3
00 01 05                       13
10 56 57                       1
02 00 00                       26
01 0C 00                       2
04 01 13                       4
10 56 58                       1
00 56 58                       1
08 00 00                       21
01 0D 00                       3
10 56 59                       1
10 57 00                       1
00 57 00                       1
10 57 01                       1
01 05 00                       1
10 57 02                       1
02 57 02                       1
01 01 00                       1
00 20 32                       3
02 01 00                       4
04 02 13                       2
10 57 03                       1
02 09 00                       1
10 57 04                       1
02 0D 00                       1
02 57 04                       1
02 05 00                       1
10 57 05                       1
00 20 33                       2
03 01 00                       2
04 03 13                       3
10 57 06                       1
03 09 00                       1
02 57 06                       1
03 0D 00                       1
03 05 00                       2
10 57 07                       1
10 57 08                       1
00 20 34                       6
04 01 00                       1
04 04 13                       9
02 57 08                       1
04 09 00                       1
04 A9 00                       1
06 04 13                       2
04 89 00                       2
10 57 09                       1
04 8D 00                       2
04 AD 00                       1
10 57 10                       1
00 57 11                       1
04 0D 00                       1
04 2D 00                       1
04 2C 00                       8
04 0C 00                       10
00 01 01                       2
10 57 12                       1
00 01 00                       2
00 01 02                       2
10 57 13                       1
00 57 13                       1
10 57 14                       1
10 57 15                       1
00 57 15                       1
10 57 17                       2
00 57 18                       1
10 57 18                       1
