009      42 87 00 00 00 00 00 00                       1
008      04 AA 00 00 00 00 00 00                       1
022      00 AB 04 00 00 00 00 00                       1
00A      00 7E 00 00 00 00 00 00                       1
008      0C 0A 00 00 00 00 00 00                       1
008      0D 0A 00 00 00 00 00 00                       1
008      01 AA 00 00 00 00 00 00                       1
01F      00 AB 01 00 00 00 00 00                       1
008      0E 0A 00 00 00 00 00 00                       1
008      0F 0A 00 00 00 00 00 00                       1
008      02 AA 00 00 00 00 00 00                       1
020      00 AB 02 00 00 00 00 00                       1
008      10 0A 00 00 00 00 00 00                       1
008      20 82 00 01 00 00 00 00                       1
008      03 AA 00 00 00 00 00 00                       1
021      00 AB 03 00 00 00 00 00                       1
008      00 83 00 00 00 00 00 00                       1
008      00 84 00 00 00 00 00 00                       1
008      00 85 00 00 00 20 20 32                       1
008      00 86 00 00 00 02 01 05                       1
008      14 0A 10 04 01 19 32 12                       1
008      01 BC 02 00 00 00 00 00                       1
008      00 01 02 00 00 02 0C 00                       1
008      01 0A 00 00 00 00 00 00                       1
008      02 0A 00 00 00 00 00 00                       1
008      03 0A 00 00 00 00 00 00                       1
008      04 0A 00 00 00 00 02 13                       1
008      05 0A 00 00 00 00 00 00                       1
008      06 0A 00 00 00 00 00 00                       1
008      07 0A 00 00 00 00 00 00                       1
008      08 0A 00 00 00 00 00 00                       1
008      09 0A 00 00 00 00 00 00                       1
008      0A 0A 00 00 02 19 32 13                       1
008      0B 0A 00 00 00 00 00 00                       1
008      14 0A 10 04 01 19 32 13                       1
008      14 0A 10 04 01 19 32 14                       1
008      0A 0A 00 00 02 19 32 14                       1
008      14 0A 10 04 01 19 32 15                       1
008      14 0A 10 04 01 19 32 16                       1
008      0A 0A 00 00 02 19 32 16                       1
008      14 0A 10 04 01 19 32 17                       1
008      14 0A 10 04 01 19 32 18                       1
008      0A 0A 00 00 02 19 32 18                       1
008      14 0A 10 04 01 19 32 19                       1
008      0A 0A 00 00 02 19 32 20                       1
008      14 0A 10 04 01 19 32 20                       1
008      14 0A 10 04 01 19 32 21                       1
008      0A 0A 00 00 02 19 32 21                       1
008      14 0A 10 04 01 19 32 22                       1
008      14 0A 10 04 01 19 32 23                       1
008      0A 0A 00 00 02 19 32 23                       1
