200      15 00 01 04 04 
200      19 00 01 04 04 
740      1D 00 48 FF 00 FF 02 
749      0D 00 AE 05 00 02 
748      0D 00 AE 05 00 02 
100      1D 00 71 FF 10 50 
740      1D 00 47 10 03 D8 00 00 
600      1D 00 40 D8 00 00 10 
500      1D 00 40 D8 00 00 10 
749      0D 00 AE 03 6C 00 
748      0D 00 AE 03 6C 00 
749      0D 00 AE 04 01 00 
748      0D 00 AE 04 01 00 
781      11 00 50 0E 0F AC 
749      05 00 AE 40 01 00 00 
749      09 00 AE 40 01 00 00 
1C1      15 00 24 04 00 
249      0D 00 AE 10 
741      1D 00 42 
100      1D 00 E9 01 00 51 
740      1D 00 47 11 03 D8 00 00 
100      1D 00 73 FF 08 52 
742      1D 00 50 FF 08 
249      0D 00 AE 0D 28 25 00 00 
249      0D 00 AE 31 73 0D 00 00 
740      1D 00 47 11 04 64 00 00 
600      1D 00 40 64 00 00 10 
500      1D 00 40 64 00 00 10 
749      0D 00 AE 03 32 00 
748      0D 00 AE 03 32 00 
740      1D 00 47 11 05 66 00 00 
600      1D 00 40 66 00 00 10 
500      1D 00 40 66 00 00 10 
749      0D 00 AE 03 33 00 
748      0D 00 AE 03 33 00 
100      1D 00 73 FF 08 53 
740      1D 00 47 11 06 68 00 00 
600      1D 00 40 68 00 00 10 
500      1D 00 40 68 00 00 10 
749      0D 00 AE 03 34 00 
748      0D 00 AE 03 34 00 
740      1D 00 47 11 07 6A 00 00 
600      1D 00 40 6A 00 00 10 
500      1D 00 40 6A 00 00 10 
749      0D 00 AE 03 35 00 
748      0D 00 AE 03 35 00 
740      1D 00 47 11 08 6C 00 00 
600      1D 00 40 6C 00 00 10 
500      1D 00 40 6C 00 00 10 
749      0D 00 AE 03 36 00 
748      0D 00 AE 03 36 00 
100      1D 00 73 FF 08 54 
740      1D 00 47 11 09 6E 00 00 
600      1D 00 40 6E 00 00 10 
500      1D 00 40 6E 00 00 10 
749      0D 00 AE 03 37 00 
748      0D 00 AE 03 37 00 
740      1D 00 47 11 0A 70 00 00 
600      1D 00 40 70 00 00 10 
500      1D 00 40 70 00 00 10 
749      0D 00 AE 03 38 00 
748      0D 00 AE 03 38 00 
740      1D 00 47 11 0B 72 00 00 
600      1D 00 40 72 00 00 10 
500      1D 00 40 72 00 00 10 
749      0D 00 AE 03 39 00 
748      0D 00 AE 03 39 00 
100      1D 00 73 FF 08 55 
740      1D 00 47 11 0C 9E D8 00 
600      1D 00 40 9E D8 00 10 
500      1D 00 40 9E D8 00 10 
749      0D 00 AE 03 4F 6C 
748      0D 00 AE 03 4F 6C 
1C0      15 00 22 20 20 
1C0      15 00 22 20 00 
1C0      15 00 22 40 40 
1C0      15 00 22 40 00 
1C0      15 00 22 80 80 
1C0      15 00 22 80 00 
740      1D 00 47 11 0D D8 D8 00 
600      1D 00 40 D8 D8 00 10 
500      1D 00 40 D8 D8 00 10 
749      0D 00 AE 03 6C 6C 
748      0D 00 AE 03 6C 6C 
1C1      15 00 23 01 01 
1C1      15 00 23 01 00 
1C1      15 00 23 02 02 
1C1      15 00 23 02 00 
740      1D 00 47 11 0E 64 D8 00 
600      1D 00 40 64 D8 00 10 
500      1D 00 40 64 D8 00 10 
749      0D 00 AE 03 32 6C 
748      0D 00 AE 03 32 6C 
1C1      15 00 23 04 04 
1C1      15 00 23 04 00 
740      1D 00 47 11 0F 66 D8 00 
600      1D 00 40 66 D8 00 10 
500      1D 00 40 66 D8 00 10 
749      0D 00 AE 03 33 6C 
748      0D 00 AE 03 33 6C 
100      1D 00 73 FF 08 56 
740      1D 00 47 11 10 68 D8 00 
600      1D 00 40 68 D8 00 10 
500      1D 00 40 68 D8 00 10 
749      0D 00 AE 03 34 6C 
748      0D 00 AE 03 34 6C 
740      1D 00 47 11 11 6A D8 00 
600      1D 00 40 6A D8 00 10 
500      1D 00 40 6A D8 00 10 
749      0D 00 AE 03 35 6C 
748      0D 00 AE 03 35 6C 
740      1D 00 47 11 12 6C D8 00 
600      1D 00 40 6C D8 00 10 
500      1D 00 40 6C D8 00 10 
749      0D 00 AE 03 36 6C 
748      0D 00 AE 03 36 6C 
100      1D 00 73 FF 08 57 
740      1D 00 47 11 13 6E D8 00 
600      1D 00 40 6E D8 00 10 
500      1D 00 40 6E D8 00 10 
749      0D 00 AE 03 37 6C 
748      0D 00 AE 03 37 6C 
740      1D 00 47 11 14 70 D8 00 
600      1D 00 40 70 D8 00 10 
500      1D 00 40 70 D8 00 10 
749      0D 00 AE 03 38 6C 
748      0D 00 AE 03 38 6C 
740      1D 00 47 11 15 72 D8 00 
600      1D 00 40 72 D8 00 10 
500      1D 00 40 72 D8 00 10 
749      0D 00 AE 03 39 6C 
748      0D 00 AE 03 39 6C 
100      1D 00 73 FF 08 58 
740      1D 00 47 11 16 9E 64 00 
600      1D 00 40 9E 64 00 10 
500      1D 00 40 9E 64 00 10 
749      0D 00 AE 03 4F 32 
748      0D 00 AE 03 4F 32 
100      15 00 62 20 00 59 
200      15 16 01 04 04 
749      05 16 AE 40 01 00 00 
24A      0D 00 AE 0B 16 00 
748      0D 00 AE 0B 16 00 
749      0D 00 AE 0B 16 00 
100      1D 00 71 FF 90 5A 
249      0D 00 AE 0D FF FF 00 00 
100      1D 00 E9 01 01 5B 
180      14 00 34 08 E0 83 
180      14 00 34 08 E8 84 
180      14 00 34 08 E0 85 
180      14 00 34 08 E8 86 
180      14 00 34 08 E0 87 
180      14 00 34 08 E8 88 
100      1D 00 73 FF 04 5C 
742      1D 00 20 FF 04 
180      14 00 34 08 E0 89 
180      14 00 34 08 E8 8A 
100      1D 00 73 FF 04 5D 
742      1D 00 50 FF 04 
741      1D 00 40 20 CB 
741      1D 00 41 
781      11 00 50 10 0F 8D 
781      11 00 50 0F 0E 9E 
180      15 00 32 01 31 8B 
781      11 00 50 0F 0F 16 
781      11 00 50 10 10 7A 
100      1D 00 73 FF 08 5E 
742      1D 00 20 FF 08 
740      1D 00 47 10 16 9E 64 00 
100      1D 00 73 FF 08 5F 
180      15 00 32 01 30 8C 
781      11 00 50 12 12 50 
781      11 00 50 11 10 F0 
100      1D 00 71 FF 10 60 
200      15 16 01 04 00 
749      05 16 AE 40 00 00 00 
781      11 00 50 0D 0C BE 
100      1D 00 E9 01 00 61 
100      1D 00 73 FF 08 62 
740      1D 00 47 11 17 D8 64 00 
600      1D 00 40 D8 64 00 10 
500      1D 00 40 D8 64 00 10 
749      0D 00 AE 03 6C 32 
748      0D 00 AE 03 6C 32 
100      15 00 62 40 00 63 
200      15 17 01 04 04 
749      05 17 AE 40 01 00 00 
24A      0D 00 AE 0B 17 00 
748      0D 00 AE 0B 17 00 
749      0D 00 AE 0B 17 00 
100      1D 00 71 FF 90 64 
100      1D 00 E9 01 01 65 
180      14 00 34 08 E0 8D 
180      14 00 34 08 E8 8E 
180      14 00 34 08 E0 8F 
180      14 00 34 08 E8 90 
100      1D 00 73 FF 08 66 
180      14 00 34 08 E0 91 
100      1D 00 73 FF 04 67 
180      14 00 34 08 E8 92 
741      1D 00 40 22 27 
781      11 00 50 12 11 DB 
180      15 00 32 01 31 93 
781      11 00 50 11 11 66 
740      1D 00 47 10 17 D8 64 00 
100      1D 00 73 FF 04 68 
781      11 00 50 0D 0D 36 
781      11 00 50 0C 0C 45 
100      1D 00 73 FF 08 69 
180      15 00 32 01 30 94 
781      11 00 50 13 12 C5 
781      11 00 50 0E 0E 27 
249      0D 00 AE 0D 29 25 00 00 
100      1D 00 73 FF 08 6A 
200      15 17 01 04 00 
749      05 17 AE 40 00 00 00 
100      1D 00 71 FF 10 6B 
100      1D 00 E9 01 00 6C 
100      15 00 62 80 00 6D 
200      15 18 01 04 04 
749      05 18 AE 40 01 00 00 
24A      0D 00 AE 0B 18 00 
748      0D 00 AE 0B 18 00 
749      0D 00 AE 0B 18 00 
100      1D 00 71 FF 90 6E 
740      1D 00 47 11 18 64 64 00 
600      1D 00 40 64 64 00 10 
500      1D 00 40 64 64 00 10 
749      0D 00 AE 03 32 32 
748      0D 00 AE 03 32 32 
100      1D 00 73 FF 08 6F 
100      1D 00 E9 01 01 70 
180      14 00 34 08 E0 95 
180      14 00 34 08 E8 96 
180      14 00 34 08 E0 97 
180      14 00 34 08 E8 98 
100      1D 00 73 FF 04 71 
180      14 00 34 08 E0 99 
180      14 00 34 08 E8 9A 
741      1D 00 40 23 84 
781      11 00 50 10 10 03 
100      1D 00 73 FF 04 72 
180      15 00 32 01 31 9B 
100      1D 00 73 FF 08 73 
180      15 00 32 01 30 9C 
740      1D 00 47 10 18 64 64 00 
100      1D 00 73 FF 08 74 
781      11 00 50 13 13 3A 
200      15 18 01 04 00 
749      05 18 AE 40 00 00 00 
100      1D 00 71 FF 10 75 
100      1D 00 E9 01 00 76 
100      1D 00 73 FF 08 77 
100      1D 00 71 FF 90 78 
740      1D 00 47 11 19 66 64 00 
600      1D 00 40 66 64 00 10 
500      1D 00 40 66 64 00 10 
749      0D 00 AE 03 33 32 
748      0D 00 AE 03 33 32 
100      15 00 63 01 00 79 
200      15 19 01 04 04 
749      05 19 AE 40 01 00 00 
24A      0D 00 AE 0B 19 00 
748      0D 00 AE 0B 19 00 
749      0D 00 AE 0B 19 00 
100      1D 00 E9 01 01 7A 
180      14 00 34 08 E0 9D 
180      14 00 34 08 E8 9E 
180      14 00 34 08 E0 9F 
100      1D 00 73 FF 04 7B 
180      14 00 34 08 E8 A0 
100      1D 00 73 FF 04 7C 
741      1D 00 40 24 E2 
180      15 00 32 01 31 A1 
781      11 00 50 0C 0B CB 
740      1D 00 47 10 19 66 64 00 
100      1D 00 73 FF 04 7D 
100      1D 00 73 FF 08 7E 
180      15 00 32 01 30 A2 
781      11 00 50 0E 0D AF 
100      1D 00 73 FF 08 7F 
200      15 19 01 04 00 
749      05 19 AE 40 00 00 00 
100      1D 00 71 FF 10 80 
100      1D 00 E9 01 00 81 
740      1D 00 47 11 1A 68 64 00 
600      1D 00 40 68 64 00 10 
500      1D 00 40 68 64 00 10 
749      0D 00 AE 03 34 32 
748      0D 00 AE 03 34 32 
100      15 00 63 02 00 82 
200      15 1A 01 04 04 
749      05 1A AE 40 01 00 00 
24A      0D 00 AE 0B 1A 00 
748      0D 00 AE 0B 1A 00 
749      0D 00 AE 0B 1A 00 
100      1D 00 71 FF 90 83 
100      1D 00 73 FF 08 84 
100      1D 00 E9 01 01 85 
180      14 00 34 08 E0 A3 
180      14 00 34 08 E8 A4 
180      14 00 34 08 E0 A5 
180      14 00 34 08 E8 A6 
100      1D 00 73 FF 04 86 
180      14 00 34 08 E0 A7 
180      14 00 34 08 E8 A8 
741      1D 00 40 26 3F 
180      15 00 32 01 31 A9 
740      1D 00 47 10 1A 68 64 00 
100      1D 00 73 FF 04 87 
100      1D 00 73 FF 08 88 
180      15 00 32 01 30 AA 
781      11 00 50 14 13 AE 
100      1D 00 73 FF 08 89 
100      1D 00 71 FF 10 8A 
200      15 1A 01 04 00 
749      05 1A AE 40 00 00 00 
100      1D 00 E9 01 00 8B 
100      1D 00 73 FF 08 8C 
740      1D 00 47 11 1B 6A 64 00 
600      1D 00 40 6A 64 00 10 
500      1D 00 40 6A 64 00 10 
749      0D 00 AE 03 35 32 
748      0D 00 AE 03 35 32 
100      15 00 63 04 00 8D 
200      15 1B 01 04 04 
749      05 1B AE 40 01 00 00 
24A      0D 00 AE 0B 1B 00 
748      0D 00 AE 0B 1B 00 
749      0D 00 AE 0B 1B 00 
100      1D 00 71 FF 90 8E 
249      0D 00 AE 0D 2A 25 00 00 
100      1D 00 E9 01 01 8F 
180      14 00 34 08 E0 AB 
180      14 00 34 08 E8 AC 
180      14 00 34 08 E0 AD 
180      14 00 34 08 E8 AE 
180      14 00 34 08 E0 AF 
100      1D 00 73 FF 04 90 
180      14 00 34 08 E8 B0 
100      1D 00 73 FF 04 91 
741      1D 00 40 27 9A 
180      15 00 32 01 31 B1 
180      15 00 32 10 21 B2 
180      15 00 32 10 31 B3 
740      1D 00 47 10 1B 6A 64 00 
100      1D 00 73 FF 04 92 
100      1D 00 73 FF 08 93 
180      15 00 32 01 30 B4 
781      11 00 50 0B 0B 52 
781      11 00 50 0B 0A D8 
100      1D 00 73 FF 08 94 
200      15 1B 01 04 00 
749      05 1B AE 40 00 00 00 
100      1D 00 71 FF 10 95 
100      1D 00 E9 01 00 96 
740      1D 00 47 11 1C 6C 64 00 
600      1D 00 40 6C 64 00 10 
500      1D 00 40 6C 64 00 10 
749      0D 00 AE 03 36 32 
748      0D 00 AE 03 36 32 
100      1D 00 73 FF 08 97 
740      1D 00 47 11 1D 6E 64 00 
600      1D 00 40 6E 64 00 10 
500      1D 00 40 6E 64 00 10 
749      0D 00 AE 03 37 32 
748      0D 00 AE 03 37 32 
740      1D 00 47 11 1E 70 64 00 
600      1D 00 40 70 64 00 10 
500      1D 00 40 70 64 00 10 
749      0D 00 AE 03 38 32 
748      0D 00 AE 03 38 32 
740      1D 00 47 11 1F 72 64 00 
600      1D 00 40 72 64 00 10 
500      1D 00 40 72 64 00 10 
749      0D 00 AE 03 39 32 
748      0D 00 AE 03 39 32 
740      1D 00 47 11 20 9E 66 00 
600      1D 00 40 9E 66 00 10 
500      1D 00 40 9E 66 00 10 
749      0D 00 AE 03 4F 33 
748      0D 00 AE 03 4F 33 
100      1D 00 73 FF 08 98 
740      1D 00 47 11 21 D8 66 00 
600      1D 00 40 D8 66 00 10 
500      1D 00 40 D8 66 00 10 
749      0D 00 AE 03 6C 33 
748      0D 00 AE 03 6C 33 
740      1D 00 47 11 22 64 66 00 
600      1D 00 40 64 66 00 10 
500      1D 00 40 64 66 00 10 
749      0D 00 AE 03 32 33 
748      0D 00 AE 03 32 33 
200      15 00 01 04 00 
749      05 00 AE 40 00 00 00 
749      09 00 AE 40 00 00 00 
200      19 00 01 04 00 
740      1D 00 48 FF 00 FF 00 
749      0D 00 AE 05 00 00 
748      0D 00 AE 05 00 00 
100      1D 00 71 FF 00 99 
740      1D 00 47 01 23 66 66 00 
600      1D 00 40 66 66 00 00 
500      1D 00 40 66 66 00 00 
749      0D 00 AE 03 33 33 
748      0D 00 AE 03 33 33 
749      0D 00 AE 04 00 00 
748      0D 00 AE 04 00 00 
100      15 00 64 04 00 9A 
24A      0D 00 AE 0B 23 00 
748      0D 00 AE 0B 23 00 
749      0D 00 AE 0B 23 00 
100      1D 00 73 FF 08 9B 
100      1D 00 E9 01 01 9C 
180      14 00 34 08 E0 B5 
180      14 00 34 08 E8 B6 
180      14 00 34 08 E0 B7 
100      1D 00 73 FF 04 9D 
180      14 00 34 08 E8 B8 
741      1D 00 40 32 87 
100      1D 00 73 FF 04 9E 
180      15 00 32 01 31 B9 
100      1D 00 73 FF 08 9F 
180      15 00 32 01 30 BA 
740      1D 00 47 00 23 66 66 00 
100      1D 00 73 FF 08 A0 
100      1D 00 73 FF 08 A1 
