249      0D 00 AE 10                       191
1C0      15 00 22 40 40                       1
200      15 00 01 08 08                       3
200      19 00 01 08 08                       3
749      05 00 AE 40 02 00 00                       3
749      09 00 AE 40 02 00 00                       3
740      1D 00 48 FF 00 FF 01                       16
749      0D 00 AE 05 00 01                       47
748      0D 00 AE 05 00 01                       47
100      1D 00 71 FF 02 3E                       1
740      1D 00 47 20 22 64 66 00                       1
600      1D 00 40 64 66 00 20                       1
500      1D 00 40 64 66 00 20                       1
1C0      15 00 22 40 00                       1
749      0D 00 AE 03 32 33                       1
748      0D 00 AE 03 32 33                       1
749      0D 00 AE 04 02 00                       46
748      0D 00 AE 04 02 00                       46
741      1D 00 42                       3
100      1D 00 E9 01 00 3F                       1
180      15 00 20 10 10 AB                       1
180      15 00 36 01 01 AC                       1
180      15 00 20 10 00 AD                       1
180      15 00 36 01 00 AE                       1
180      15 00 20 04 04 AF                       1
180      15 00 36 01 01 B0                       1
180      15 00 20 04 00 B1                       1
180      15 00 36 01 00 B2                       1
740      1D 00 47 21 21 D8 66 00                       2
600      1D 00 40 D8 66 00 20                       2
500      1D 00 40 D8 66 00 20                       2
749      0D 00 AE 03 6C 33                       2
748      0D 00 AE 03 6C 33                       2
100      1D 00 73 FF 08 40                       1
742      1D 00 50 FF 08                       14
740      1D 00 47 21 20 9E 66 00                       1
600      1D 00 40 9E 66 00 20                       1
500      1D 00 40 9E 66 00 20                       1
749      0D 00 AE 03 4F 33                       1
748      0D 00 AE 03 4F 33                       1
740      1D 00 47 21 1F 72 64 00                       1
600      1D 00 40 72 64 00 20                       1
500      1D 00 40 72 64 00 20                       1
749      0D 00 AE 03 39 32                       1
748      0D 00 AE 03 39 32                       1
249      0D 00 AE 0D FF FF 00 00                       2
740      1D 00 47 21 1E 70 64 00                       1
600      1D 00 40 70 64 00 20                       1
500      1D 00 40 70 64 00 20                       1
749      0D 00 AE 03 38 32                       1
748      0D 00 AE 03 38 32                       1
740      1D 00 47 21 1D 6E 64 00                       2
600      1D 00 40 6E 64 00 20                       2
500      1D 00 40 6E 64 00 20                       2
749      0D 00 AE 03 37 32                       2
748      0D 00 AE 03 37 32                       2
100      1D 00 73 FF 08 41                       1
740      1D 00 47 21 1C 6C 64 00                       1
600      1D 00 40 6C 64 00 20                       1
500      1D 00 40 6C 64 00 20                       1
749      0D 00 AE 03 36 32                       1
748      0D 00 AE 03 36 32                       1
740      1D 00 47 21 1B 6A 64 00                       1
600      1D 00 40 6A 64 00 20                       1
500      1D 00 40 6A 64 00 20                       1
749      0D 00 AE 03 35 32                       1
748      0D 00 AE 03 35 32                       1
740      1D 00 47 21 1A 68 64 00                       2
600      1D 00 40 68 64 00 20                       2
500      1D 00 40 68 64 00 20                       2
749      0D 00 AE 03 34 32                       2
748      0D 00 AE 03 34 32                       2
100      1D 00 73 FF 08 42                       1
740      1D 00 47 21 19 66 64 00                       1
600      1D 00 40 66 64 00 20                       1
500      1D 00 40 66 64 00 20                       1
749      0D 00 AE 03 33 32                       1
748      0D 00 AE 03 33 32                       1
740      1D 00 47 21 18 64 64 00                       1
600      1D 00 40 64 64 00 20                       1
500      1D 00 40 64 64 00 20                       1
749      0D 00 AE 03 32 32                       1
748      0D 00 AE 03 32 32                       1
740      1D 00 47 21 17 D8 64 00                       4
600      1D 00 40 D8 64 00 20                       5
500      1D 00 40 D8 64 00 20                       5
749      0D 00 AE 03 6C 32                       5
748      0D 00 AE 03 6C 32                       5
100      15 00 62 40 00 43                       1
200      15 17 01 08 08                       1
749      05 17 AE 40 02 00 00                       1
24A      0D 00 AE 0B 17 00                       1
748      0D 00 AE 0B 17 00                       1
749      0D 00 AE 0B 17 00                       1
100      1D 00 71 FF 42 44                       1
100      1D 00 73 FF 08 45                       1
100      1D 00 E9 01 01 46                       1
180      14 00 34 08 E0 B3                       1
180      14 00 34 08 E8 B4                       1
180      14 00 34 08 E0 B5                       1
180      14 00 34 08 E8 B6                       1
180      14 00 34 08 E0 B7                       1
180      14 00 34 08 E8 B8                       1
100      1D 00 73 FF 04 47                       1
742      1D 00 20 FF 04                       3
180      14 00 34 08 E0 B9                       1
180      14 00 34 08 E8 BA                       1
741      1D 00 40 22 2F                       1
741      1D 00 41                       3
781      11 00 50 09 08 91                       9
781      11 00 50 09 09 0F                       14
100      1D 00 73 FF 04 48                       1
742      1D 00 50 FF 04                       5
180      15 00 32 01 31 BB                       1
100      1D 00 73 FF 08 49                       1
742      1D 00 20 FF 08                       3
180      15 00 32 01 30 BC                       1
740      1D 00 47 20 17 D8 64 00                       1
100      1D 00 73 FF 08 4A                       1
200      15 17 01 08 00                       1
749      05 17 AE 40 00 00 00                       1
100      1D 00 71 FF 02 4B                       1
100      1D 00 E9 01 00 4C                       1
100      1D 00 73 FF 08 4D                       1
740      1D 00 47 21 16 9E 64 00                       1
600      1D 00 40 9E 64 00 20                       1
500      1D 00 40 9E 64 00 20                       1
749      0D 00 AE 03 4F 32                       1
748      0D 00 AE 03 4F 32                       1
249      0D 00 AE 0D 2E 15 00 00                       1
249      0D 00 AE 31 F6 08 00 00                       2
740      1D 00 47 21 15 72 D8 00                       1
600      1D 00 40 72 D8 00 20                       1
500      1D 00 40 72 D8 00 20                       1
749      0D 00 AE 03 39 6C                       1
748      0D 00 AE 03 39 6C                       1
740      1D 00 47 21 14 70 D8 00                       2
600      1D 00 40 70 D8 00 20                       2
500      1D 00 40 70 D8 00 20                       2
749      0D 00 AE 03 38 6C                       2
748      0D 00 AE 03 38 6C                       2
100      1D 00 73 FF 08 4E                       1
740      1D 00 47 21 13 6E D8 00                       1
600      1D 00 40 6E D8 00 20                       1
500      1D 00 40 6E D8 00 20                       1
749      0D 00 AE 03 37 6C                       1
748      0D 00 AE 03 37 6C                       1
740      1D 00 47 21 12 6C D8 00                       1
600      1D 00 40 6C D8 00 20                       1
500      1D 00 40 6C D8 00 20                       1
749      0D 00 AE 03 36 6C                       1
748      0D 00 AE 03 36 6C                       1
740      1D 00 47 21 11 6A D8 00                       1
600      1D 00 40 6A D8 00 20                       1
500      1D 00 40 6A D8 00 20                       1
749      0D 00 AE 03 35 6C                       1
748      0D 00 AE 03 35 6C                       1
740      1D 00 47 21 10 68 D8 00                       2
600      1D 00 40 68 D8 00 20                       2
500      1D 00 40 68 D8 00 20                       2
749      0D 00 AE 03 34 6C                       2
748      0D 00 AE 03 34 6C                       2
100      1D 00 73 FF 08 4F                       1
740      1D 00 47 21 0F 66 D8 00                       1
600      1D 00 40 66 D8 00 20                       1
500      1D 00 40 66 D8 00 20                       1
749      0D 00 AE 03 33 6C                       1
748      0D 00 AE 03 33 6C                       1
740      1D 00 47 21 0E 64 D8 00                       1
600      1D 00 40 64 D8 00 20                       1
500      1D 00 40 64 D8 00 20                       1
749      0D 00 AE 03 32 6C                       1
748      0D 00 AE 03 32 6C                       1
740      1D 00 47 21 0D D8 D8 00                       2
600      1D 00 40 D8 D8 00 20                       2
500      1D 00 40 D8 D8 00 20                       2
749      0D 00 AE 03 6C 6C                       2
748      0D 00 AE 03 6C 6C                       2
100      1D 00 73 FF 08 50                       1
740      1D 00 47 21 0C 9E D8 00                       1
600      1D 00 40 9E D8 00 20                       1
500      1D 00 40 9E D8 00 20                       1
749      0D 00 AE 03 4F 6C                       1
748      0D 00 AE 03 4F 6C                       1
740      1D 00 47 21 0B 72 00 00                       1
600      1D 00 40 72 00 00 20                       1
500      1D 00 40 72 00 00 20                       1
749      0D 00 AE 03 39 00                       1
748      0D 00 AE 03 39 00                       1
740      1D 00 47 21 0A 70 00 00                       1
600      1D 00 40 70 00 00 20                       1
500      1D 00 40 70 00 00 20                       1
749      0D 00 AE 03 38 00                       1
748      0D 00 AE 03 38 00                       1
740      1D 00 47 21 09 6E 00 00                       2
600      1D 00 40 6E 00 00 20                       2
500      1D 00 40 6E 00 00 20                       2
749      0D 00 AE 03 37 00                       2
748      0D 00 AE 03 37 00                       2
100      1D 00 73 FF 08 51                       1
740      1D 00 47 21 08 6C 00 00                       1
600      1D 00 40 6C 00 00 20                       1
500      1D 00 40 6C 00 00 20                       1
749      0D 00 AE 03 36 00                       1
748      0D 00 AE 03 36 00                       1
740      1D 00 47 21 07 6A 00 00                       1
600      1D 00 40 6A 00 00 20                       1
500      1D 00 40 6A 00 00 20                       1
749      0D 00 AE 03 35 00                       1
748      0D 00 AE 03 35 00                       1
740      1D 00 47 21 06 68 00 00                       2
600      1D 00 40 68 00 00 20                       2
500      1D 00 40 68 00 00 20                       2
749      0D 00 AE 03 34 00                       2
748      0D 00 AE 03 34 00                       2
100      1D 00 73 FF 08 52                       1
740      1D 00 47 21 05 66 00 00                       2
600      1D 00 40 66 00 00 20                       4
500      1D 00 40 66 00 00 20                       4
749      0D 00 AE 03 33 00                       4
748      0D 00 AE 03 33 00                       4
100      15 00 60 10 00 53                       1
200      15 05 01 08 08                       1
749      05 05 AE 40 02 00 00                       1
24A      0D 00 AE 0B 05 00                       1
748      0D 00 AE 0B 05 00                       1
749      0D 00 AE 0B 05 00                       1
100      1D 00 71 FF 42 54                       1
100      1D 00 E9 01 01 55                       1
180      14 00 34 08 E0 BD                       1
180      14 00 34 08 E8 BE                       1
180      14 00 34 08 E0 BF                       1
180      14 00 34 08 E8 C0                       1
180      14 00 34 08 E0 C1                       1
100      1D 00 73 FF 04 56                       1
100      1D 00 73 FF 04 57                       1
741      1D 00 40 09 9E                       1
180      14 00 34 08 E8 C2                       1
180      15 00 32 01 31 C3                       1
781      11 00 50 08 08 13                       1
740      1D 00 47 20 05 66 00 00                       2
100      1D 00 73 FF 04 58                       1
100      1D 00 73 FF 08 59                       1
180      15 00 32 01 30 C4                       1
200      15 05 01 08 00                       1
749      05 05 AE 40 00 00 00                       1
100      1D 00 71 FF 02 5A                       1
100      1D 00 73 FF 08 5B                       1
100      1D 00 E9 01 00 5C                       1
740      1D 00 47 21 04 64 00 00                       1
600      1D 00 40 64 00 00 20                       1
500      1D 00 40 64 00 00 20                       1
749      0D 00 AE 03 32 00                       1
748      0D 00 AE 03 32 00                       1
100      15 00 60 04 00 5D                       1
24A      0D 00 AE 0B 03 00                       1
748      0D 00 AE 0B 03 00                       1
749      0D 00 AE 0B 03 00                       1
200      15 00 01 08 00                       1
749      05 00 AE 40 00 00 00                       1
749      09 00 AE 40 00 00 00                       1
200      19 00 01 08 00                       1
740      1D 00 48 FF 00 FF 00                       5
749      0D 00 AE 05 00 00                       6
748      0D 00 AE 05 00 00                       6
100      1D 00 71 FF 00 5E                       1
740      1D 00 47 01 03 D8 00 00                       3
600      1D 00 40 D8 00 00 00                       5
500      1D 00 40 D8 00 00 00                       5
749      0D 00 AE 03 6C 00                       5
748      0D 00 AE 03 6C 00                       5
749      0D 00 AE 04 00 00                       5
748      0D 00 AE 04 00 00                       5
100      1D 00 73 FF 08 5F                       1
100      1D 00 E9 01 01 60                       1
180      14 00 34 08 E0 C5                       1
180      14 00 34 08 E8 C6                       1
180      14 00 34 08 E0 C7                       1
180      14 00 34 08 E8 C8                       1
100      1D 00 73 FF 04 61                       1
180      14 00 34 08 E0 C9                       1
100      1D 00 73 FF 04 62                       1
741      1D 00 40 05 88                       1
180      14 00 34 08 E8 CA                       1
781      11 00 FA 04                       1
781      11 00 50 09 0A 8D                       10
180      15 00 32 01 31 CB                       1
740      1D 00 47 00 03 D8 00 00                       2
100      1D 00 73 FF 04 63                       1
100      1D 00 73 FF 08 64                       1
180      15 00 32 01 30 CC                       1
249      0D 00 AE 0D 2F 15 00 00                       1
100      1D 00 73 FF 08 65                       1
