740      1D 00 48 FF 00 FF 00                       6
740      1D 00 47 00 05 66 00 00                       1
600      1D 00 40 66 00 00 00                       1
500      1D 00 40 66 00 00 00                       1
749      0D 00 AE 03 33 00                       3
748      0D 00 AE 03 33 00                       3
749      0D 00 AE 04 00 00                       6
748      0D 00 AE 04 00 00                       6
749      0D 00 AE 05 00 00                       7
748      0D 00 AE 05 00 00                       7
100      1D 00 73 FF 04 25                       1
742      1D 00 50 FF 04                       4
249      0D 00 AE 10                       90
781      11 00 50 09 09 0F                       7
100      1D 00 73 FF 08 26                       1
742      1D 00 20 FF 08                       3
180      15 00 32 01 30 FA                       1
180      15 00 20 08 08 FB                       1
180      15 00 36 01 01 FC                       1
180      15 00 20 08 00 FD                       1
180      15 00 36 01 00 FE                       1
200      15 00 01 08 08                       3
200      19 00 01 08 08                       3
740      1D 00 48 FF 00 FF 01                       6
749      0D 00 AE 05 00 01                       8
748      0D 00 AE 05 00 01                       8
100      1D 00 71 FF 82 27                       1
749      05 00 AE 40 02 00 00                       3
749      09 00 AE 40 02 00 00                       3
740      1D 00 47 20 05 66 00 00                       2
600      1D 00 40 66 00 00 20                       2
500      1D 00 40 66 00 00 20                       2
749      0D 00 AE 04 02 00                       7
748      0D 00 AE 04 02 00                       7
749      05 05 AE 40 02 00 00                       1
200      15 05 01 08 08                       1
180      15 00 20 04 04 FF                       1
180      15 00 36 01 01 00                       1
180      15 00 20 04 00 01                       1
180      15 00 36 01 00 02                       1
100      1D 00 73 FF 08 28                       1
742      1D 00 50 FF 08                       6
781      11 00 50 0A 09 8C                       1
100      1D 00 71 FF 02 29                       1
200      15 05 01 08 00                       1
749      05 05 AE 40 00 00 00                       1
741      1D 00 42                       2
100      1D 00 E9 01 00 2A                       1
100      1D 00 71 FF 42 2B                       1
740      1D 00 47 21 04 64 00 00                       3
600      1D 00 40 64 00 00 20                       5
500      1D 00 40 64 00 00 20                       5
749      0D 00 AE 03 32 00                       5
748      0D 00 AE 03 32 00                       5
100      15 00 60 08 00 2C                       1
200      15 04 01 08 08                       1
749      05 04 AE 40 02 00 00                       1
24A      0D 00 AE 0B 04 00                       1
748      0D 00 AE 0B 04 00                       1
749      0D 00 AE 0B 04 00                       1
100      1D 00 73 FF 08 2D                       1
100      1D 00 E9 01 01 2E                       1
180      14 00 34 08 E0 03                       1
180      14 00 34 08 E8 04                       1
180      14 00 34 08 E0 05                       1
180      14 00 34 08 E8 06                       1
100      1D 00 73 FF 04 2F                       1
742      1D 00 20 FF 04                       2
180      14 00 34 08 E0 07                       1
741      1D 00 40 08 40                       1
741      1D 00 41                       2
180      14 00 34 08 E8 08                       1
781      11 00 50 08 08 67                       10
180      15 00 32 01 31 09                       1
740      1D 00 47 20 04 64 00 00                       2
100      1D 00 73 FF 04 30                       1
100      1D 00 73 FF 08 31                       1
180      15 00 32 01 30 0A                       1
100      1D 00 73 FF 08 32                       1
100      1D 00 71 FF 02 33                       1
200      15 04 01 08 00                       1
749      05 04 AE 40 00 00 00                       1
100      1D 00 E9 01 00 34                       1
100      1D 00 73 FF 08 35                       1
200      15 00 01 08 00                       1
200      19 00 01 08 00                       1
749      05 00 AE 40 00 00 00                       1
749      09 00 AE 40 00 00 00                       1
100      1D 00 71 FF 00 36                       1
740      1D 00 47 01 03 D8 00 00                       2
600      1D 00 40 D8 00 00 00                       5
500      1D 00 40 D8 00 00 00                       5
749      0D 00 AE 03 6C 00                       5
748      0D 00 AE 03 6C 00                       5
100      15 00 60 04 00 37                       1
24A      0D 00 AE 0B 03 00                       1
748      0D 00 AE 0B 03 00                       1
749      0D 00 AE 0B 03 00                       1
249      0D 00 AE 0D 45 15 00 00                       1
249      0D 00 AE 31 F6 08 00 00                       1
100      1D 00 E9 01 01 38                       1
180      14 00 34 08 E0 0B                       1
180      14 00 34 08 E8 0C                       1
180      14 00 34 08 E0 0D                       1
180      14 00 34 08 E8 0E                       1
100      1D 00 73 FF 04 39                       1
180      14 00 34 08 E0 0F                       1
100      1D 00 73 FF 04 3A                       1
741      1D 00 40 05 88                       1
180      14 00 34 08 E8 10                       1
781      11 00 50 09 0A 8D                       3
781      11 00 50 08 0A 0F                       9
180      15 00 32 01 31 11                       1
740      1D 00 47 00 03 D8 00 00                       3
100      1D 00 73 FF 04 3B                       1
100      1D 00 73 FF 08 3C                       1
180      15 00 32 01 30 12                       1
100      1D 00 73 FF 08 3D                       1
781      11 00 50 0B 0C FE                       1
781      11 00 50 0A 0C 05                       1
781      11 00 50 09 0B 0A                       1
100      1D 00 73 FF 08 3E                       1
