249      0D 00 AE 10                       34
781      11 00 50 09 09 68                       6
740      1D 00 48 FF 00 FF 00                       3
740      1D 00 47 00 04 64 00 00                       3
600      1D 00 40 64 00 00 00                       3
500      1D 00 40 64 00 00 00                       3
749      0D 00 AE 03 32 00                       3
748      0D 00 AE 03 32 00                       3
749      0D 00 AE 04 00 00                       3
748      0D 00 AE 04 00 00                       3
749      0D 00 AE 05 00 00                       3
748      0D 00 AE 05 00 00                       3
100      1D 00 73 FF 04 42                       1
742      1D 00 50 FF 04                       3
781      11 00 50 09 08 EA                       1
100      1D 00 73 FF 04 43                       1
781      11 00 50 0A 09 E5                       4
100      1D 00 73 FF 04 44                       1
781      11 00 FA 04                       1
781      11 00 50 0A 0A 62                       1
