249      0D 00 AE 10                       25
781      11 00 50 09 0A 8D                       8
740      1D 00 48 FF 00 FF 00                       3
740      1D 00 47 00 03 D8 00 00                       3
600      1D 00 40 D8 00 00 00                       3
500      1D 00 40 D8 00 00 00                       3
749      0D 00 AE 03 6C 00                       3
748      0D 00 AE 03 6C 00                       3
749      0D 00 AE 04 00 00                       3
748      0D 00 AE 04 00 00                       3
749      0D 00 AE 05 00 00                       3
748      0D 00 AE 05 00 00                       3
100      1D 00 73 FF 08 A5                       1
742      1D 00 50 FF 08                       3
781      11 00 50 08 0A 0F                       3
781      11 00 50 07 09 11                       1
781      11 00 50 0B 0D 7A                       1
781      11 00 50 09 0B 0A                       1
100      1D 00 73 FF 08 A6                       1
100      1D 00 73 FF 08 A7                       1
