008      00 85 00 00 00 20 20 31 
009      42 87 00 00 00 00 00 00 
00A      00 7E 00 00 00 00 00 00 
008      00 86 00 00 00 01 01 05 
008      14 0A 10 11 12 15 44 50 
008      01 BC 01 00 00 00 00 00 
008      01 AA 00 00 00 00 00 00 
01F      00 AB 01 00 00 00 00 00 
008      00 01 01 00 00 01 0C 00 
008      01 0A 00 00 00 00 00 00 
008      02 AA 00 00 00 00 00 00 
020      00 AB 02 00 00 00 00 00 
008      02 0A 00 00 00 00 00 00 
008      03 0A 00 00 00 00 00 00 
008      03 AA 00 00 00 00 00 00 
021      02 AB 03 00 00 00 00 00 
008      04 0A 00 00 00 00 01 13 
008      05 0A 00 00 00 00 00 00 
008      14 0A 10 11 12 15 44 51 
008      06 0A 00 00 00 00 00 00 
008      07 0A 00 00 00 00 00 00 
008      04 AA 00 00 00 00 00 00 
022      00 AB 04 00 00 00 00 00 
008      08 0A 00 00 00 00 00 00 
008      09 0A 00 00 00 00 00 00 
008      0A 0A 00 00 00 15 44 51 
008      0B 0A 00 00 00 00 00 00 
008      0C 0A 00 00 00 00 00 00 
008      0D 0A 00 00 00 00 00 00 
008      0E 0A 00 00 00 00 00 00 
008      0F 0A 00 00 00 00 00 00 
008      10 0A 00 00 00 00 00 00 
008      20 82 00 01 00 00 00 00 
008      00 83 00 00 00 00 00 00 
008      00 84 00 00 00 00 00 00 
008      14 0A 10 11 12 15 44 52 
008      14 0A 10 11 12 15 44 53 
008      0A 0A 00 00 00 15 44 53 
00A      01 6E 04 00 00 00 00 00 
008      03 0A 08 00 00 00 00 00 
008      00 01 01 01 00 01 0C 00 
008      04 0A 00 00 00 01 01 13 
008      07 0A 08 00 00 00 00 00 
00A      00 6E 04 00 00 00 00 00 
008      09 0A 08 00 00 00 00 00 
008      00 82 00 01 00 00 00 00 
008      04 0A 04 00 00 01 01 13 
008      00 01 01 02 00 01 0D 00 
008      14 0A 10 11 12 15 44 54 
008      00 BC 01 00 00 00 00 00 
008      14 0A 10 11 12 15 44 55 
008      00 86 00 00 00 02 01 05 
008      0A 0A 00 00 00 15 44 55 
008      14 0A 10 11 12 15 44 56 
008      00 01 01 02 00 01 05 00 
008      00 82 00 00 00 00 00 00 
008      00 86 00 00 00 03 01 05 
008      14 0A 10 11 12 15 44 57 
008      0A 0A 02 4D 00 15 44 57 
008      00 01 01 02 00 01 01 00 
008      00 85 00 00 00 20 20 32 
008      00 01 02 02 00 02 01 00 
008      04 0A 04 00 00 01 02 13 
008      14 0A 10 11 12 15 44 58 
008      00 BC 02 00 00 00 00 00 
008      00 01 02 02 00 02 09 00 
008      14 0A 10 11 12 15 44 59 
008      0A 0A 02 BC 02 15 44 59 
008      00 01 02 02 00 02 0D 00 
008      00 01 02 02 00 02 05 00 
008      14 0A 10 11 12 15 45 00 
008      04 0A 04 00 00 01 03 13 
008      00 85 00 00 00 20 20 33 
008      00 86 00 00 00 04 01 05 
008      00 01 03 02 00 03 01 00 
008      14 0A 10 11 12 15 45 01 
008      00 BC 03 00 00 00 00 00 
008      0A 0A 02 C5 03 15 45 01 
008      14 0A 10 11 12 15 45 02 
008      0A 0A 02 C0 05 15 45 03 
008      00 85 00 00 00 20 20 34 
008      00 01 04 02 00 04 01 00 
008      04 0A 04 00 00 01 04 13 
008      14 0A 10 11 12 15 45 04 
008      00 01 04 02 00 04 09 00 
008      00 BC 04 00 00 00 00 00 
008      01 82 00 00 00 00 00 00 
008      00 01 04 02 00 04 A9 00 
008      04 0A 06 00 00 01 04 13 
008      00 01 04 02 00 04 89 00 
008      14 0A 10 11 12 15 45 05 
008      01 82 00 01 00 00 00 00 
008      00 01 04 02 00 04 8D 00 
008      00 01 04 02 00 04 AD 00 
008      0A 0A 00 55 06 15 45 05 
008      00 01 04 01 00 04 0D 00 
008      04 0A 04 00 00 00 04 13 
008      00 01 04 01 00 04 2D 00 
008      14 0A 10 11 12 15 45 07 
008      00 01 04 04 00 04 2C 00 
008      00 01 04 04 00 04 0C 00 
008      00 01 04 0C 00 04 0C 00 
008      04 0A 04 20 00 00 04 13 
008      10 82 00 01 00 00 00 00 
008      00 01 04 0C 00 04 2C 00 
008      14 0A 10 11 12 15 45 08 
009      43 87 00 00 00 00 00 00 
008      00 86 00 00 00 04 01 01 
008      00 86 00 00 00 04 01 00 
009      41 87 00 00 00 00 00 00 
008      00 86 00 00 00 04 01 02 
008      01 BC 04 00 00 00 00 00 
008      0A 0A 00 00 06 15 45 08 
008      14 0A 10 11 12 15 45 09 
008      14 0A 10 11 12 15 45 10 
008      0A 0A 00 00 06 15 45 10 
008      08 82 00 01 00 00 00 00 
008      00 01 04 14 00 04 0C 00 
008      04 0A 04 40 00 00 04 13 
008      14 0A 10 11 12 15 45 11 
008      00 01 04 14 00 04 2C 00 
008      00 01 04 10 00 04 0C 00 
008      00 01 04 00 00 04 0C 00 
020      02 97 01 00 00 00 00 00 
008      02 0A 02 00 00 00 00 00 
008      14 0A 10 11 12 15 45 12 
020      02 97 00 00 00 00 00 00 
008      00 01 04 03 00 04 0E 00 
008      0A 0A 00 00 06 15 45 13 
008      14 0A 10 11 12 15 45 14 
008      0A 0A FF E9 06 15 45 15 
008      00 01 04 03 00 04 0A 00 
008      14 0A 10 11 12 15 45 16 
008      00 01 04 03 00 04 02 00 
008      0A 0A FD 3A 05 15 45 17 
008      00 01 03 03 00 03 02 00 
008      14 0A 10 11 12 15 45 18 
008      0A 0A FD 45 03 15 45 18 
008      14 0A 10 11 12 15 45 19 
008      00 01 02 03 00 02 02 00 
008      00 01 02 03 00 02 06 00 
008      14 0A 10 11 12 15 45 20 
008      00 01 02 03 00 02 A6 00 
008      04 0A 06 00 00 01 02 13 
008      0A 0A FE 4F 02 15 45 21 
008      00 01 02 03 00 02 86 00 
008      00 01 02 03 00 02 8E 00 
008      00 01 02 03 00 02 AE 00 
008      14 0A 10 11 12 15 45 22 
008      04 0A 06 00 00 00 02 13 
008      00 01 02 04 00 02 0E 00 
008      04 0A 04 00 00 00 02 13 
008      00 01 02 04 00 02 2E 00 
008      00 01 02 04 00 02 2C 00 
008      00 01 02 04 00 02 0C 00 
008      0A 0A 00 00 02 15 45 23 
008      00 01 02 0C 00 02 0C 00 
008      00 01 02 0C 00 02 2C 00 
008      04 0A 04 20 00 00 02 13 
008      00 86 00 00 00 02 01 01 
008      00 86 00 00 00 02 01 00 
008      00 86 00 00 00 02 01 02 
008      14 0A 10 11 12 15 45 24 
008      01 BC 02 00 00 00 00 00 
008      14 0A 10 11 12 15 45 25 
008      0A 0A 00 00 02 15 45 25 
008      14 0A 10 11 12 15 45 26 
008      00 01 02 14 00 02 0C 00 
008      04 0A 04 40 00 00 02 13 
008      14 0A 10 11 12 15 45 27 
008      00 01 02 14 00 02 2C 00 
008      00 01 02 10 00 02 0C 00 
008      00 01 02 00 00 02 0C 00 
008      0A 0A 00 00 02 15 45 28 
008      14 0A 10 11 12 15 45 29 
008      0A 0A 00 00 02 15 45 29 
008      14 0A 10 11 12 15 45 30 
008      14 0A 10 11 12 15 45 31 
008      0A 0A 00 00 02 15 45 31 
008      14 0A 10 11 12 15 45 32 
008      14 0A 10 11 12 15 45 33 
008      0A 0A 00 00 02 15 45 33 
008      14 0A 10 11 12 15 45 34 
008      0A 0A 00 00 02 15 45 35 
008      14 0A 10 11 12 15 45 35 
008      14 0A 10 11 12 15 45 36 
008      0A 0A 00 00 02 15 45 36 
008      14 0A 10 11 12 15 45 37 
008      14 0A 10 11 12 15 45 38 
008      0A 0A 00 00 02 15 45 38 
008      14 0A 10 11 12 15 45 39 
008      0A 0A 00 00 02 15 45 40 
008      14 0A 10 11 12 15 45 41 
008      0A 0A 00 00 02 15 45 42 
008      14 0A 10 11 12 15 45 42 
008      14 0A 10 11 12 15 45 43 
008      0A 0A 00 00 02 15 45 43 
008      14 0A 10 11 12 15 45 44 
008      14 0A 10 11 12 15 45 45 
008      0A 0A 00 00 02 15 45 45 
008      14 0A 10 11 12 15 45 46 
008      0A 0A 00 00 02 15 45 47 
008      14 0A 10 11 12 15 45 48 
008      0A 0A 00 00 02 15 45 48 
008      14 0A 10 11 12 15 45 49 
008      14 0A 10 11 12 15 45 50 
008      0A 0A 00 00 02 15 45 50 
008      14 0A 10 11 12 15 45 51 
00A      01 6E 01 00 00 00 00 00 
008      07 0A 01 00 00 00 00 00 
008      09 0A 01 00 00 00 00 00 
008      03 0A 01 00 00 00 00 00 
00A      00 6E 01 00 00 00 00 00 
008      00 01 02 03 00 02 0E 00 
008      14 0A 10 11 12 15 45 52 
008      0A 0A 00 00 02 15 45 52 
008      14 0A 10 11 12 15 45 53 
008      14 0A 10 11 12 15 45 54 
008      0A 0A FF 35 02 15 45 54 
008      00 01 02 03 00 02 0A 00 
008      14 0A 10 11 12 15 45 55 
008      14 0A 10 11 12 15 45 56 
008      00 01 01 03 00 01 02 00 
008      0A 0A FD 7B 01 15 45 57 
008      00 01 01 03 00 01 06 00 
008      04 0A 05 00 00 01 01 13 
008      02 82 00 00 00 00 00 00 
008      00 01 01 03 00 01 56 00 
008      00 01 01 03 00 01 46 00 
008      14 0A 10 11 12 15 45 58 
008      00 01 01 03 00 01 4E 00 
008      02 82 00 01 00 00 00 00 
008      00 01 01 03 00 01 5E 00 
008      0A 0A 00 00 00 15 45 59 
008      00 01 01 04 00 01 0E 00 
008      04 0A 04 00 00 00 01 13 
008      00 01 01 04 00 01 1E 00 
008      00 01 01 01 00 01 1C 00 
008      00 01 01 09 00 01 0C 00 
008      04 0A 04 20 00 00 01 13 
008      00 01 01 09 00 01 1C 00 
008      14 0A 10 11 12 15 46 00 
008      00 86 00 00 00 01 01 01 
008      00 86 00 00 00 01 01 00 
008      00 86 00 00 00 01 01 02 
008      14 0A 10 11 12 15 46 01 
008      0A 0A 00 00 00 15 46 02 
008      14 0A 10 11 12 15 46 02 
008      14 0A 10 11 12 15 46 03 
008      0A 0A 00 00 00 15 46 03 
008      04 0A 04 40 00 00 01 13 
008      00 01 01 11 00 01 0C 00 
008      00 01 01 11 00 01 1C 00 
008      00 01 01 10 00 01 0C 00 
008      14 0A 10 11 12 15 46 05 
008      0A 0A 00 00 00 15 46 06 
008      14 0A 10 11 12 15 46 07 
008      0A 0A 00 00 00 15 46 07 
008      14 0A 10 11 12 15 46 08 
008      14 0A 10 11 12 15 46 09 
008      0A 0A 00 00 00 15 46 09 
008      14 0A 10 11 12 15 46 10 
008      14 0A 10 11 12 15 46 11 
008      0A 0A 00 00 00 15 46 11 
008      14 0A 10 11 12 15 46 12 
008      0A 0A 00 00 00 15 46 13 
008      14 0A 10 11 12 15 46 13 
008      14 0A 10 11 12 15 46 14 
008      0A 0A 00 00 00 15 46 14 
008      14 0A 10 11 12 15 46 15 
008      14 0A 10 11 12 15 46 16 
008      0A 0A 00 00 00 15 46 16 
008      14 0A 10 11 12 15 46 17 
008      14 0A 10 11 12 15 46 18 
008      0A 0A 00 00 00 15 46 18 
008      14 0A 10 11 12 15 46 19 
008      0A 0A 00 00 00 15 46 20 
008      14 0A 10 11 12 15 46 20 
008      14 0A 10 11 12 15 46 21 
008      0A 0A 00 00 00 15 46 21 
008      14 0A 10 11 12 15 46 22 
008      14 0A 10 11 12 15 46 23 
008      0A 0A 00 00 00 15 46 23 
008      14 0A 10 11 12 15 46 24 
008      0A 0A 00 00 00 15 46 25 
008      14 0A 10 11 12 15 46 26 
008      0A 0A 00 00 00 15 46 27 
008      14 0A 10 11 12 15 46 27 
008      14 0A 10 11 12 15 46 28 
008      0A 0A 00 00 00 15 46 28 
008      14 0A 10 11 12 15 46 29 
008      14 0A 10 11 12 15 46 30 
008      0A 0A 00 00 00 15 46 30 
008      14 0A 10 11 12 15 46 31 
008      0A 0A 00 00 00 15 46 32 
008      14 0A 10 11 12 15 46 33 
008      0A 0A 00 00 00 15 46 33 
008      14 0A 10 11 12 15 46 34 
008      14 0A 10 11 12 15 46 35 
008      0A 0A 00 00 00 15 46 35 
008      14 0A 10 11 12 15 46 36 
008      14 0A 10 11 12 15 46 37 
008      0A 0A 00 00 00 15 46 37 
008      14 0A 10 11 12 15 46 38 
008      0A 0A 00 00 00 15 46 39 
008      14 0A 10 11 12 15 46 39 
008      14 0A 10 11 12 15 46 40 
008      0A 0A 00 00 00 15 46 40 
008      14 0A 10 11 12 15 46 41 
008      14 0A 10 11 12 15 46 42 
008      0A 0A 00 00 00 15 46 42 
008      14 0A 10 11 12 15 46 43 
008      0A 0A 00 00 00 15 46 44 
008      14 0A 10 11 12 15 46 45 
008      0A 0A 00 00 00 15 46 46 
008      14 0A 10 11 12 15 46 47 
008      0A 0A 00 00 00 15 46 48 
008      14 0A 10 11 12 15 46 49 
008      0A 0A 00 00 00 15 46 50 
008      14 0A 10 11 12 15 46 50 
008      14 0A 10 11 12 15 46 51 
008      0A 0A 00 00 00 15 46 51 
008      14 0A 10 11 12 15 46 52 
008      14 0A 10 11 12 15 46 53 
008      0A 0A 00 00 00 15 46 53 
008      14 0A 10 11 12 15 46 54 
008      0A 0A 00 00 00 15 46 55 
008      14 0A 10 11 12 15 46 56 
008      0A 0A 00 00 00 15 46 56 
008      14 0A 10 11 12 15 46 57 
008      14 0A 10 11 12 15 46 58 
008      0A 0A 00 00 00 15 46 58 
008      14 0A 10 11 12 15 46 59 
008      14 0A 10 11 12 15 47 00 
008      0A 0A 00 00 00 15 47 00 
008      14 0A 10 11 12 15 47 01 
008      0A 0A 00 00 00 15 47 02 
008      14 0A 10 11 12 15 47 03 
008      0A 0A 00 00 00 15 47 03 
008      14 0A 10 11 12 15 47 04 
008      14 0A 10 11 12 15 47 05 
008      0A 0A 00 00 00 15 47 05 
008      14 0A 10 11 12 15 47 06 
008      14 0A 10 11 12 15 47 07 
008      0A 0A 00 00 00 15 47 07 
020      02 96 01 00 00 00 00 00 
008      01 0A 02 00 00 00 00 00 
020      01 AB 02 00 00 00 00 00 
020      02 96 00 00 00 00 00 00 
008      14 0A 10 11 12 15 47 08 
008      0A 0A 00 00 00 15 47 09 
008      14 0A 10 11 12 15 47 10 
008      0A 0A 02 42 00 15 47 11 
008      14 0A 10 11 12 15 47 12 
008      00 01 02 02 00 02 59 00 
008      04 0A 05 00 00 01 02 13 
008      0A 0A 01 A8 02 15 47 13 
008      00 01 02 02 00 02 49 00 
008      00 01 02 02 00 02 4D 00 
008      00 01 02 02 00 02 5D 00 
008      14 0A 10 11 12 15 47 14 
008      00 01 02 01 00 02 0D 00 
008      00 01 02 01 00 02 1D 00 
008      14 0A 10 11 12 15 47 15 
008      00 01 02 01 00 02 1C 00 
008      00 01 02 01 00 02 0C 00 
008      0A 0A 00 00 02 15 47 15 
008      00 01 02 09 00 02 0C 00 
008      00 01 02 09 00 02 1C 00 
008      14 0A 10 11 12 15 47 17 
008      0A 0A 00 00 02 15 47 18 
008      14 0A 10 11 12 15 47 19 
008      00 01 02 11 00 02 0C 00 
008      00 01 02 11 00 02 1C 00 
008      0A 0A 00 00 02 15 47 20 
008      14 0A 10 11 12 15 47 21 
008      14 0A 10 11 12 15 47 22 
008      0A 0A 00 00 02 15 47 22 
008      14 0A 10 11 12 15 47 23 
008      0A 0A 02 B6 03 15 47 24 
008      14 0A 10 11 12 15 47 25 
008      0A 0A 02 BE 04 15 47 26 
008      14 0A 10 11 12 15 47 27 
008      0A 0A 02 3A 05 15 47 28 
008      14 0A 10 11 12 15 47 29 
008      04 0A 06 00 00 00 04 13 
008      14 0A 10 11 12 15 47 30 
008      0A 0A 00 00 06 15 47 30 
008      14 0A 10 11 12 15 47 32 
008      0A 0A 00 00 06 15 47 33 
008      14 0A 10 11 12 15 47 33 
008      14 0A 10 11 12 15 47 34 
008      0A 0A 00 00 06 15 47 35 
008      14 0A 10 11 12 15 47 36 
008      14 0A 10 11 12 15 47 37 
008      0A 0A 00 00 06 15 47 37 
008      14 0A 10 11 12 15 47 38 
008      14 0A 10 11 12 15 47 39 
008      0A 0A 00 00 06 15 47 39 
008      14 0A 10 11 12 15 47 40 
008      0A 0A 00 00 06 15 47 41 
008      14 0A 10 11 12 15 47 41 
008      14 0A 10 11 12 15 47 42 
008      0A 0A 00 00 06 15 47 42 
008      14 0A 10 11 12 15 47 43 
008      14 0A 10 11 12 15 47 44 
008      0A 0A 00 00 06 15 47 44 
008      14 0A 10 11 12 15 47 45 
008      0A 0A 00 00 06 15 47 46 
008      14 0A 10 11 12 15 47 47 
008      0A 0A 00 00 06 15 47 48 
008      14 0A 10 11 12 15 47 48 
008      14 0A 10 11 12 15 47 49 
008      0A 0A 00 00 06 15 47 49 
008      14 0A 10 11 12 15 47 50 
008      14 0A 10 11 12 15 47 51 
008      0A 0A 00 00 06 15 47 51 
008      14 0A 10 11 12 15 47 52 
008      0A 0A 00 00 06 15 47 53 
008      14 0A 10 11 12 15 47 54 
008      0A 0A 00 00 06 15 47 54 
008      14 0A 10 11 12 15 47 55 
008      14 0A 10 11 12 15 47 56 
008      0A 0A 00 00 06 15 47 56 
008      14 0A 10 11 12 15 47 57 
008      14 0A 10 11 12 15 47 58 
008      0A 0A 00 00 06 15 47 58 
008      14 0A 10 11 12 15 47 59 
008      0A 0A 00 00 06 15 48 00 
008      14 0A 10 11 12 15 48 01 
008      0A 0A 00 00 06 15 48 01 
008      14 0A 10 11 12 15 48 02 
008      14 0A 10 11 12 15 48 03 
008      0A 0A 00 00 06 15 48 03 
008      14 0A 10 11 12 15 48 04 
008      14 0A 10 11 12 15 48 05 
008      0A 0A 00 00 06 15 48 05 
008      14 0A 10 11 12 15 48 06 
008      0A 0A 00 00 06 15 48 07 
008      14 0A 10 11 12 15 48 07 
008      14 0A 10 11 12 15 48 08 
008      0A 0A 00 00 06 15 48 08 
008      14 0A 10 11 12 15 48 09 
008      14 0A 10 11 12 15 48 10 
008      0A 0A 00 00 06 15 48 10 
008      14 0A 10 11 12 15 48 11 
008      0A 0A 00 00 06 15 48 12 
008      14 0A 10 11 12 15 48 13 
008      0A 0A 00 00 06 15 48 14 
008      14 0A 10 11 12 15 48 14 
008      14 0A 10 11 12 15 48 15 
008      0A 0A 00 00 06 15 48 15 
008      14 0A 10 11 12 15 48 16 
008      14 0A 10 11 12 15 48 17 
008      0A 0A 00 00 06 15 48 17 
008      14 0A 10 11 12 15 48 18 
008      0A 0A 00 00 06 15 48 19 
008      14 0A 10 11 12 15 48 20 
008      0A 0A 00 00 06 15 48 20 
008      14 0A 10 11 12 15 48 21 
008      14 0A 10 11 12 15 48 22 
008      0A 0A 00 00 06 15 48 22 
008      14 0A 10 11 12 15 48 23 
008      14 0A 10 11 12 15 48 24 
008      0A 0A 00 00 06 15 48 24 
008      14 0A 10 11 12 15 48 25 
008      0A 0A 00 00 06 15 48 26 
008      14 0A 10 11 12 15 48 27 
008      14 0A 10 11 12 15 48 28 
008      0A 0A 00 00 06 15 48 28 
008      14 0A 10 11 12 15 48 29 
008      0A 0A 00 00 06 15 48 30 
008      14 0A 10 11 12 15 48 31 
020      02 AB 02 00 00 00 00 00 
008      0A 0A 00 00 06 15 48 32 
008      14 0A 10 11 12 15 48 32 
008      14 0A 10 11 12 15 48 33 
008      0A 0A FF 1C 06 15 48 33 
008      14 0A 10 11 12 15 48 34 
008      14 0A 10 11 12 15 48 35 
008      0A 0A FD 3F 04 15 48 35 
008      14 0A 10 11 12 15 48 36 
008      14 0A 10 11 12 15 48 37 
008      0A 0A FD 3F 03 15 48 37 
008      14 0A 10 11 12 15 48 38 
008      14 0A 10 11 12 15 48 39 
008      0A 0A FF 6D 02 15 48 39 
008      14 0A 10 11 12 15 48 41 
008      0A 0A 00 00 02 15 48 42 
008      14 0A 10 11 12 15 48 43 
008      14 0A 10 11 12 15 48 44 
008      0A 0A 00 00 02 15 48 44 
008      14 0A 10 11 12 15 48 45 
008      14 0A 10 11 12 15 48 46 
008      0A 0A 00 00 02 15 48 46 
008      14 0A 10 11 12 15 48 47 
008      14 0A 10 11 12 15 48 48 
008      0A 0A 00 00 02 15 48 48 
008      14 0A 10 11 12 15 48 49 
008      0A 0A 00 00 02 15 48 50 
008      14 0A 10 11 12 15 48 51 
008      0A 0A 00 00 02 15 48 52 
008      14 0A 10 11 12 15 48 52 
008      14 0A 10 11 12 15 48 53 
008      0A 0A 00 00 02 15 48 53 
008      14 0A 10 11 12 15 48 54 
008      14 0A 10 11 12 15 48 55 
008      0A 0A 00 00 02 15 48 55 
008      14 0A 10 11 12 15 48 56 
008      0A 0A 00 00 02 15 48 57 
008      14 0A 10 11 12 15 48 58 
008      0A 0A 00 00 02 15 48 59 
008      14 0A 10 11 12 15 48 59 
008      14 0A 10 11 12 15 49 00 
008      0A 0A 00 00 02 15 49 00 
008      14 0A 10 11 12 15 49 01 
008      14 0A 10 11 12 15 49 02 
008      0A 0A 00 00 02 15 49 02 
008      14 0A 10 11 12 15 49 03 
008      0A 0A 00 00 02 15 49 04 
008      14 0A 10 11 12 15 49 05 
008      0A 0A 00 00 02 15 49 05 
008      14 0A 10 11 12 15 49 06 
008      14 0A 10 11 12 15 49 07 
008      0A 0A 00 00 02 15 49 07 
008      14 0A 10 11 12 15 49 08 
008      14 0A 10 11 12 15 49 09 
008      0A 0A 00 00 02 15 49 09 
008      14 0A 10 11 12 15 49 10 
008      0A 0A 00 00 02 15 49 11 
008      14 0A 10 11 12 15 49 11 
008      14 0A 10 11 12 15 49 12 
008      0A 0A 00 00 02 15 49 12 
008      14 0A 10 11 12 15 49 13 
008      14 0A 10 11 12 15 49 14 
008      0A 0A 00 00 02 15 49 14 
008      14 0A 10 11 12 15 49 15 
008      0A 0A 00 00 02 15 49 16 
008      14 0A 10 11 12 15 49 17 
008      14 0A 10 11 12 15 49 18 
008      0A 0A 00 00 02 15 49 18 
008      14 0A 10 11 12 15 49 19 
008      0A 0A 00 00 02 15 49 20 
008      14 0A 10 11 12 15 49 21 
008      0A 0A 00 00 02 15 49 22 
008      14 0A 10 11 12 15 49 22 
008      14 0A 10 11 12 15 49 23 
008      0A 0A 00 00 02 15 49 23 
008      14 0A 10 11 12 15 49 24 
008      14 0A 10 11 12 15 49 25 
008      0A 0A 00 00 02 15 49 25 
008      14 0A 10 11 12 15 49 26 
008      0A 0A 00 00 02 15 49 27 
008      14 0A 10 11 12 15 49 28 
008      0A 0A 00 00 02 15 49 28 
008      14 0A 10 11 12 15 49 29 
008      14 0A 10 11 12 15 49 30 
008      0A 0A 00 00 02 15 49 30 
008      14 0A 10 11 12 15 49 31 
008      14 0A 10 11 12 15 49 32 
008      0A 0A 00 00 02 15 49 32 
008      14 0A 10 11 12 15 49 33 
008      0A 0A 00 00 02 15 49 34 
008      14 0A 10 11 12 15 49 35 
008      0A 0A 00 00 02 15 49 35 
008      14 0A 10 11 12 15 49 36 
008      14 0A 10 11 12 15 49 37 
008      0A 0A 00 00 02 15 49 37 
008      14 0A 10 11 12 15 49 38 
008      14 0A 10 11 12 15 49 39 
008      0A 0A 00 00 02 15 49 39 
008      14 0A 10 11 12 15 49 40 
008      0A 0A 00 00 02 15 49 41 
008      14 0A 10 11 12 15 49 41 
008      14 0A 10 11 12 15 49 42 
008      0A 0A 00 00 02 15 49 42 
008      14 0A 10 11 12 15 49 43 
008      14 0A 10 11 12 15 49 44 
008      0A 0A 00 00 02 15 49 44 
008      14 0A 10 11 12 15 49 45 
008      0A 0A 00 00 02 15 49 46 
008      14 0A 10 11 12 15 49 47 
008      14 0A 10 11 12 15 49 48 
008      0A 0A 00 00 02 15 49 48 
008      14 0A 10 11 12 15 49 49 
008      0A 0A FD 89 01 15 49 50 
008      14 0A 10 11 12 15 49 51 
008      0A 0A FF 21 00 15 49 52 
008      14 0A 10 11 12 15 49 53 
008      14 0A 10 11 12 15 49 54 
008      0A 0A 00 00 00 15 49 55 
008      14 0A 10 11 12 15 49 56 
008      0A 0A 00 00 00 15 49 57 
008      14 0A 10 11 12 15 49 58 
008      14 0A 10 11 12 15 49 59 
008      0A 0A 00 00 00 15 49 59 
008      14 0A 10 11 12 15 50 00 
008      0A 0A 00 00 00 15 50 01 
008      14 0A 10 11 12 15 50 02 
008      0A 0A 00 00 00 15 50 03 
008      14 0A 10 11 12 15 50 03 
008      14 0A 10 11 12 15 50 04 
008      0A 0A 00 00 00 15 50 04 
008      14 0A 10 11 12 15 50 05 
008      14 0A 10 11 12 15 50 06 
008      0A 0A 00 00 00 15 50 07 
008      14 0A 10 11 12 15 50 07 
008      14 0A 10 11 12 15 50 08 
008      0A 0A 00 00 00 15 50 08 
008      14 0A 10 11 12 15 50 09 
008      14 0A 10 11 12 15 50 10 
008      0A 0A 00 00 00 15 50 10 
008      14 0A 10 11 12 15 50 11 
008      0A 0A 00 00 00 15 50 12 
008      14 0A 10 11 12 15 50 13 
008      0A 0A 00 00 00 15 50 13 
008      14 0A 10 11 12 15 50 14 
008      14 0A 10 11 12 15 50 15 
008      0A 0A 00 00 00 15 50 15 
008      14 0A 10 11 12 15 50 16 
008      14 0A 10 11 12 15 50 17 
008      0A 0A 00 00 00 15 50 17 
008      14 0A 10 11 12 15 50 18 
008      0A 0A 00 00 00 15 50 19 
008      14 0A 10 11 12 15 50 20 
008      0A 0A 00 00 00 15 50 20 
008      14 0A 10 11 12 15 50 21 
008      14 0A 10 11 12 15 50 22 
008      0A 0A 00 00 00 15 50 22 
008      14 0A 10 11 12 15 50 23 
008      14 0A 10 11 12 15 50 24 
008      0A 0A 00 00 00 15 50 24 
008      14 0A 10 11 12 15 50 25 
008      0A 0A 00 00 00 15 50 26 
008      14 0A 10 11 12 15 50 26 
008      14 0A 10 11 12 15 50 27 
008      0A 0A 00 00 00 15 50 27 
008      14 0A 10 11 12 15 50 28 
008      14 0A 10 11 12 15 50 29 
008      0A 0A 00 00 00 15 50 29 
008      14 0A 10 11 12 15 50 30 
008      0A 0A 00 00 00 15 50 31 
008      14 0A 10 11 12 15 50 32 
008      0A 0A 00 00 00 15 50 33 
008      14 0A 10 11 12 15 50 33 
008      14 0A 10 11 12 15 50 34 
008      0A 0A 00 00 00 15 50 34 
008      14 0A 10 11 12 15 50 35 
008      14 0A 10 11 12 15 50 36 
008      0A 0A 00 00 00 15 50 36 
008      14 0A 10 11 12 15 50 37 
008      0A 0A 00 00 00 15 50 38 
008      14 0A 10 11 12 15 50 39 
008      0A 0A 00 00 00 15 50 39 
008      14 0A 10 11 12 15 50 40 
008      14 0A 10 11 12 15 50 41 
008      0A 0A 00 00 00 15 50 41 
008      14 0A 10 11 12 15 50 42 
008      14 0A 10 11 12 15 50 43 
008      0A 0A 00 00 00 15 50 43 
008      14 0A 10 11 12 15 50 44 
008      0A 0A 00 00 00 15 50 45 
008      14 0A 10 11 12 15 50 45 
008      14 0A 10 11 12 15 50 46 
008      0A 0A 00 00 00 15 50 46 
008      14 0A 10 11 12 15 50 47 
008      14 0A 10 11 12 15 50 48 
008      0A 0A 00 00 00 15 50 48 
008      14 0A 10 11 12 15 50 49 
008      14 0A 10 11 12 15 50 50 
008      0A 0A 00 00 00 15 50 50 
008      14 0A 10 11 12 15 50 51 
008      0A 0A 00 00 00 15 50 52 
008      14 0A 10 11 12 15 50 52 
008      14 0A 10 11 12 15 50 53 
008      0A 0A 00 00 00 15 50 53 
008      14 0A 10 11 12 15 50 54 
008      14 0A 10 11 12 15 50 55 
008      0A 0A 00 00 00 15 50 55 
008      14 0A 10 11 12 15 50 56 
008      14 0A 10 11 12 15 50 57 
008      0A 0A 00 00 00 15 50 57 
008      14 0A 10 11 12 15 50 58 
008      14 0A 10 11 12 15 50 59 
008      0A 0A 00 00 00 15 50 59 
008      14 0A 10 11 12 15 51 00 
008      0A 0A 00 00 00 15 51 01 
008      14 0A 10 11 12 15 51 02 
008      0A 0A 00 00 00 15 51 03 
008      14 0A 10 11 12 15 51 04 
008      0A 0A 01 D8 00 15 51 05 
008      14 0A 10 11 12 15 51 05 
008      14 0A 10 11 12 15 51 06 
008      0A 0A 02 6A 01 15 51 07 
008      00 01 02 02 00 02 A9 00 
008      00 01 02 02 00 02 89 00 
008      00 01 02 02 00 02 8D 00 
008      00 01 02 02 00 02 AD 00 
008      14 0A 10 11 12 15 51 08 
008      00 01 02 01 00 02 2D 00 
008      0A 0A 00 00 02 15 51 09 
008      14 0A 10 11 12 15 51 10 
008      14 0A 10 11 12 15 51 11 
008      0A 0A 00 00 02 15 51 11 
008      14 0A 10 11 12 15 51 12 
008      14 0A 10 11 12 15 51 13 
008      0A 0A 00 00 02 15 51 13 
008      14 0A 10 11 12 15 51 15 
008      0A 0A 00 00 02 15 51 16 
008      14 0A 10 11 12 15 51 17 
008      0A 0A FE 5E 02 15 51 18 
008      14 0A 10 11 12 15 51 19 
008      0A 0A FD 89 01 15 51 20 
008      14 0A 10 11 12 15 51 21 
008      0A 0A 00 00 00 15 51 22 
008      14 0A 10 11 12 15 51 24 
008      0A 0A 00 00 00 15 51 25 
008      14 0A 10 11 12 15 51 26 
008      0A 0A 00 00 00 15 51 27 
008      14 0A 10 11 12 15 51 28 
008      0A 0A 00 00 00 15 51 29 
008      14 0A 10 11 12 15 51 30 
008      0A 0A 00 00 00 15 51 30 
008      14 0A 10 11 12 15 51 31 
008      14 0A 10 11 12 15 51 32 
008      0A 0A 00 00 00 15 51 32 
008      14 0A 10 11 12 15 51 33 
008      14 0A 10 11 12 15 51 34 
008      0A 0A 00 00 00 15 51 34 
008      14 0A 10 11 12 15 51 35 
008      0A 0A 00 00 00 15 51 36 
008      14 0A 10 11 12 15 51 36 
008      14 0A 10 11 12 15 51 37 
008      0A 0A 00 00 00 15 51 37 
008      14 0A 10 11 12 15 51 38 
008      14 0A 10 11 12 15 51 39 
008      0A 0A 00 00 00 15 51 39 
008      14 0A 10 11 12 15 51 40 
008      14 0A 10 11 12 15 51 41 
008      0A 0A 00 00 00 15 51 41 
008      14 0A 10 11 12 15 51 42 
008      0A 0A 00 00 00 15 51 43 
008      14 0A 10 11 12 15 51 43 
008      14 0A 10 11 12 15 51 44 
008      0A 0A 00 00 00 15 51 44 
008      14 0A 10 11 12 15 51 45 
008      14 0A 10 11 12 15 51 46 
008      0A 0A 00 00 00 15 51 47 
