200      15 00 01 04 04                       7
200      19 00 01 04 04                       7
740      1D 00 48 FF 00 FF 02                       30
749      0D 00 AE 05 00 02                       62
748      0D 00 AE 05 00 02                       62
100      1D 00 71 FF 10 50                       1
740      1D 00 47 10 03 D8 00 00                       1
600      1D 00 40 D8 00 00 10                       2
500      1D 00 40 D8 00 00 10                       2
749      0D 00 AE 03 6C 00                       2
748      0D 00 AE 03 6C 00                       2
749      0D 00 AE 04 01 00                       61
748      0D 00 AE 04 01 00                       61
781      11 00 50 0E 0F AC                       1
749      05 00 AE 40 01 00 00                       7
749      09 00 AE 40 01 00 00                       7
1C1      15 00 24 04 00                       1
249      0D 00 AE 10                       319
741      1D 00 42                       7
100      1D 00 E9 01 00 51                       1
740      1D 00 47 11 03 D8 00 00                       1
100      1D 00 73 FF 08 52                       1
742      1D 00 50 FF 08                       24
249      0D 00 AE 0D 28 25 00 00                       1
249      0D 00 AE 31 73 0D 00 00                       3
740      1D 00 47 11 04 64 00 00                       1
600      1D 00 40 64 00 00 10                       1
500      1D 00 40 64 00 00 10                       1
749      0D 00 AE 03 32 00                       1
748      0D 00 AE 03 32 00                       1
740      1D 00 47 11 05 66 00 00                       2
600      1D 00 40 66 00 00 10                       2
500      1D 00 40 66 00 00 10                       2
749      0D 00 AE 03 33 00                       2
748      0D 00 AE 03 33 00                       2
100      1D 00 73 FF 08 53                       1
740      1D 00 47 11 06 68 00 00                       1
600      1D 00 40 68 00 00 10                       1
500      1D 00 40 68 00 00 10                       1
749      0D 00 AE 03 34 00                       1
748      0D 00 AE 03 34 00                       1
740      1D 00 47 11 07 6A 00 00                       1
600      1D 00 40 6A 00 00 10                       1
500      1D 00 40 6A 00 00 10                       1
749      0D 00 AE 03 35 00                       1
748      0D 00 AE 03 35 00                       1
740      1D 00 47 11 08 6C 00 00                       2
600      1D 00 40 6C 00 00 10                       2
500      1D 00 40 6C 00 00 10                       2
749      0D 00 AE 03 36 00                       2
748      0D 00 AE 03 36 00                       2
100      1D 00 73 FF 08 54                       1
740      1D 00 47 11 09 6E 00 00                       1
600      1D 00 40 6E 00 00 10                       1
500      1D 00 40 6E 00 00 10                       1
749      0D 00 AE 03 37 00                       1
748      0D 00 AE 03 37 00                       1
740      1D 00 47 11 0A 70 00 00                       1
600      1D 00 40 70 00 00 10                       1
500      1D 00 40 70 00 00 10                       1
749      0D 00 AE 03 38 00                       1
748      0D 00 AE 03 38 00                       1
740      1D 00 47 11 0B 72 00 00                       2
600      1D 00 40 72 00 00 10                       2
500      1D 00 40 72 00 00 10                       2
749      0D 00 AE 03 39 00                       2
748      0D 00 AE 03 39 00                       2
100      1D 00 73 FF 08 55                       1
740      1D 00 47 11 0C 9E D8 00                       1
600      1D 00 40 9E D8 00 10                       1
500      1D 00 40 9E D8 00 10                       1
749      0D 00 AE 03 4F 6C                       1
748      0D 00 AE 03 4F 6C                       1
1C0      15 00 22 20 20                       1
1C0      15 00 22 20 00                       1
1C0      15 00 22 40 40                       1
1C0      15 00 22 40 00                       1
1C0      15 00 22 80 80                       1
1C0      15 00 22 80 00                       1
740      1D 00 47 11 0D D8 D8 00                       1
600      1D 00 40 D8 D8 00 10                       1
500      1D 00 40 D8 D8 00 10                       1
749      0D 00 AE 03 6C 6C                       1
748      0D 00 AE 03 6C 6C                       1
1C1      15 00 23 01 01                       1
1C1      15 00 23 01 00                       1
1C1      15 00 23 02 02                       1
1C1      15 00 23 02 00                       1
740      1D 00 47 11 0E 64 D8 00                       1
600      1D 00 40 64 D8 00 10                       1
500      1D 00 40 64 D8 00 10                       1
749      0D 00 AE 03 32 6C                       1
748      0D 00 AE 03 32 6C                       1
1C1      15 00 23 04 04                       1
1C1      15 00 23 04 00                       1
740      1D 00 47 11 0F 66 D8 00                       2
600      1D 00 40 66 D8 00 10                       2
500      1D 00 40 66 D8 00 10                       2
749      0D 00 AE 03 33 6C                       2
748      0D 00 AE 03 33 6C                       2
100      1D 00 73 FF 08 56                       1
740      1D 00 47 11 10 68 D8 00                       1
600      1D 00 40 68 D8 00 10                       1
500      1D 00 40 68 D8 00 10                       1
749      0D 00 AE 03 34 6C                       1
748      0D 00 AE 03 34 6C                       1
740      1D 00 47 11 11 6A D8 00                       1
600      1D 00 40 6A D8 00 10                       1
500      1D 00 40 6A D8 00 10                       1
749      0D 00 AE 03 35 6C                       1
748      0D 00 AE 03 35 6C                       1
740      1D 00 47 11 12 6C D8 00                       2
600      1D 00 40 6C D8 00 10                       2
500      1D 00 40 6C D8 00 10                       2
749      0D 00 AE 03 36 6C                       2
748      0D 00 AE 03 36 6C                       2
100      1D 00 73 FF 08 57                       1
740      1D 00 47 11 13 6E D8 00                       1
600      1D 00 40 6E D8 00 10                       1
500      1D 00 40 6E D8 00 10                       1
749      0D 00 AE 03 37 6C                       1
748      0D 00 AE 03 37 6C                       1
740      1D 00 47 11 14 70 D8 00                       1
600      1D 00 40 70 D8 00 10                       1
500      1D 00 40 70 D8 00 10                       1
749      0D 00 AE 03 38 6C                       1
748      0D 00 AE 03 38 6C                       1
740      1D 00 47 11 15 72 D8 00                       2
600      1D 00 40 72 D8 00 10                       2
500      1D 00 40 72 D8 00 10                       2
749      0D 00 AE 03 39 6C                       2
748      0D 00 AE 03 39 6C                       2
100      1D 00 73 FF 08 58                       1
740      1D 00 47 11 16 9E 64 00                       3
600      1D 00 40 9E 64 00 10                       4
500      1D 00 40 9E 64 00 10                       4
749      0D 00 AE 03 4F 32                       4
748      0D 00 AE 03 4F 32                       4
100      15 00 62 20 00 59                       1
200      15 16 01 04 04                       1
749      05 16 AE 40 01 00 00                       1
24A      0D 00 AE 0B 16 00                       1
748      0D 00 AE 0B 16 00                       1
749      0D 00 AE 0B 16 00                       1
100      1D 00 71 FF 90 5A                       1
249      0D 00 AE 0D FF FF 00 00                       3
100      1D 00 E9 01 01 5B                       1
180      14 00 34 08 E0 83                       1
180      14 00 34 08 E8 84                       1
180      14 00 34 08 E0 85                       1
180      14 00 34 08 E8 86                       1
180      14 00 34 08 E0 87                       1
180      14 00 34 08 E8 88                       1
100      1D 00 73 FF 04 5C                       1
742      1D 00 20 FF 04                       7
180      14 00 34 08 E0 89                       1
180      14 00 34 08 E8 8A                       1
100      1D 00 73 FF 04 5D                       1
742      1D 00 50 FF 04                       9
741      1D 00 40 20 CB                       1
741      1D 00 41                       7
781      11 00 50 10 0F 8D                       14
781      11 00 50 0F 0E 9E                       11
180      15 00 32 01 31 8B                       1
781      11 00 50 0F 0F 16                       8
781      11 00 50 10 10 7A                       10
100      1D 00 73 FF 08 5E                       1
742      1D 00 20 FF 08                       7
740      1D 00 47 10 16 9E 64 00                       1
100      1D 00 73 FF 08 5F                       1
180      15 00 32 01 30 8C                       1
781      11 00 50 12 12 50                       10
781      11 00 50 11 10 F0                       9
100      1D 00 71 FF 10 60                       1
200      15 16 01 04 00                       1
749      05 16 AE 40 00 00 00                       1
781      11 00 50 0D 0C BE                       5
100      1D 00 E9 01 00 61                       1
100      1D 00 73 FF 08 62                       1
740      1D 00 47 11 17 D8 64 00                       2
600      1D 00 40 D8 64 00 10                       4
500      1D 00 40 D8 64 00 10                       4
749      0D 00 AE 03 6C 32                       4
748      0D 00 AE 03 6C 32                       4
100      15 00 62 40 00 63                       1
200      15 17 01 04 04                       1
749      05 17 AE 40 01 00 00                       1
24A      0D 00 AE 0B 17 00                       1
748      0D 00 AE 0B 17 00                       1
749      0D 00 AE 0B 17 00                       1
100      1D 00 71 FF 90 64                       1
100      1D 00 E9 01 01 65                       1
180      14 00 34 08 E0 8D                       1
180      14 00 34 08 E8 8E                       1
180      14 00 34 08 E0 8F                       1
180      14 00 34 08 E8 90                       1
100      1D 00 73 FF 08 66                       1
180      14 00 34 08 E0 91                       1
100      1D 00 73 FF 04 67                       1
180      14 00 34 08 E8 92                       1
741      1D 00 40 22 27                       1
781      11 00 50 12 11 DB                       5
180      15 00 32 01 31 93                       1
781      11 00 50 11 11 66                       9
740      1D 00 47 10 17 D8 64 00                       2
100      1D 00 73 FF 04 68                       1
781      11 00 50 0D 0D 36                       6
781      11 00 50 0C 0C 45                       5
100      1D 00 73 FF 08 69                       1
180      15 00 32 01 30 94                       1
781      11 00 50 13 12 C5                       12
781      11 00 50 0E 0E 27                       9
249      0D 00 AE 0D 29 25 00 00                       1
100      1D 00 73 FF 08 6A                       1
200      15 17 01 04 00                       1
749      05 17 AE 40 00 00 00                       1
100      1D 00 71 FF 10 6B                       1
100      1D 00 E9 01 00 6C                       1
100      15 00 62 80 00 6D                       1
200      15 18 01 04 04                       1
749      05 18 AE 40 01 00 00                       1
24A      0D 00 AE 0B 18 00                       1
748      0D 00 AE 0B 18 00                       1
749      0D 00 AE 0B 18 00                       1
100      1D 00 71 FF 90 6E                       1
740      1D 00 47 11 18 64 64 00                       4
600      1D 00 40 64 64 00 10                       5
500      1D 00 40 64 64 00 10                       5
749      0D 00 AE 03 32 32                       5
748      0D 00 AE 03 32 32                       5
100      1D 00 73 FF 08 6F                       1
100      1D 00 E9 01 01 70                       1
180      14 00 34 08 E0 95                       1
180      14 00 34 08 E8 96                       1
180      14 00 34 08 E0 97                       1
180      14 00 34 08 E8 98                       1
100      1D 00 73 FF 04 71                       1
180      14 00 34 08 E0 99                       1
180      14 00 34 08 E8 9A                       1
741      1D 00 40 23 84                       1
781      11 00 50 10 10 03                       5
100      1D 00 73 FF 04 72                       1
180      15 00 32 01 31 9B                       1
100      1D 00 73 FF 08 73                       1
180      15 00 32 01 30 9C                       1
740      1D 00 47 10 18 64 64 00                       1
100      1D 00 73 FF 08 74                       1
781      11 00 50 13 13 3A                       11
200      15 18 01 04 00                       1
749      05 18 AE 40 00 00 00                       1
100      1D 00 71 FF 10 75                       1
100      1D 00 E9 01 00 76                       1
100      1D 00 73 FF 08 77                       1
100      1D 00 71 FF 90 78                       1
740      1D 00 47 11 19 66 64 00                       2
600      1D 00 40 66 64 00 10                       4
500      1D 00 40 66 64 00 10                       4
749      0D 00 AE 03 33 32                       4
748      0D 00 AE 03 33 32                       4
100      15 00 63 01 00 79                       1
200      15 19 01 04 04                       1
749      05 19 AE 40 01 00 00                       1
24A      0D 00 AE 0B 19 00                       1
748      0D 00 AE 0B 19 00                       1
749      0D 00 AE 0B 19 00                       1
100      1D 00 E9 01 01 7A                       1
180      14 00 34 08 E0 9D                       1
180      14 00 34 08 E8 9E                       1
180      14 00 34 08 E0 9F                       1
100      1D 00 73 FF 04 7B                       1
180      14 00 34 08 E8 A0                       1
100      1D 00 73 FF 04 7C                       1
741      1D 00 40 24 E2                       1
180      15 00 32 01 31 A1                       1
781      11 00 50 0C 0B CB                       4
740      1D 00 47 10 19 66 64 00                       2
100      1D 00 73 FF 04 7D                       1
100      1D 00 73 FF 08 7E                       1
180      15 00 32 01 30 A2                       1
781      11 00 50 0E 0D AF                       6
100      1D 00 73 FF 08 7F                       1
200      15 19 01 04 00                       1
749      05 19 AE 40 00 00 00                       1
100      1D 00 71 FF 10 80                       1
100      1D 00 E9 01 00 81                       1
740      1D 00 47 11 1A 68 64 00                       3
600      1D 00 40 68 64 00 10                       5
500      1D 00 40 68 64 00 10                       5
749      0D 00 AE 03 34 32                       5
748      0D 00 AE 03 34 32                       5
100      15 00 63 02 00 82                       1
200      15 1A 01 04 04                       1
749      05 1A AE 40 01 00 00                       1
24A      0D 00 AE 0B 1A 00                       1
748      0D 00 AE 0B 1A 00                       1
749      0D 00 AE 0B 1A 00                       1
100      1D 00 71 FF 90 83                       1
100      1D 00 73 FF 08 84                       1
100      1D 00 E9 01 01 85                       1
180      14 00 34 08 E0 A3                       1
180      14 00 34 08 E8 A4                       1
180      14 00 34 08 E0 A5                       1
180      14 00 34 08 E8 A6                       1
100      1D 00 73 FF 04 86                       1
180      14 00 34 08 E0 A7                       1
180      14 00 34 08 E8 A8                       1
741      1D 00 40 26 3F                       1
180      15 00 32 01 31 A9                       1
740      1D 00 47 10 1A 68 64 00                       2
100      1D 00 73 FF 04 87                       1
100      1D 00 73 FF 08 88                       1
180      15 00 32 01 30 AA                       1
781      11 00 50 14 13 AE                       2
100      1D 00 73 FF 08 89                       1
100      1D 00 71 FF 10 8A                       1
200      15 1A 01 04 00                       1
749      05 1A AE 40 00 00 00                       1
100      1D 00 E9 01 00 8B                       1
100      1D 00 73 FF 08 8C                       1
740      1D 00 47 11 1B 6A 64 00                       2
600      1D 00 40 6A 64 00 10                       4
500      1D 00 40 6A 64 00 10                       4
749      0D 00 AE 03 35 32                       4
748      0D 00 AE 03 35 32                       4
100      15 00 63 04 00 8D                       1
200      15 1B 01 04 04                       1
749      05 1B AE 40 01 00 00                       1
24A      0D 00 AE 0B 1B 00                       1
748      0D 00 AE 0B 1B 00                       1
749      0D 00 AE 0B 1B 00                       1
100      1D 00 71 FF 90 8E                       1
249      0D 00 AE 0D 2A 25 00 00                       1
100      1D 00 E9 01 01 8F                       1
180      14 00 34 08 E0 AB                       1
180      14 00 34 08 E8 AC                       1
180      14 00 34 08 E0 AD                       1
180      14 00 34 08 E8 AE                       1
180      14 00 34 08 E0 AF                       1
100      1D 00 73 FF 04 90                       1
180      14 00 34 08 E8 B0                       1
100      1D 00 73 FF 04 91                       1
741      1D 00 40 27 9A                       1
180      15 00 32 01 31 B1                       1
180      15 00 32 10 21 B2                       1
180      15 00 32 10 31 B3                       1
740      1D 00 47 10 1B 6A 64 00                       2
100      1D 00 73 FF 04 92                       1
100      1D 00 73 FF 08 93                       1
180      15 00 32 01 30 B4                       1
781      11 00 50 0B 0B 52                       1
781      11 00 50 0B 0A D8                       1
100      1D 00 73 FF 08 94                       1
200      15 1B 01 04 00                       1
749      05 1B AE 40 00 00 00                       1
100      1D 00 71 FF 10 95                       1
100      1D 00 E9 01 00 96                       1
740      1D 00 47 11 1C 6C 64 00                       2
600      1D 00 40 6C 64 00 10                       2
500      1D 00 40 6C 64 00 10                       2
749      0D 00 AE 03 36 32                       2
748      0D 00 AE 03 36 32                       2
100      1D 00 73 FF 08 97                       1
740      1D 00 47 11 1D 6E 64 00                       1
600      1D 00 40 6E 64 00 10                       1
500      1D 00 40 6E 64 00 10                       1
749      0D 00 AE 03 37 32                       1
748      0D 00 AE 03 37 32                       1
740      1D 00 47 11 1E 70 64 00                       1
600      1D 00 40 70 64 00 10                       1
500      1D 00 40 70 64 00 10                       1
749      0D 00 AE 03 38 32                       1
748      0D 00 AE 03 38 32                       1
740      1D 00 47 11 1F 72 64 00                       1
600      1D 00 40 72 64 00 10                       1
500      1D 00 40 72 64 00 10                       1
749      0D 00 AE 03 39 32                       1
748      0D 00 AE 03 39 32                       1
740      1D 00 47 11 20 9E 66 00                       2
600      1D 00 40 9E 66 00 10                       2
500      1D 00 40 9E 66 00 10                       2
749      0D 00 AE 03 4F 33                       2
748      0D 00 AE 03 4F 33                       2
100      1D 00 73 FF 08 98                       1
740      1D 00 47 11 21 D8 66 00                       1
600      1D 00 40 D8 66 00 10                       1
500      1D 00 40 D8 66 00 10                       1
749      0D 00 AE 03 6C 33                       1
748      0D 00 AE 03 6C 33                       1
740      1D 00 47 11 22 64 66 00                       1
600      1D 00 40 64 66 00 10                       1
500      1D 00 40 64 66 00 10                       1
749      0D 00 AE 03 32 33                       1
748      0D 00 AE 03 32 33                       1
200      15 00 01 04 00                       1
749      05 00 AE 40 00 00 00                       1
749      09 00 AE 40 00 00 00                       1
200      19 00 01 04 00                       1
740      1D 00 48 FF 00 FF 00                       5
749      0D 00 AE 05 00 00                       6
748      0D 00 AE 05 00 00                       6
100      1D 00 71 FF 00 99                       1
740      1D 00 47 01 23 66 66 00                       3
600      1D 00 40 66 66 00 00                       5
500      1D 00 40 66 66 00 00                       5
749      0D 00 AE 03 33 33                       5
748      0D 00 AE 03 33 33                       5
749      0D 00 AE 04 00 00                       5
748      0D 00 AE 04 00 00                       5
100      15 00 64 04 00 9A                       1
24A      0D 00 AE 0B 23 00                       1
748      0D 00 AE 0B 23 00                       1
749      0D 00 AE 0B 23 00                       1
100      1D 00 73 FF 08 9B                       1
100      1D 00 E9 01 01 9C                       1
180      14 00 34 08 E0 B5                       1
180      14 00 34 08 E8 B6                       1
180      14 00 34 08 E0 B7                       1
100      1D 00 73 FF 04 9D                       1
180      14 00 34 08 E8 B8                       1
741      1D 00 40 32 87                       1
100      1D 00 73 FF 04 9E                       1
180      15 00 32 01 31 B9                       1
100      1D 00 73 FF 08 9F                       1
180      15 00 32 01 30 BA                       1
740      1D 00 47 00 23 66 66 00                       2
100      1D 00 73 FF 08 A0                       1
100      1D 00 73 FF 08 A1                       1
