781      11 00 50 10 11 8A                       1
249      0D 00 AE 10                       235
740      1D 00 48 FF 00 FF 00                       6
740      1D 00 47 00 03 D8 00 00                       1
600      1D 00 40 D8 00 00 00                       1
500      1D 00 40 D8 00 00 00                       1
749      0D 00 AE 03 6C 00                       3
748      0D 00 AE 03 6C 00                       3
749      0D 00 AE 04 00 00                       6
748      0D 00 AE 04 00 00                       6
749      0D 00 AE 05 00 00                       7
748      0D 00 AE 05 00 00                       7
100      1D 00 73 FF 08 0F                       1
742      1D 00 50 FF 08                       22
781      11 00 50 0F 11 13                       2
781      11 00 50 0F 10 9C                       4
2A3      15 23 00 02 02 03                       1
200      15 00 01 04 04                       3
749      05 00 AE 40 01 00 00                       3
749      09 00 AE 40 01 00 00                       3
200      19 00 01 04 04                       3
740      1D 00 48 FF 00 FF 02                       17
749      0D 00 AE 05 00 02                       50
748      0D 00 AE 05 00 02                       50
100      1D 00 71 FF 10 10                       1
740      1D 00 47 10 03 D8 00 00                       1
600      1D 00 40 D8 00 00 10                       2
500      1D 00 40 D8 00 00 10                       2
749      0D 00 AE 04 01 00                       49
748      0D 00 AE 04 01 00                       49
741      1D 00 42                       4
100      1D 00 E9 01 00 11                       1
2A3      15 23 00 02 00 03                       1
740      1D 00 47 11 03 D8 00 00                       1
100      1D 00 73 FF 08 12                       1
740      1D 00 47 11 04 64 00 00                       1
600      1D 00 40 64 00 00 10                       1
500      1D 00 40 64 00 00 10                       1
749      0D 00 AE 03 32 00                       1
748      0D 00 AE 03 32 00                       1
740      1D 00 47 11 05 66 00 00                       1
600      1D 00 40 66 00 00 10                       1
500      1D 00 40 66 00 00 10                       1
749      0D 00 AE 03 33 00                       1
748      0D 00 AE 03 33 00                       1
740      1D 00 47 11 06 68 00 00                       2
600      1D 00 40 68 00 00 10                       2
500      1D 00 40 68 00 00 10                       2
749      0D 00 AE 03 34 00                       2
748      0D 00 AE 03 34 00                       2
100      1D 00 73 FF 08 13                       1
740      1D 00 47 11 07 6A 00 00                       1
600      1D 00 40 6A 00 00 10                       1
500      1D 00 40 6A 00 00 10                       1
749      0D 00 AE 03 35 00                       1
748      0D 00 AE 03 35 00                       1
1C0      15 00 21 08 08                       1
1C0      15 00 22 20 20                       1
1C0      15 00 21 08 00                       1
1C0      15 00 22 20 00                       1
740      1D 00 47 11 08 6C 00 00                       1
600      1D 00 40 6C 00 00 10                       1
500      1D 00 40 6C 00 00 10                       1
749      0D 00 AE 03 36 00                       1
748      0D 00 AE 03 36 00                       1
740      1D 00 47 11 09 6E 00 00                       2
600      1D 00 40 6E 00 00 10                       2
500      1D 00 40 6E 00 00 10                       2
749      0D 00 AE 03 37 00                       2
748      0D 00 AE 03 37 00                       2
100      1D 00 73 FF 08 14                       1
740      1D 00 47 11 0A 70 00 00                       1
600      1D 00 40 70 00 00 10                       1
500      1D 00 40 70 00 00 10                       1
749      0D 00 AE 03 38 00                       1
748      0D 00 AE 03 38 00                       1
740      1D 00 47 11 0B 72 00 00                       1
600      1D 00 40 72 00 00 10                       1
500      1D 00 40 72 00 00 10                       1
749      0D 00 AE 03 39 00                       1
748      0D 00 AE 03 39 00                       1
740      1D 00 47 11 0C 9E D8 00                       4
600      1D 00 40 9E D8 00 10                       5
500      1D 00 40 9E D8 00 10                       5
749      0D 00 AE 03 4F 6C                       5
748      0D 00 AE 03 4F 6C                       5
100      1D 00 71 FF 90 15                       1
100      15 00 61 08 00 16                       1
200      15 0C 01 04 04                       1
749      05 0C AE 40 01 00 00                       1
24A      0D 00 AE 0B 0C 00                       1
748      0D 00 AE 0B 0C 00                       1
749      0D 00 AE 0B 0C 00                       1
100      1D 00 73 FF 08 17                       1
100      1D 00 E9 01 01 18                       1
180      14 00 34 08 E0 65                       1
180      14 00 34 08 E8 66                       1
180      14 00 34 08 E0 67                       1
180      14 00 34 08 E8 68                       1
100      1D 00 73 FF 04 19                       1
742      1D 00 20 FF 04                       3
180      14 00 34 08 E0 69                       1
180      14 00 34 08 E8 6A                       1
249      0D 00 AE 0D 25 25 00 00                       1
249      0D 00 AE 31 73 0D 00 00                       2
741      1D 00 40 13 25                       1
741      1D 00 41                       3
781      11 00 50 10 0F 8D                       5
781      11 00 50 0F 0F 16                       5
100      1D 00 73 FF 04 1A                       1
742      1D 00 50 FF 04                       3
180      15 00 32 01 31 6B                       1
781      11 00 50 10 10 03                       4
781      11 00 50 12 11 DB                       12
781      11 00 50 12 12 50                       10
781      11 00 50 0F 0E 9E                       3
100      1D 00 73 FF 08 1B                       1
742      1D 00 20 FF 08                       3
781      11 00 50 0E 0E 27                       5
180      15 00 32 01 30 6C                       1
781      11 00 50 10 10 7A                       1
740      1D 00 47 10 0C 9E D8 00                       1
100      1D 00 73 FF 08 1C                       1
781      11 00 50 11 10 F0                       5
781      11 00 50 11 11 66                       13
200      15 0C 01 04 00                       1
749      05 0C AE 40 00 00 00                       1
100      1D 00 71 FF 10 1D                       1
100      1D 00 E9 01 00 1E                       1
100      1D 00 73 FF 08 1F                       1
740      1D 00 47 11 0D D8 D8 00                       1
600      1D 00 40 D8 D8 00 10                       1
500      1D 00 40 D8 D8 00 10                       1
749      0D 00 AE 03 6C 6C                       1
748      0D 00 AE 03 6C 6C                       1
740      1D 00 47 11 0E 64 D8 00                       1
600      1D 00 40 64 D8 00 10                       1
500      1D 00 40 64 D8 00 10                       1
749      0D 00 AE 03 32 6C                       1
748      0D 00 AE 03 32 6C                       1
740      1D 00 47 11 0F 66 D8 00                       2
600      1D 00 40 66 D8 00 10                       2
500      1D 00 40 66 D8 00 10                       2
749      0D 00 AE 03 33 6C                       2
748      0D 00 AE 03 33 6C                       2
100      1D 00 73 FF 08 20                       1
740      1D 00 47 11 10 68 D8 00                       1
600      1D 00 40 68 D8 00 10                       1
500      1D 00 40 68 D8 00 10                       1
749      0D 00 AE 03 34 6C                       1
748      0D 00 AE 03 34 6C                       1
740      1D 00 47 11 11 6A D8 00                       1
600      1D 00 40 6A D8 00 10                       1
500      1D 00 40 6A D8 00 10                       1
749      0D 00 AE 03 35 6C                       1
748      0D 00 AE 03 35 6C                       1
740      1D 00 47 11 12 6C D8 00                       2
600      1D 00 40 6C D8 00 10                       2
500      1D 00 40 6C D8 00 10                       2
749      0D 00 AE 03 36 6C                       2
748      0D 00 AE 03 36 6C                       2
100      1D 00 73 FF 08 21                       1
740      1D 00 47 11 13 6E D8 00                       1
600      1D 00 40 6E D8 00 10                       1
500      1D 00 40 6E D8 00 10                       1
749      0D 00 AE 03 37 6C                       1
748      0D 00 AE 03 37 6C                       1
740      1D 00 47 11 14 70 D8 00                       1
600      1D 00 40 70 D8 00 10                       1
500      1D 00 40 70 D8 00 10                       1
749      0D 00 AE 03 38 6C                       1
748      0D 00 AE 03 38 6C                       1
740      1D 00 47 11 15 72 D8 00                       2
600      1D 00 40 72 D8 00 10                       2
500      1D 00 40 72 D8 00 10                       2
749      0D 00 AE 03 39 6C                       2
748      0D 00 AE 03 39 6C                       2
100      1D 00 73 FF 08 22                       1
740      1D 00 47 11 16 9E 64 00                       3
600      1D 00 40 9E 64 00 10                       4
500      1D 00 40 9E 64 00 10                       4
749      0D 00 AE 03 4F 32                       4
748      0D 00 AE 03 4F 32                       4
100      15 00 62 20 00 23                       1
200      15 16 01 04 04                       1
749      05 16 AE 40 01 00 00                       1
24A      0D 00 AE 0B 16 00                       1
748      0D 00 AE 0B 16 00                       1
749      0D 00 AE 0B 16 00                       1
100      1D 00 71 FF 90 24                       1
249      0D 00 AE 0D FF FF 00 00                       2
100      1D 00 E9 01 01 25                       1
180      14 00 34 08 E0 6D                       1
180      14 00 34 08 E8 6E                       1
180      14 00 34 08 E0 6F                       1
180      14 00 34 08 E8 70                       1
180      14 00 34 08 E0 71                       1
180      14 00 34 08 E8 72                       1
100      1D 00 73 FF 04 26                       1
180      14 00 34 08 E0 73                       1
180      14 00 34 08 E8 74                       1
100      1D 00 73 FF 04 27                       1
741      1D 00 40 20 CB                       1
781      11 00 50 0C 0C 45                       10
180      15 00 32 01 31 75                       1
100      1D 00 73 FF 08 28                       1
740      1D 00 47 10 16 9E 64 00                       1
100      1D 00 73 FF 08 29                       1
180      15 00 32 01 30 76                       1
781      11 00 50 13 13 3A                       8
781      11 00 50 0D 0D 36                       2
781      11 00 50 0C 0B CB                       7
781      11 00 50 0E 0D AF                       1
100      1D 00 71 FF 10 2A                       1
200      15 16 01 04 00                       1
749      05 16 AE 40 00 00 00                       1
100      1D 00 E9 01 00 2B                       1
100      1D 00 73 FF 08 2C                       1
740      1D 00 47 11 17 D8 64 00                       1
600      1D 00 40 D8 64 00 10                       1
500      1D 00 40 D8 64 00 10                       1
749      0D 00 AE 03 6C 32                       1
748      0D 00 AE 03 6C 32                       1
740      1D 00 47 11 18 64 64 00                       1
600      1D 00 40 64 64 00 10                       1
500      1D 00 40 64 64 00 10                       1
749      0D 00 AE 03 32 32                       1
748      0D 00 AE 03 32 32                       1
740      1D 00 47 11 19 66 64 00                       2
600      1D 00 40 66 64 00 10                       2
500      1D 00 40 66 64 00 10                       2
749      0D 00 AE 03 33 32                       2
748      0D 00 AE 03 33 32                       2
100      1D 00 73 FF 08 2D                       1
740      1D 00 47 11 1A 68 64 00                       1
600      1D 00 40 68 64 00 10                       1
500      1D 00 40 68 64 00 10                       1
749      0D 00 AE 03 34 32                       1
748      0D 00 AE 03 34 32                       1
740      1D 00 47 11 1B 6A 64 00                       1
600      1D 00 40 6A 64 00 10                       1
500      1D 00 40 6A 64 00 10                       1
749      0D 00 AE 03 35 32                       1
748      0D 00 AE 03 35 32                       1
740      1D 00 47 11 1C 6C 64 00                       2
600      1D 00 40 6C 64 00 10                       2
500      1D 00 40 6C 64 00 10                       2
749      0D 00 AE 03 36 32                       2
748      0D 00 AE 03 36 32                       2
100      1D 00 73 FF 08 2E                       1
740      1D 00 47 11 1D 6E 64 00                       1
600      1D 00 40 6E 64 00 10                       1
500      1D 00 40 6E 64 00 10                       1
749      0D 00 AE 03 37 32                       1
748      0D 00 AE 03 37 32                       1
740      1D 00 47 11 1E 70 64 00                       1
600      1D 00 40 70 64 00 10                       1
500      1D 00 40 70 64 00 10                       1
749      0D 00 AE 03 38 32                       1
748      0D 00 AE 03 38 32                       1
740      1D 00 47 11 1F 72 64 00                       2
600      1D 00 40 72 64 00 10                       2
500      1D 00 40 72 64 00 10                       2
749      0D 00 AE 03 39 32                       2
748      0D 00 AE 03 39 32                       2
100      1D 00 73 FF 08 2F                       1
740      1D 00 47 11 20 9E 66 00                       1
600      1D 00 40 9E 66 00 10                       1
500      1D 00 40 9E 66 00 10                       1
749      0D 00 AE 03 4F 33                       1
748      0D 00 AE 03 4F 33                       1
249      0D 00 AE 0D 26 25 00 00                       1
740      1D 00 47 11 21 D8 66 00                       1
600      1D 00 40 D8 66 00 10                       1
500      1D 00 40 D8 66 00 10                       1
749      0D 00 AE 03 6C 33                       1
748      0D 00 AE 03 6C 33                       1
740      1D 00 47 11 22 64 66 00                       1
600      1D 00 40 64 66 00 10                       1
500      1D 00 40 64 66 00 10                       1
749      0D 00 AE 03 32 33                       1
748      0D 00 AE 03 32 33                       1
740      1D 00 47 11 23 66 66 00                       1
600      1D 00 40 66 66 00 10                       1
500      1D 00 40 66 66 00 10                       1
749      0D 00 AE 03 33 33                       12
748      0D 00 AE 03 33 33                       12
200      15 00 01 08 08                       3
749      05 00 AE 40 02 00 00                       3
749      09 00 AE 40 02 00 00                       3
749      05 00 AE 40 00 00 00                       2
749      09 00 AE 40 00 00 00                       2
200      19 00 01 08 08                       3
200      15 00 01 04 00                       1
200      19 00 01 04 00                       1
740      1D 00 48 FF 00 FF 01                       6
749      0D 00 AE 05 00 01                       8
748      0D 00 AE 05 00 01                       8
100      1D 00 71 FF 82 30                       1
740      1D 00 47 21 23 66 66 00                       4
600      1D 00 40 66 66 00 20                       6
500      1D 00 40 66 66 00 20                       6
749      0D 00 AE 04 02 00                       6
748      0D 00 AE 04 02 00                       6
200      15 23 01 02 00                       1
200      15 23 01 08 08                       1
749      05 23 AE 40 02 00 00                       1
100      1D 00 73 FF 08 31                       1
100      1D 00 E9 01 01 32                       1
180      14 00 34 08 E0 77                       1
180      14 00 34 08 E8 78                       1
180      14 00 34 08 E0 79                       1
100      1D 00 73 FF 04 33                       1
180      14 00 34 08 E8 7A                       1
741      1D 00 40 32 87                       1
100      1D 00 73 FF 04 34                       1
180      15 00 32 01 31 7B                       1
100      1D 00 73 FF 08 35                       1
740      1D 00 47 20 23 66 66 00                       2
100      1D 00 73 FF 08 36                       1
180      15 00 32 01 30 7C                       1
781      11 00 50 0B 0B 52                       1
200      15 23 01 08 00                       1
100      1D 00 71 FF 02 37                       1
749      05 23 AE 40 00 00 00                       1
200      15 00 01 08 00                       1
200      19 00 01 08 00                       1
100      1D 00 71 FF 00 38                       1
740      1D 00 47 00 23 66 66 00                       5
600      1D 00 40 66 66 00 00                       5
500      1D 00 40 66 66 00 00                       5
100      1D 00 73 FF 08 39                       1
781      11 00 50 13 12 C5                       5
100      1D 00 73 FF 08 3A                       1
100      1D 00 73 FF 08 3B                       1
100      1D 00 73 FF 08 3C                       1
781      11 00 50 14 13 AE                       1
100      1D 00 71 FF 02 3D                       1
100      1D 00 E9 01 00 3E                       1
100      1D 00 73 FF 08 3F                       1
