 
           008            03 AA 00 00 00 00 00 00 
           021            00 AB 03 00 00 00 00 00 
           00A            00 7E 00 00 00 00 00 00 
           009            42 87 00 00 00 00 00 00 
           008            00 85 00 00 00 20 20 34 
           009            42 87 00 00 00 00 00 00 
           008            00 86 00 00 00 04 01 04 
           00A            00 7E 00 00 00 00 00 00 
           009            42 87 00 00 00 00 00 00 
           008            14 0A 10 05 25 18 58 46 
           009            42 87 00 00 00 00 00 00 
           008            01 BC 04 00 00 00 00 00 
           00A            00 7E 00 00 00 00 00 00 
           009            42 87 00 00 00 00 00 00 
           008            04 AA 00 00 00 00 00 00 
           022            00 AB 04 00 00 00 00 00 
           009            42 87 00 00 00 00 00 00 
           008            00 01 04 00 00 04 0C 00 
           00A            00 7E 00 00 00 00 00 00 
           009            42 87 00 00 00 00 00 00 
           008            01 0A 00 00 00 00 00 00 
           009            42 87 00 00 00 00 00 00 
           008            01 AA 00 00 00 00 00 00 
           01F            00 AB 01 00 00 00 00 00 
           00A            00 7E 00 00 00 00 00 00 
           009            42 87 00 00 00 00 00 00 
           008            02 0A 00 00 00 00 00 00 
           009            42 87 00 00 00 00 00 00 
           008            03 0A 00 00 00 00 00 00 
           00A            00 7E 00 00 00 00 00 00 
           009            42 87 00 00 00 00 00 00 
           008            02 AA 00 00 00 00 00 00 
           020            00 AB 02 00 00 00 00 00 
           009            42 87 00 00 00 00 00 00 
           008            04 0A 04 00 00 00 04 20 
           00A            00 7E 00 00 00 00 00 00 
           009            42 87 00 00 00 00 00 00 
           008            05 0A 00 00 00 00 00 00 
           009            42 87 00 00 00 00 00 00 
           008            14 0A 10 05 25 18 58 47 
           00A            00 7E 00 00 00 00 00 00 
           009            42 87 00 00 00 00 00 00 
           008            06 0A 00 00 00 00 00 00 
           009            42 87 00 00 00 00 00 00 
           008            07 0A 00 00 00 00 00 00 
           00A            00 7E 00 00 00 00 00 00 
           009            42 87 00 00 00 00 00 00 
           008            03 AA 00 00 00 00 00 00 
           021            00 AB 03 00 00 00 00 00 
           009            42 87 00 00 00 00 00 00 
           008            08 0A 00 00 00 00 00 00 
           00A            00 7E 00 00 00 00 00 00 
           009            42 87 00 00 00 00 00 00 
           008            09 0A 00 00 00 00 00 00 
           009            42 87 00 00 00 00 00 00 
           008            01 BC 04 00 00 00 00 00 
           00A            00 7E 00 00 00 00 00 00 
           009            42 87 00 00 00 00 00 00 
           008            0A 0A 00 00 06 18 58 47 
           009            42 87 00 00 00 00 00 00 
           008            0B 0A 00 00 00 00 00 00 
           00A            00 7E 00 00 00 00 00 00 
           009            42 87 00 00 00 00 00 00 
           008            04 AA 00 00 00 00 00 00 
           022            00 AB 04 00 00 00 00 00 
           009            42 87 00 00 00 00 00 00 
           008            00 01 04 08 00 04 0C 00 
           00A            00 7E 00 00 00 00 00 00 
           009            42 87 00 00 00 00 00 00 
           008            04 0A 04 20 00 00 04 20 
           009            42 87 00 00 00 00 00 00 
           008            10 82 00 01 00 00 00 00 
           00A            00 7E 00 00 00 00 00 00 
           009            42 87 00 00 00 00 00 00 
           008            0C 0A 00 00 00 00 00 00 
           009            42 87 00 00 00 00 00 00 
           008            0D 0A 00 00 00 00 00 00 
           00A            00 7E 00 00 00 00 00 00 
           009            42 87 00 00 00 00 00 00 
           008            01 AA 00 00 00 00 00 00 
           01F            00 AB 01 00 00 00 00 00 
           009            42 87 00 00 00 00 00 00 
           008            0E 0A 00 00 00 00 00 00 
           00A            00 7E 00 00 00 00 00 00 
           009            43 87 00 00 00 00 00 00 
           008            0F 0A 00 00 00 00 00 00 
           009            43 87 00 00 00 00 00 00 
           008            00 86 00 00 00 04 01 00 
           00A            01 6E 01 00 00 00 00 00 
           009            43 87 00 00 00 00 00 00 
           008            07 0A 01 00 00 00 00 00 
           009            43 87 00 00 00 00 00 00 
           008            09 0A 01 00 00 00 00 00 
           00A            00 7E 00 00 00 00 00 00 
           009            43 87 00 00 00 00 00 00 
           008            00 01 04 0C 00 04 2C 00 
           009            43 87 00 00 00 00 00 00 
           008            03 0A 01 00 00 00 00 00 
           00A            00 6E 01 00 00 00 00 00 
           009            43 87 00 00 00 00 00 00 
           008            02 AA 00 00 00 00 00 00 
           020            00 AB 02 00 00 00 00 00 
           009            43 87 00 00 00 00 00 00 
           008            10 0A 00 00 00 00 00 00 
           00A            00 7E 00 00 00 00 00 00 
           009            41 87 00 00 00 00 00 00 
           008            10 82 00 01 00 00 00 00 
           009            41 87 00 00 00 00 00 00 
           008            00 82 00 01 00 00 00 00 
           00A            00 7E 00 00 00 00 00 00 
           009            41 87 00 00 00 00 00 00 
           008            00 86 00 00 00 04 01 02 
           009            41 87 00 00 00 00 00 00 
           008            00 01 04 04 00 04 2C 00 
           00A            00 7E 00 00 00 00 00 00 
           009            41 87 00 00 00 00 00 00 
           008            04 0A 04 00 00 00 04 20 
           009            41 87 00 00 00 00 00 00 
           008            03 AA 00 00 00 00 00 00 
           021            00 AB 03 00 00 00 00 00 
           00A            00 7E 00 00 00 00 00 00 
           009            41 87 00 00 00 00 00 00 
           008            00 01 04 04 00 04 0C 00 
           009            41 87 00 00 00 00 00 00 
           008            00 83 00 00 00 00 00 00 
           00A            00 7E 00 00 00 00 00 00 
           009            41 87 00 00 00 00 00 00 
           008            00 84 00 00 00 00 00 00 
           009            41 87 00 00 00 00 00 00 
           008            04 AA 00 00 00 00 00 00 
           022            00 AB 04 00 00 00 00 00 
           00A            00 7E 00 00 00 00 00 00 
           009            41 87 00 00 00 00 00 00 
           008            00 85 00 00 00 20 20 34 
           009            41 87 00 00 00 00 00 00 
           008            00 86 00 00 00 04 01 02 
           00A            00 7E 00 00 00 00 00 00 
           009            41 87 00 00 00 00 00 00 
           008            14 0A 10 05 25 18 58 48 
           009            41 87 00 00 00 00 00 00 
           008            01 BC 04 00 00 00 00 00 
           00A            01 6E 01 00 00 00 00 00 
           009            41 87 00 00 00 00 00 00 
           008            01 AA 00 00 00 00 00 00 
           01F            00 AB 01 00 00 00 00 00 
           009            41 87 00 00 00 00 00 00 
           008            00 01 04 04 00 04 2C 00 
           00A            00 7E 00 00 00 00 00 00 
           009            41 87 00 00 00 00 00 00 
           008            00 01 04 04 00 04 2C 00 
           009            41 87 00 00 00 00 00 00 
           008            01 0A 00 00 00 00 00 00 
           00A            00 7E 00 00 00 00 00 00 
           009            41 87 00 00 00 00 00 00 
           008            02 AA 00 00 00 00 00 00 
           020            00 AB 02 00 00 00 00 00 
           009            41 87 00 00 00 00 00 00 
           008            02 0A 00 00 00 00 00 00 
           00A            00 6E 01 00 00 00 00 00 
           009            41 87 00 00 00 00 00 00 
           008            03 0A 01 00 00 00 00 00 
           009            41 87 00 00 00 00 00 00 
           008            03 AA 00 00 00 00 00 00 
           021            00 AB 03 00 00 00 00 00 
           00A            00 7E 00 00 00 00 00 00 
           009            41 87 00 00 00 00 00 00 
           008            04 0A 04 00 00 00 04 20 
           009            41 87 00 00 00 00 00 00 
           008            05 0A 00 00 00 00 00 00 
           00A            00 7E 00 00 00 00 00 00 
           009            41 87 00 00 00 00 00 00 
           008            14 0A 10 05 25 18 58 49 
           009            41 87 00 00 00 00 00 00 
           008            06 0A 00 00 00 00 00 00 
           00A            00 7E 00 00 00 00 00 00 
           009            41 87 00 00 00 00 00 00 
           008            00 01 04 04 00 04 0C 00 
           009            41 87 00 00 00 00 00 00 
           008            07 0A 01 00 00 00 00 00 
           00A            00 7E 00 00 00 00 00 00 
           009            41 87 00 00 00 00 00 00 
           008            04 AA 00 00 00 00 00 00 
           022            00 AB 04 00 00 00 00 00 
           009            41 87 00 00 00 00 00 00 
           008            08 0A 00 00 00 00 00 00 
           00A            00 7E 00 00 00 00 00 00 
           009            41 87 00 00 00 00 00 00 
           008            09 0A 01 00 00 00 00 00 
           009            41 87 00 00 00 00 00 00 
           008            01 BC 04 00 00 00 00 00 
           00A            00 7E 00 00 00 00 00 00 
           009            41 87 00 00 00 00 00 00 
           008            0A 0A 00 00 06 18 58 49 
           009            41 87 00 00 00 00 00 00 
           008            0B 0A 00 00 00 00 00 00 
           00A            00 7E 00 00 00 00 00 00 
           009            41 87 00 00 00 00 00 00 
           008            01 AA 00 00 00 00 00 00 
           01F            00 AB 01 00 00 00 00 00 
           009            41 87 00 00 00 00 00 00 
           008            00 01 04 04 00 04 2C 00 
           00A            00 7E 00 00 00 00 00 00 
           009            41 87 00 00 00 00 00 00 
           008            0C 0A 00 00 00 00 00 00 
           009            41 87 00 00 00 00 00 00 
           008            0D 0A 00 00 00 00 00 00 
           00A            00 7E 00 00 00 00 00 00 
           009            41 87 00 00 00 00 00 00 
           008            02 AA 00 00 00 00 00 00 
           020            00 AB 02 00 00 00 00 00 
           009            41 87 00 00 00 00 00 00 
           008            0E 0A 00 00 00 00 00 00 
           00A            00 7E 00 00 00 00 00 00 
           009            41 87 00 00 00 00 00 00 
           008            0F 0A 00 00 00 00 00 00 
           009            41 87 00 00 00 00 00 00 
           008            03 AA 00 00 00 00 00 00 
           021            00 AB 03 00 00 00 00 00 
           00A            00 7E 00 00 00 00 00 00 
           009            41 87 00 00 00 00 00 00 
           008            10 0A 00 00 00 00 00 00 
           009            41 87 00 00 00 00 00 00 
           008            00 82 00 01 00 00 00 00 
           00A            00 7E 00 00 00 00 00 00 
           009            41 87 00 00 00 00 00 00 
           008            04 AA 00 00 00 00 00 00 
           022            00 AB 04 00 00 00 00 00 
           009            41 87 00 00 00 00 00 00 
           008            00 83 00 00 00 00 00 00 
           00A            00 7E 00 00 00 00 00 00 
           009            41 87 00 00 00 00 00 00 
           008            00 84 00 00 00 00 00 00 
           009            41 87 00 00 00 00 00 00 
           008            00 01 04 04 00 04 0C 00 
           00A            00 7E 00 00 00 00 00 00 
           009            41 87 00 00 00 00 00 00 
           008            01 AA 00 00 00 00 00 00 
           01F            00 AB 01 00 00 00 00 00 
           009            41 87 00 00 00 00 00 00 
           008            00 85 00 00 00 20 20 34 
           00A            00 7E 00 00 00 00 00 00 
           009            41 87 00 00 00 00 00 00 
           008            00 86 00 00 00 04 01 02 
           009            41 87 00 00 00 00 00 00 
           008            14 0A 10 05 25 18 58 50 
           00A            00 7E 00 00 00 00 00 00 
           009            41 87 00 00 00 00 00 00 
           008            01 BC 04 00 00 00 00 00 
           009            41 87 00 00 00 00 00 00 
           008            02 AA 00 00 00 00 00 00 
           020            00 AB 02 00 00 00 00 00 
           00A            00 7E 00 00 00 00 00 00 
           009            41 87 00 00 00 00 00 00 
           008            00 01 04 04 00 04 0C 00 
           009            41 87 00 00 00 00 00 00 
           008            01 0A 00 00 00 00 00 00 
           00A            00 7E 00 00 00 00 00 00 
           009            41 87 00 00 00 00 00 00 
           008            00 01 04 04 00 04 2C 00 
           009            41 87 00 00 00 00 00 00 
           008            03 AA 00 00 00 00 00 00 
           021            00 AB 03 00 00 00 00 00 
           00A            00 7E 00 00 00 00 00 00 
           009            41 87 00 00 00 00 00 00 
           008            02 0A 00 00 00 00 00 00 
           009            41 87 00 00 00 00 00 00 
           008            03 0A 01 00 00 00 00 00 
           00A            00 7E 00 00 00 00 00 00 
           009            41 87 00 00 00 00 00 00 
           008            04 AA 00 00 00 00 00 00 
           022            00 AB 04 00 00 00 00 00 
           009            41 87 00 00 00 00 00 00 
           008            08 82 00 01 00 00 00 00 
           00A            00 7E 00 00 00 00 00 00 
           009            41 87 00 00 00 00 00 00 
           008            00 01 04 14 00 04 2C 00 
           009            41 87 00 00 00 00 00 00 
           008            04 0A 04 40 00 00 04 20 
           00A            00 7E 00 00 00 00 00 00 
           009            43 87 00 00 00 00 00 00 
           008            04 0A 04 40 00 00 04 20 
           009            43 87 00 00 00 00 00 00 
           008            00 86 00 00 00 04 01 00 
           00A            00 7E 00 00 00 00 00 00 
           009            43 87 00 00 00 00 00 00 
           008            05 0A 00 00 00 00 00 00 
           009            43 87 00 00 00 00 00 00 
           008            00 01 04 14 00 04 0C 00 
           00A            00 7E 00 00 00 00 00 00 
           009            43 87 00 00 00 00 00 00 
           008            14 0A 10 05 25 18 58 51 
           009            43 87 00 00 00 00 00 00 
           008            06 0A 00 00 00 00 00 00 
           00A            00 7E 00 00 00 00 00 00 
           009            43 87 00 00 00 00 00 00 
           008            07 0A 01 00 00 00 00 00 
           009            43 87 00 00 00 00 00 00 
           008            01 AA 00 00 00 00 00 00 
           01F            00 AB 01 00 00 00 00 00 
           00A            00 7E 00 00 00 00 00 00 
           009            42 87 00 00 00 00 00 00 
           008            00 86 00 00 00 04 01 01 
           009            42 87 00 00 00 00 00 00 
           008            00 86 00 00 00 04 01 05 
           00A            00 7E 00 00 00 00 00 00 
           009            42 87 00 00 00 00 00 00 
           008            00 01 04 04 00 04 0C 00 
           009            42 87 00 00 00 00 00 00 
           008            04 0A 04 00 00 01 04 20 
           00A            00 7E 00 00 00 00 00 00 
           009            42 87 00 00 00 00 00 00 
           008            00 82 00 01 00 00 00 00 
           009            42 87 00 00 00 00 00 00 
           008            08 0A 00 00 00 00 00 00 
           00A            00 7E 00 00 00 00 00 00 
           009            42 87 00 00 00 00 00 00 
           008            09 0A 01 00 00 00 00 00 
           009            42 87 00 00 00 00 00 00 
           008            00 01 04 03 00 04 0E 00 
           00A            00 7E 00 00 00 00 00 00 
           009            42 87 00 00 00 00 00 00 
           008            00 BC 04 00 00 00 00 00 
           009            42 87 00 00 00 00 00 00 
           008            0A 0A 00 00 06 18 58 52 
           00A            00 7E 00 00 00 00 00 00 
           009            42 87 00 00 00 00 00 00 
           008            0B 0A 00 00 00 00 00 00 
           009            42 87 00 00 00 00 00 00 
           008            02 AA 00 00 00 00 00 00 
           020            00 AB 02 00 00 00 00 00 
           00A            00 7E 00 00 00 00 00 00 
           009            42 87 00 00 00 00 00 00 
           008            0C 0A 00 00 00 00 00 00 
           008            0D 0A 00 00 00 00 00 00 
           009            42 87 00 00 00 00 00 00 
           00A            00 7E 00 00 00 00 00 00 
           009            42 87 00 00 00 00 00 00 
           008            03 AA 00 00 00 00 00 00 
           021            00 AB 03 00 00 00 00 00 
           009            42 87 00 00 00 00 00 00 
           008            0E 0A 00 00 00 00 00 00 
           00A            00 7E 00 00 00 00 00 00 
           009            42 87 00 00 00 00 00 00 
           009            42 87 00 00 00 00 00 00 
           008            04 AA 00 00 00 00 00 00 
           022            00 AB 04 00 00 00 00 00 
           008            10 0A 00 00 00 00 00 00 
           009            42 87 00 00 00 00 00 00 
           00A            00 7E 00 00 00 00 00 00 
           008            00 82 00 01 00 00 00 00 
           009            42 87 00 00 00 00 00 00 
           009            42 87 00 00 00 00 00 00 
           008            01 AA 00 00 00 00 00 00 
           008            00 83 00 00 00 00 00 00 
           009            42 87 00 00 00 00 00 00 
           01F            00 AB 01 00 00 00 00 00 
           00A            00 7E 00 00 00 00 00 00 
           009            42 87 00 00 00 00 00 00 
           008            00 84 00 00 00 00 00 00 
           00A            00 7E 00 00 00 00 00 00 
           009            42 87 00 00 00 00 00 00 
           008            02 AA 00 00 00 00 00 00 
           009            42 87 00 00 00 00 00 00 
           008            00 85 00 00 00 20 20 34 
           00A            00 7E 00 00 00 00 00 00 
           009            42 87 00 00 00 00 00 00 
           008            00 86 00 00 00 04 01 05 
           009            42 87 00 00 00 00 00 00 
           008            14 0A 10 05 25 18 58 53 
           00A            00 7E 00 00 00 00 00 00 
           008            00 BC 04 00 00 00 00 00 
           009            42 87 00 00 00 00 00 00 
           009            42 87 00 00 00 00 00 00 
           008            03 AA 00 00 00 00 00 00 
           008            00 86 00 00 00 03 01 05 
           009            42 87 00 00 00 00 00 00 
           00A            00 7E 00 00 00 00 00 00 
           021            00 AB 03 00 00 00 00 00 
           008            00 01 04 03 00 04 0E 00 
           009            42 87 00 00 00 00 00 00 
           00A            00 7E 00 00 00 00 00 00 
           008            01 0A 00 00 00 00 00 00 
           009            42 87 00 00 00 00 00 00 
           009            42 87 00 00 00 00 00 00 
           008            04 AA 00 00 00 00 00 00 
           022            00 AB 04 00 00 00 00 00 
           00A            00 7E 00 00 00 00 00 00 
           008            02 0A 00 00 00 00 00 00 
           009            42 87 00 00 00 00 00 00 
           009            42 87 00 00 00 00 00 00 
           008            03 0A 01 00 00 00 00 00 
           00A            00 7E 00 00 00 00 00 00 
           009            42 87 00 00 00 00 00 00 
           008            01 AA 00 00 00 00 00 00 
           01F            00 AB 01 00 00 00 00 00 
           009            42 87 00 00 00 00 00 00 
           008            04 0A 04 00 00 01 04 20 
           00A            00 7E 00 00 00 00 00 00 
           009            42 87 00 00 00 00 00 00 
           008            05 0A 00 00 00 00 00 00 
           009            42 87 00 00 00 00 00 00 
           008            14 0A 10 05 25 18 58 53 
           00A            00 7E 00 00 00 00 00 00 
           008            06 0A 00 00 00 00 00 00 
           009            42 87 00 00 00 00 00 00 
           009            42 87 00 00 00 00 00 00 
           008            07 0A 01 00 00 00 00 00 
           00A            00 7E 00 00 00 00 00 00 
           009            42 87 00 00 00 00 00 00 
           008            02 AA 00 00 00 00 00 00 
           020            00 AB 02 00 00 00 00 00 
           009            42 87 00 00 00 00 00 00 
           008            08 0A 00 00 00 00 00 00 
           00A            00 7E 00 00 00 00 00 00 
           009            42 87 00 00 00 00 00 00 
           008            09 0A 01 00 00 00 00 00 
           009            42 87 00 00 00 00 00 00 
           008            00 BC 04 00 00 00 00 00 
           00A            00 7E 00 00 00 00 00 00 
           009            42 87 00 00 00 00 00 00 
           008            0A 0A 00 00 06 18 58 54 
           008            0B 0A 00 00 00 00 00 00 
           009            42 87 00 00 00 00 00 00 
           00A            00 7E 00 00 00 00 00 00 
           008            03 AA 00 00 00 00 00 00 
           021            00 AB 03 00 00 00 00 00 
           009            42 87 00 00 00 00 00 00 
           008            0C 0A 00 00 00 00 00 00 
           009            42 87 00 00 00 00 00 00 
           00A            00 7E 00 00 00 00 00 00 
           009            42 87 00 00 00 00 00 00 
           008            0D 0A 00 00 00 00 00 00 
           008            04 AA 00 00 00 00 00 00 
           009            42 87 00 00 00 00 00 00 
           022            00 AB 04 00 00 00 00 00 
           00A            00 7E 00 00 00 00 00 00 
           008            0E 0A 00 00 00 00 00 00 
           008            0F 0A 00 00 00 00 00 00 
           00A            00 7E 00 00 00 00 00 00 
           008            01 AA 00 00 00 00 00 00 
           01F            00 AB 01 00 00 00 00 00 
           009            42 87 00 00 00 00 00 00 
           008            10 0A 00 00 00 00 00 00 
           00A            00 7E 00 00 00 00 00 00 
           009            42 87 00 00 00 00 00 00 
           008            00 82 00 01 00 00 00 00 
           009            42 87 00 00 00 00 00 00 
           008            02 AA 00 00 00 00 00 00 
           020            00 AB 02 00 00 00 00 00 
           00A            00 7E 00 00 00 00 00 00 
           009            42 87 00 00 00 00 00 00 
           008            00 83 00 00 00 00 00 00 
           009            42 87 00 00 00 00 00 00 
           008            00 84 00 00 00 00 00 00 
           00A            00 7E 00 00 00 00 00 00 
           009            42 87 00 00 00 00 00 00 
           008            03 AA 00 00 00 00 00 00 
           009            42 87 00 00 00 00 00 00 
           008            00 85 00 00 00 20 20 34 
           00A            00 7E 00 00 00 00 00 00 
           009            42 87 00 00 00 00 00 00 
           009            42 87 00 00 00 00 00 00 
           00A            00 7E 00 00 00 00 00 00 
           009            42 87 00 00 00 00 00 00 
           008            00 86 00 00 00 02 01 05 
           009            42 87 00 00 00 00 00 00 
           008            00 82 00 00 00 00 00 00 
           00A            00 7E 00 00 00 00 00 00 
           009            42 87 00 00 00 00 00 00 
           008            14 0A 10 05 25 18 58 55 
           009            42 87 00 00 00 00 00 00 
           008            00 BC 04 00 00 00 00 00 
           00A            00 7E 00 00 00 00 00 00 
           009            42 87 00 00 00 00 00 00 
           008            04 AA 00 00 00 00 00 00 
           022            00 AB 04 00 00 00 00 00 
           009            42 87 00 00 00 00 00 00 
           008            00 01 04 03 00 04 0A 00 
           00A            00 7E 00 00 00 00 00 00 
           009            42 87 00 00 00 00 00 00 
           008            01 0A 00 00 00 00 00 00 
           009            42 87 00 00 00 00 00 00 
           008            01 AA 00 00 00 00 00 00 
           01F            00 AB 01 00 00 00 00 00 
           00A            00 7E 00 00 00 00 00 00 
           009            42 87 00 00 00 00 00 00 
           008            02 0A 00 00 00 00 00 00 
           009            42 87 00 00 00 00 00 00 
           008            03 0A 01 00 00 00 00 00 
           00A            00 7E 00 00 00 00 00 00 
           009            42 87 00 00 00 00 00 00 
           008            02 AA 00 00 00 00 00 00 
           020            00 AB 02 00 00 00 00 00 
           009            42 87 00 00 00 00 00 00 
           008            04 0A 04 00 00 01 04 20 
           00A            00 7E 00 00 00 00 00 00 
           009            42 87 00 00 00 00 00 00 
           008            05 0A 00 00 00 00 00 00 
           009            42 87 00 00 00 00 00 00 
           008            14 0A 10 05 25 18 58 55 
           00A            00 7E 00 00 00 00 00 00 
           009            42 87 00 00 00 00 00 00 
           008            06 0A 00 00 00 00 00 00 
           009            42 87 00 00 00 00 00 00 
           008            07 0A 01 00 00 00 00 00 
           00A            00 7E 00 00 00 00 00 00 
           009            42 87 00 00 00 00 00 00 
           008            03 AA 00 00 00 00 00 00 
           021            00 AB 03 00 00 00 00 00 
           009            42 87 00 00 00 00 00 00 
           008            00 01 04 03 00 04 02 00 
           00A            00 7E 00 00 00 00 00 00 
           009            42 87 00 00 00 00 00 00 
           008            08 0A 00 00 00 00 00 00 
           009            42 87 00 00 00 00 00 00 
           008            09 0A 01 00 00 00 00 00 
           00A            00 7E 00 00 00 00 00 00 
           009            42 87 00 00 00 00 00 00 
           008            00 BC 04 00 00 00 00 00 
           009            42 87 00 00 00 00 00 00 
           008            0A 0A FD 49 05 18 58 56 
           00A            00 7E 00 00 00 00 00 00 
           009            42 87 00 00 00 00 00 00 
           008            0B 0A 00 00 00 00 00 00 
           009            42 87 00 00 00 00 00 00 
           008            04 AA 00 00 00 00 00 00 
           022            00 AB 04 00 00 00 00 00 
           00A            00 7E 00 00 00 00 00 00 
           009            42 87 00 00 00 00 00 00 
           008            0C 0A 00 00 00 00 00 00 
           009            42 87 00 00 00 00 00 00 
           008            0D 0A 00 00 00 00 00 00 
           00A            00 7E 00 00 00 00 00 00 
           009            42 87 00 00 00 00 00 00 
           008            01 AA 00 00 00 00 00 00 
           01F            00 AB 01 00 00 00 00 00 
           009            42 87 00 00 00 00 00 00 
           008            0E 0A 00 00 00 00 00 00 
           00A            00 7E 00 00 00 00 00 00 
           009            42 87 00 00 00 00 00 00 
           008            00 85 00 00 00 20 20 33 
           009            42 87 00 00 00 00 00 00 
           008            00 01 03 03 00 03 02 00 
           00A            00 7E 00 00 00 00 00 00 
           009            42 87 00 00 00 00 00 00 
           008            04 0A 04 00 00 01 03 20 
           009            42 87 00 00 00 00 00 00 
           008            0F 0A 00 00 00 00 00 00 
           00A            00 7E 00 00 00 00 00 00 
           009            42 87 00 00 00 00 00 00 
           008            02 AA 00 00 00 00 00 00 
           020            00 AB 02 00 00 00 00 00 
           009            42 87 00 00 00 00 00 00 
           008            10 0A 00 00 00 00 00 00 
           00A            00 7E 00 00 00 00 00 00 
           009            42 87 00 00 00 00 00 00 
           008            00 82 00 00 00 00 00 00 
           009            42 87 00 00 00 00 00 00 
           008            03 AA 00 00 00 00 00 00 
           00A            00 7E 00 00 00 00 00 00 
           021            00 AB 03 00 00 00 00 00 
           009            42 87 00 00 00 00 00 00 
           008            00 83 00 00 00 00 00 00 
           009            42 87 00 00 00 00 00 00 
           008            00 84 00 00 00 00 00 00 
           00A            00 7E 00 00 00 00 00 00 
           009            42 87 00 00 00 00 00 00 
           008            04 AA 00 00 00 00 00 00 
           022            00 AB 04 00 00 00 00 00 
           009            42 87 00 00 00 00 00 00 
           008            00 85 00 00 00 20 20 33 
           00A            00 7E 00 00 00 00 00 00 
           009            42 87 00 00 00 00 00 00 
           008            00 01 03 03 00 03 06 00 
           009            42 87 00 00 00 00 00 00 
           008            00 86 00 00 00 02 01 05 
           00A            00 7E 00 00 00 00 00 00 
           009            42 87 00 00 00 00 00 00 
           008            14 0A 10 05 25 18 58 57 
           009            42 87 00 00 00 00 00 00 
           008            00 BC 03 00 00 00 00 00 
           00A            00 7E 00 00 00 00 00 00 
           008            01 AA 00 00 00 00 00 00 
           009            42 87 00 00 00 00 00 00 
           009            42 87 00 00 00 00 00 00 
           008            00 01 03 03 00 03 06 00 
           00A            00 7E 00 00 00 00 00 00 
           009            42 87 00 00 00 00 00 00 
           008            01 0A 00 00 00 00 00 00 
           009            42 87 00 00 00 00 00 00 
           008            02 AA 00 00 00 00 00 00 
           020            00 AB 02 00 00 00 00 00 
           00A            00 7E 00 00 00 00 00 00 
           009            42 87 00 00 00 00 00 00 
           008            02 0A 00 00 00 00 00 00 
           009            42 87 00 00 00 00 00 00 
           008            03 0A 01 00 00 00 00 00 
           00A            00 7E 00 00 00 00 00 00 
           009            42 87 00 00 00 00 00 00 
           008            03 AA 00 00 00 00 00 00 
           021            00 AB 03 00 00 00 00 00 
           009            42 87 00 00 00 00 00 00 
           008            04 0A 04 00 00 01 03 20 
           00A            00 7E 00 00 00 00 00 00 
           009            42 87 00 00 00 00 00 00 
           008            00 82 00 01 00 00 00 00 
           009            42 87 00 00 00 00 00 00 
           008            00 01 03 03 00 03 0E 00 
           00A            00 7E 00 00 00 00 00 00 
           009            42 87 00 00 00 00 00 00 
           008            05 0A 00 00 00 00 00 00 
           009            42 87 00 00 00 00 00 00 
           008            14 0A 10 05 25 18 58 57 
           00A            00 7E 00 00 00 00 00 00 
           009            42 87 00 00 00 00 00 00 
           008            06 0A 00 00 00 00 00 00 
           009            42 87 00 00 00 00 00 00 
           008            00 01 03 03 00 03 0A 00 
           00A            00 7E 00 00 00 00 00 00 
           009            42 87 00 00 00 00 00 00 
           008            00 82 00 00 00 00 00 00 
           009            42 87 00 00 00 00 00 00 
           008            07 0A 01 00 00 00 00 00 
           00A            00 7E 00 00 00 00 00 00 
           009            42 87 00 00 00 00 00 00 
           008            04 AA 00 00 00 00 00 00 
           022            00 AB 04 00 00 00 00 00 
           009            42 87 00 00 00 00 00 00 
           008            08 0A 00 00 00 00 00 00 
           00A            00 7E 00 00 00 00 00 00 
           009            42 87 00 00 00 00 00 00 
           008            09 0A 01 00 00 00 00 00 
           009            42 87 00 00 00 00 00 00 
           008            00 BC 03 00 00 00 00 00 
           00A            00 7E 00 00 00 00 00 00 
           009            42 87 00 00 00 00 00 00 
           008            0A 0A FD 41 03 18 58 58 
           009            42 87 00 00 00 00 00 00 
           008            0B 0A 00 00 00 00 00 00 
           00A            00 7E 00 00 00 00 00 00 
           009            42 87 00 00 00 00 00 00 
           008            01 AA 00 00 00 00 00 00 
           01F            00 AB 01 00 00 00 00 00 
           009            42 87 00 00 00 00 00 00 
           008            0C 0A 00 00 00 00 00 00 
           00A            00 7E 00 00 00 00 00 00 
           009            42 87 00 00 00 00 00 00 
           008            0D 0A 00 00 00 00 00 00 
           008            02 AA 00 00 00 00 00 00 
           009            42 87 00 00 00 00 00 00 
           020            00 AB 02 00 00 00 00 00 
           009            42 87 00 00 00 00 00 00 
           008            0E 0A 00 00 00 00 00 00 
           009            42 87 00 00 00 00 00 00 
           008            00 01 03 03 00 03 02 00 
           009            42 87 00 00 00 00 00 00 
           008            0F 0A 00 00 00 00 00 00 
           009            42 87 00 00 00 00 00 00 
           008            03 AA 00 00 00 00 00 00 
           021            00 AB 03 00 00 00 00 00 
           00A            00 7E 00 00 00 00 00 00 
           009            42 87 00 00 00 00 00 00 
           008            10 0A 00 00 00 00 00 00 
           009            42 87 00 00 00 00 00 00 
           008            00 82 00 00 00 00 00 00 
           00A            00 7E 00 00 00 00 00 00 
           009            42 87 00 00 00 00 00 00 
           008            04 AA 00 00 00 00 00 00 
           022            00 AB 04 00 00 00 00 00 
           009            42 87 00 00 00 00 00 00 
           008            00 83 00 00 00 00 00 00 
           00A            00 7E 00 00 00 00 00 00 
           009            42 87 00 00 00 00 00 00 
           008            00 84 00 00 00 00 00 00 
           009            42 87 00 00 00 00 00 00 
           008            01 AA 00 00 00 00 00 00 
           01F            00 AB 01 00 00 00 00 00 
           00A            00 7E 00 00 00 00 00 00 
           009            42 87 00 00 00 00 00 00 
           008            00 85 00 00 00 20 20 33 
           009            42 87 00 00 00 00 00 00 
           008            00 86 00 00 00 02 01 05 
           00A            00 7E 00 00 00 00 00 00 
           009            42 87 00 00 00 00 00 00 
           008            00 85 00 00 00 20 20 32 
           009            42 87 00 00 00 00 00 00 
           008            00 86 00 00 00 01 01 05 
           00A            00 7E 00 00 00 00 00 00 
           009            42 87 00 00 00 00 00 00 
           008            00 01 02 03 00 02 02 00 
           009            42 87 00 00 00 00 00 00 
           008            04 0A 04 00 00 01 02 20 
           00A            00 7E 00 00 00 00 00 00 
           009            42 87 00 00 00 00 00 00 
           008            14 0A 10 05 25 18 58 59 
           009            42 87 00 00 00 00 00 00 
           008            00 BC 02 00 00 00 00 00 
           00A            00 7E 00 00 00 00 00 00 
           009            42 87 00 00 00 00 00 00 
           008            02 AA 00 00 00 00 00 00 
           020            00 AB 02 00 00 00 00 00 
           009            42 87 00 00 00 00 00 00 
           008            00 01 02 03 00 02 02 00 
           00A            00 7E 00 00 00 00 00 00 
           009            42 87 00 00 00 00 00 00 
           008            01 0A 00 00 00 00 00 00 
           008            03 AA 00 00 00 00 00 00 
           009            42 87 00 00 00 00 00 00 
           00A            00 7E 00 00 00 00 00 00 
           009            42 87 00 00 00 00 00 00 
           008            02 0A 00 00 00 00 00 00 
           009            42 87 00 00 00 00 00 00 
           008            03 0A 01 00 00 00 00 00 
           00A            00 7E 00 00 00 00 00 00 
           009            42 87 00 00 00 00 00 00 
           008            04 AA 00 00 00 00 00 00 
           022            00 AB 04 00 00 00 00 00 
           009            42 87 00 00 00 00 00 00 
           008            00 01 02 03 00 02 06 00 
           00A            00 7E 00 00 00 00 00 00 
           009            42 87 00 00 00 00 00 00 
           008            04 0A 04 00 00 01 02 20 
           009            42 87 00 00 00 00 00 00 
           008            05 0A 00 00 00 00 00 00 
           00A            00 7E 00 00 00 00 00 00 
           009            42 87 00 00 00 00 00 00 
           008            14 0A 10 05 25 18 58 59 
           009            42 87 00 00 00 00 00 00 
           008            06 0A 00 00 00 00 00 00 
           009            42 87 00 00 00 00 00 00 
           008            07 0A 01 00 00 00 00 00 
           00A            00 7E 00 00 00 00 00 00 
           009            42 87 00 00 00 00 00 00 
           008            01 AA 00 00 00 00 00 00 
           01F            00 AB 01 00 00 00 00 00 
           00A            00 7E 00 00 00 00 00 00 
           009            42 87 00 00 00 00 00 00 
           008            08 0A 00 00 00 00 00 00 
           009            42 87 00 00 00 00 00 00 
           008            09 0A 01 00 00 00 00 00 
           00A            00 7E 00 00 00 00 00 00 
           009            42 87 00 00 00 00 00 00 
           008            00 BC 02 00 00 00 00 00 
           009            42 87 00 00 00 00 00 00 
           008            0A 0A FD 3E 02 18 59 00 
           00A            00 7E 00 00 00 00 00 00 
           009            42 87 00 00 00 00 00 00 
           008            0B 0A 00 00 00 00 00 00 
           009            42 87 00 00 00 00 00 00 
           008            02 AA 00 00 00 00 00 00 
           020            00 AB 02 00 00 00 00 00 
           00A            00 7E 00 00 00 00 00 00 
           009            42 87 00 00 00 00 00 00 
           008            00 82 00 01 00 00 00 00 
           008            00 01 02 03 00 02 0E 00 
           009            42 87 00 00 00 00 00 00 
           00A            00 7E 00 00 00 00 00 00 
           009            42 87 00 00 00 00 00 00 
           008            0C 0A 00 00 00 00 00 00 
           009            42 87 00 00 00 00 00 00 
           008            0D 0A 00 00 00 00 00 00 
           00A            00 7E 00 00 00 00 00 00 
           009            42 87 00 00 00 00 00 00 
           008            03 AA 00 00 00 00 00 00 
           021            00 AB 03 00 00 00 00 00 
           009            42 87 00 00 00 00 00 00 
           008            00 82 00 00 00 00 00 00 
           00A            00 7E 00 00 00 00 00 00 
           009            42 87 00 00 00 00 00 00 
           008            00 01 02 03 00 02 0A 00 
           009            42 87 00 00 00 00 00 00 
           008            0E 0A 00 00 00 00 00 00 
           00A            00 7E 00 00 00 00 00 00 
           009            42 87 00 00 00 00 00 00 
           008            0F 0A 00 00 00 00 00 00 
           009            42 87 00 00 00 00 00 00 
           008            04 AA 00 00 00 00 00 00 
           022            00 AB 04 00 00 00 00 00 
           00A            00 7E 00 00 00 00 00 00 
           009            42 87 00 00 00 00 00 00 
           008            10 0A 00 00 00 00 00 00 
           009            42 87 00 00 00 00 00 00 
           008            00 82 00 00 00 00 00 00 
           00A            00 7E 00 00 00 00 00 00 
           009            42 87 00 00 00 00 00 00 
           008            01 AA 00 00 00 00 00 00 
           01F            00 AB 01 00 00 00 00 00 
           009            42 87 00 00 00 00 00 00 
           008            00 83 00 00 00 00 00 00 
           00A            00 7E 00 00 00 00 00 00 
           009            42 87 00 00 00 00 00 00 
           008            00 84 00 00 00 00 00 00 
           009            42 87 00 00 00 00 00 00 
           008            02 AA 00 00 00 00 00 00 
           020            00 AB 02 00 00 00 00 00 
           00A            00 7E 00 00 00 00 00 00 
           009            42 87 00 00 00 00 00 00 
           008            00 85 00 00 00 20 20 32 
           009            42 87 00 00 00 00 00 00 
           008            00 86 00 00 00 01 01 05 
           00A            00 7E 00 00 00 00 00 00 
           009            42 87 00 00 00 00 00 00 
           008            00 01 02 03 00 02 02 00 
           009            42 87 00 00 00 00 00 00 
           008            14 0A 10 05 25 18 59 01 
           00A            00 7E 00 00 00 00 00 00 
           008            00 BC 02 00 00 00 00 00 
           009            42 87 00 00 00 00 00 00 
           008            03 AA 00 00 00 00 00 00 
           021            00 AB 03 00 00 00 00 00 
           009            42 87 00 00 00 00 00 00 
           00A            00 7E 00 00 00 00 00 00 
           009            42 87 00 00 00 00 00 00 
           008            00 01 02 03 00 02 02 00 
           009            42 87 00 00 00 00 00 00 
           008            01 0A 00 00 00 00 00 00 
           00A            00 7E 00 00 00 00 00 00 
           009            42 87 00 00 00 00 00 00 
           008            04 AA 00 00 00 00 00 00 
           022            00 AB 04 00 00 00 00 00 
           009            42 87 00 00 00 00 00 00 
           008            02 0A 00 00 00 00 00 00 
           00A            00 7E 00 00 00 00 00 00 
           009            42 87 00 00 00 00 00 00 
           008            03 0A 01 00 00 00 00 00 
           008            01 AA 00 00 00 00 00 00 
           009            42 87 00 00 00 00 00 00 
           01F            00 AB 01 00 00 00 00 00 
           00A            00 7E 00 00 00 00 00 00 
           008            04 0A 04 00 00 01 02 20 
           009            42 87 00 00 00 00 00 00 
           009            42 87 00 00 00 00 00 00 
           008            00 85 00 00 00 20 20 31 
           00A            00 7E 00 00 00 00 00 00 
           009            42 87 00 00 00 00 00 00 
           008            00 01 01 03 00 01 02 00 
           009            42 87 00 00 00 00 00 00 
           008            04 0A 04 00 00 01 01 20 
           00A            00 7E 00 00 00 00 00 00 
           009            42 87 00 00 00 00 00 00 
           008            05 0A 00 00 00 00 00 00 
           009            42 87 00 00 00 00 00 00 
           008            14 0A 10 05 25 18 59 02 
           00A            00 7E 00 00 00 00 00 00 
           009            42 87 00 00 00 00 00 00 
           008            06 0A 00 00 00 00 00 00 
           009            42 87 00 00 00 00 00 00 
           008            07 0A 01 00 00 00 00 00 
           00A            00 7E 00 00 00 00 00 00 
           009            42 87 00 00 00 00 00 00 
           008            02 AA 00 00 00 00 00 00 
           020            00 AB 02 00 00 00 00 00 
           009            42 87 00 00 00 00 00 00 
           008            08 0A 00 00 00 00 00 00 
           00A            00 7E 00 00 00 00 00 00 
           008            09 0A 01 00 00 00 00 00 
           009            42 87 00 00 00 00 00 00 
           009            42 87 00 00 00 00 00 00 
           008            00 BC 01 00 00 00 00 00 
           00A            00 7E 00 00 00 00 00 00 
           009            42 87 00 00 00 00 00 00 
           008            0A 0A FD 63 01 18 59 02 
           009            42 87 00 00 00 00 00 00 
           008            00 01 01 03 00 01 06 00 
           00A            00 7E 00 00 00 00 00 00 
           009            42 87 00 00 00 00 00 00 
           008            0B 0A 00 00 00 00 00 00 
           009            42 87 00 00 00 00 00 00 
           008            03 AA 00 00 00 00 00 00 
           021            00 AB 03 00 00 00 00 00 
           00A            00 7E 00 00 00 00 00 00 
           009            42 87 00 00 00 00 00 00 
           008            02 82 00 00 00 00 00 00 
           009            42 87 00 00 00 00 00 00 
           008            00 01 01 03 00 01 56 00 
           00A            00 7E 00 00 00 00 00 00 
           009            42 87 00 00 00 00 00 00 
           008            04 0A 05 00 00 01 01 20 
           009            42 87 00 00 00 00 00 00 
           008            0C 0A 00 00 00 00 00 00 
           00A            00 7E 00 00 00 00 00 00 
           009            42 87 00 00 00 00 00 00 
           008            0D 0A 00 00 00 00 00 00 
           009            42 87 00 00 00 00 00 00 
           008            04 AA 00 00 00 00 00 00 
           022            00 AB 04 00 00 00 00 00 
           00A            00 7E 00 00 00 00 00 00 
           009            42 87 00 00 00 00 00 00 
           008            0E 0A 00 00 00 00 00 00 
           009            42 87 00 00 00 00 00 00 
           008            0F 0A 00 00 00 00 00 00 
           00A            00 7E 00 00 00 00 00 00 
           008            01 AA 00 00 00 00 00 00 
           009            42 87 00 00 00 00 00 00 
           01F            00 AB 01 00 00 00 00 00 
           008            10 0A 00 00 00 00 00 00 
           009            42 87 00 00 00 00 00 00 
           00A            00 7E 00 00 00 00 00 00 
           008            02 82 00 00 00 00 00 00 
           009            42 87 00 00 00 00 00 00 
           008            02 AA 00 00 00 00 00 00 
           009            42 87 00 00 00 00 00 00 
           020            00 AB 02 00 00 00 00 00 
           00A            00 7E 00 00 00 00 00 00 
           009            42 87 00 00 00 00 00 00 
           008            00 01 01 03 00 01 46 00 
           009            42 87 00 00 00 00 00 00 
           008            00 83 00 00 00 00 00 00 
           00A            00 7E 00 00 00 00 00 00 
           008            00 84 00 00 00 00 00 00 
           008            03 AA 00 00 00 00 00 00 
           00A            00 7E 00 00 00 00 00 00 
           021            00 AB 03 00 00 00 00 00 
           008            00 85 00 00 00 20 20 31 
           008            02 82 00 01 00 00 00 00 
           009            42 87 00 00 00 00 00 00 
           00A            00 7E 00 00 00 00 00 00 
           008            00 01 01 03 00 01 4E 00 
           009            42 87 00 00 00 00 00 00 
           008            00 86 00 00 00 01 01 05 
           009            42 87 00 00 00 00 00 00 
           00A            00 7E 00 00 00 00 00 00 
           008            14 0A 10 05 25 18 59 03 
           009            42 87 00 00 00 00 00 00 
           008            00 01 01 03 00 01 5E 00 
           009            42 87 00 00 00 00 00 00 
           00A            00 7E 00 00 00 00 00 00 
           008            00 BC 01 00 00 00 00 00 
           009            42 87 00 00 00 00 00 00 
           008            04 AA 00 00 00 00 00 00 
           022            00 AB 04 00 00 00 00 00 
           00A            00 7E 00 00 00 00 00 00 
           009            42 87 00 00 00 00 00 00 
           008            00 01 01 03 00 01 5E 00 
           009            42 87 00 00 00 00 00 00 
           008            01 0A 00 00 00 00 00 00 
           00A            00 7E 00 00 00 00 00 00 
           009            42 87 00 00 00 00 00 00 
           008            01 AA 00 00 00 00 00 00 
           01F            00 AB 01 00 00 00 00 00 
           009            42 87 00 00 00 00 00 00 
           008            02 0A 00 00 00 00 00 00 
           00A            00 7E 00 00 00 00 00 00 
           009            42 87 00 00 00 00 00 00 
           008            03 0A 01 00 00 00 00 00 
           009            42 87 00 00 00 00 00 00 
           008            02 AA 00 00 00 00 00 00 
           020            00 AB 02 00 00 00 00 00 
           009            42 87 00 00 00 00 00 00 
           00A            00 7E 00 00 00 00 00 00 
           008            04 0A 05 00 00 01 01 20 
           009            42 87 00 00 00 00 00 00 
           008            05 0A 00 00 00 00 00 00 
           009            42 87 00 00 00 00 00 00 
           00A            00 7E 00 00 00 00 00 00 
           008            00 01 01 03 00 01 4E 00 
           009            42 87 00 00 00 00 00 00 
           008            14 0A 10 05 25 18 59 04 
           009            42 87 00 00 00 00 00 00 
           008            06 0A 00 00 00 00 00 00 
           009            42 87 00 00 00 00 00 00 
           008            04 0A 04 00 00 00 01 20 
           009            42 87 00 00 00 00 00 00 
           008            00 82 00 01 00 00 00 00 
           009            42 87 00 00 00 00 00 00 
           008            00 01 01 04 00 01 0E 00 
           009            42 87 00 00 00 00 00 00 
           00A            00 7E 00 00 00 00 00 00 
           008            07 0A 01 00 00 00 00 00 
           009            42 87 00 00 00 00 00 00 
           008            03 AA 00 00 00 00 00 00 
           021            00 AB 03 00 00 00 00 00 
           00A            00 7E 00 00 00 00 00 00 
           009            42 87 00 00 00 00 00 00 
           008            08 0A 00 00 00 00 00 00 
           009            42 87 00 00 00 00 00 00 
           008            00 01 01 04 00 01 1E 00 
           009            42 87 00 00 00 00 00 00 
           00A            00 7E 00 00 00 00 00 00 
           008            09 0A 01 00 00 00 00 00 
           009            42 87 00 00 00 00 00 00 
           008            00 BC 01 00 00 00 00 00 
           00A            00 7E 00 00 00 00 00 00 
           009            42 87 00 00 00 00 00 00 
           008            0A 0A 00 00 00 18 59 04 
           009            42 87 00 00 00 00 00 00 
           008            0B 0A 00 00 00 00 00 00 
           00A            00 7E 00 00 00 00 00 00 
           009            42 87 00 00 00 00 00 00 
           008            04 AA 00 00 00 00 00 00 
           022            00 AB 04 00 00 00 00 00 
           009            42 87 00 00 00 00 00 00 
           008            0C 0A 00 00 00 00 00 00 
           00A            00 7E 00 00 00 00 00 00 
           009            42 87 00 00 00 00 00 00 
           008            00 01 01 01 00 01 1C 00 
           009            42 87 00 00 00 00 00 00 
           008            03 0A 00 00 00 00 00 00 
           00A            00 7E 00 00 00 00 00 00 
           009            42 87 00 00 00 00 00 00 
           008            07 0A 00 00 00 00 00 00 
           009            42 87 00 00 00 00 00 00 
           008            09 0A 00 00 00 00 00 00 
           00A            00 7E 00 00 00 00 00 00 
           009            42 87 00 00 00 00 00 00 
           008            0D 0A 00 00 00 00 00 00 
           009            42 87 00 00 00 00 00 00 
           008            00 01 01 01 00 01 0C 00 
           00A            00 7E 00 00 00 00 00 00 
           009            42 87 00 00 00 00 00 00 
           008            01 AA 00 00 00 00 00 00 
           01F            00 AB 01 00 00 00 00 00 
           009            42 87 00 00 00 00 00 00 
           008            0E 0A 00 00 00 00 00 00 
           00A            00 7E 00 00 00 00 00 00 
           009            42 87 00 00 00 00 00 00 
           008            0F 0A 00 00 00 00 00 00 
           009            42 87 00 00 00 00 00 00 
           008            02 AA 00 00 00 00 00 00 
           020            00 AB 02 00 00 00 00 00 
           00A            00 7E 00 00 00 00 00 00 
           009            42 87 00 00 00 00 00 00 
           008            04 0A 04 20 00 00 01 20 
           009            42 87 00 00 00 00 00 00 
           008            10 82 00 01 00 00 00 00 
           00A            00 7E 00 00 00 00 00 00 
           009            42 87 00 00 00 00 00 00 
           008            00 01 01 09 00 01 0C 00 
           009            42 87 00 00 00 00 00 00 
           008            00 01 01 09 00 01 1C 00 
           00A            00 7E 00 00 00 00 00 00 
           009            42 87 00 00 00 00 00 00 
           008            10 0A 00 00 00 00 00 00 
           009            42 87 00 00 00 00 00 00 
           008            10 82 00 01 00 00 00 00 
           00A            00 7E 00 00 00 00 00 00 
           009            43 87 00 00 00 00 00 00 
           008            03 AA 00 00 00 00 00 00 
           021            00 AB 03 00 00 00 00 00 
           009            43 87 00 00 00 00 00 00 
           008            00 86 00 00 00 01 01 01 
           00A            00 7E 00 00 00 00 00 00 
           009            43 87 00 00 00 00 00 00 
           008            00 86 00 00 00 01 01 00 
           009            43 87 00 00 00 00 00 00 
           008            00 83 00 00 00 00 00 00 
           00A            00 7E 00 00 00 00 00 00 
           009            43 87 00 00 00 00 00 00 
           008            00 84 00 00 00 00 00 00 
           009            43 87 00 00 00 00 00 00 
           008            04 AA 00 00 00 00 00 00 
           022            00 AB 04 00 00 00 00 00 
           00A            00 7E 00 00 00 00 00 00 
           009            43 87 00 00 00 00 00 00 
           008            00 85 00 00 00 20 20 31 
           009            43 87 00 00 00 00 00 00 
           008            00 86 00 00 00 01 01 00 
           00A            00 7E 00 00 00 00 00 00 
           009            41 87 00 00 00 00 00 00 
           008            14 0A 10 05 25 18 59 06 
           009            41 87 00 00 00 00 00 00 
           008            00 86 00 00 00 01 01 02 
           00A            00 7E 00 00 00 00 00 00 
           009            41 87 00 00 00 00 00 00 
           008            00 01 01 01 00 01 0C 00 
           009            41 87 00 00 00 00 00 00 
           008            04 0A 04 00 00 00 01 20 
           00A            00 7E 00 00 00 00 00 00 
           009            41 87 00 00 00 00 00 00 
           008            00 82 00 01 00 00 00 00 
           009            41 87 00 00 00 00 00 00 
           008            01 BC 01 00 00 00 00 00 
           00A            00 7E 00 00 00 00 00 00 
           009            41 87 00 00 00 00 00 00 
           008            01 AA 00 00 00 00 00 00 
           01F            00 AB 01 00 00 00 00 00 
           009            41 87 00 00 00 00 00 00 
           008            00 01 01 01 00 01 0C 00 
           00A            00 7E 00 00 00 00 00 00 
           009            41 87 00 00 00 00 00 00 
           008            01 0A 00 00 00 00 00 00 
           009            41 87 00 00 00 00 00 00 
           008            02 AA 00 00 00 00 00 00 
           020            00 AB 02 00 00 00 00 00 
           00A            00 7E 00 00 00 00 00 00 
           009            41 87 00 00 00 00 00 00 
           008            00 01 01 01 00 01 1C 00 
           009            41 87 00 00 00 00 00 00 
           008            02 0A 00 00 00 00 00 00 
           00A            00 7E 00 00 00 00 00 00 
           009            41 87 00 00 00 00 00 00 
           008            03 0A 00 00 00 00 00 00 
           009            41 87 00 00 00 00 00 00 
           008            03 AA 00 00 00 00 00 00 
           021            00 AB 03 00 00 00 00 00 
           00A            00 7E 00 00 00 00 00 00 
           009            41 87 00 00 00 00 00 00 
           008            04 0A 04 00 00 00 01 20 
           009            41 87 00 00 00 00 00 00 
           008            05 0A 00 00 00 00 00 00 
           00A            00 7E 00 00 00 00 00 00 
           009            41 87 00 00 00 00 00 00 
           008            14 0A 10 05 25 18 59 06 
           009            41 87 00 00 00 00 00 00 
           008            06 0A 00 00 00 00 00 00 
           00A            00 7E 00 00 00 00 00 00 
           009            41 87 00 00 00 00 00 00 
           008            07 0A 00 00 00 00 00 00 
           009            41 87 00 00 00 00 00 00 
           008            04 AA 00 00 00 00 00 00 
           022            00 AB 04 00 00 00 00 00 
           00A            00 7E 00 00 00 00 00 00 
           009            41 87 00 00 00 00 00 00 
           008            08 0A 00 00 00 00 00 00 
           009            41 87 00 00 00 00 00 00 
           008            00 01 01 01 00 01 0C 00 
           00A            00 7E 00 00 00 00 00 00 
           009            41 87 00 00 00 00 00 00 
           008            09 0A 00 00 00 00 00 00 
           009            41 87 00 00 00 00 00 00 
           008            01 BC 01 00 00 00 00 00 
           00A            00 7E 00 00 00 00 00 00 
           009            41 87 00 00 00 00 00 00 
           008            0A 0A 00 00 00 18 59 07 
           009            41 87 00 00 00 00 00 00 
           008            0B 0A 00 00 00 00 00 00 
           00A            00 7E 00 00 00 00 00 00 
           009            41 87 00 00 00 00 00 00 
           008            01 AA 00 00 00 00 00 00 
           01F            00 AB 01 00 00 00 00 00 
           009            41 87 00 00 00 00 00 00 
           008            0C 0A 00 00 00 00 00 00 
           00A            00 7E 00 00 00 00 00 00 
           009            41 87 00 00 00 00 00 00 
           008            0D 0A 00 00 00 00 00 00 
           009            41 87 00 00 00 00 00 00 
           008            02 AA 00 00 00 00 00 00 
           020            00 AB 02 00 00 00 00 00 
           00A            00 7E 00 00 00 00 00 00 
           009            41 87 00 00 00 00 00 00 
           008            00 01 01 01 00 01 1C 00 
           009            41 87 00 00 00 00 00 00 
           008            0E 0A 00 00 00 00 00 00 
           00A            00 7E 00 00 00 00 00 00 
           009            41 87 00 00 00 00 00 00 
           008            0F 0A 00 00 00 00 00 00 
           009            41 87 00 00 00 00 00 00 
           008            03 AA 00 00 00 00 00 00 
           021            00 AB 03 00 00 00 00 00 
           00A            00 7E 00 00 00 00 00 00 
           009            41 87 00 00 00 00 00 00 
           008            10 0A 00 00 00 00 00 00 
           009            41 87 00 00 00 00 00 00 
           008            00 82 00 01 00 00 00 00 
           00A            00 7E 00 00 00 00 00 00 
           009            41 87 00 00 00 00 00 00 
           008            04 AA 00 00 00 00 00 00 
           022            00 AB 04 00 00 00 00 00 
           009            41 87 00 00 00 00 00 00 
           008            00 83 00 00 00 00 00 00 
           00A            00 7E 00 00 00 00 00 00 
           009            41 87 00 00 00 00 00 00 
           008            00 84 00 00 00 00 00 00 
           009            41 87 00 00 00 00 00 00 
           008            01 AA 00 00 00 00 00 00 
           01F            00 AB 01 00 00 00 00 00 
           00A            00 7E 00 00 00 00 00 00 
           009            41 87 00 00 00 00 00 00 
           008            00 85 00 00 00 20 20 31 
           009            41 87 00 00 00 00 00 00 
           008            00 86 00 00 00 01 01 02 
           00A            00 7E 00 00 00 00 00 00 
           009            41 87 00 00 00 00 00 00 
           008            00 01 01 01 00 01 0C 00 
           009            41 87 00 00 00 00 00 00 
           008            14 0A 10 05 25 18 59 08 
           00A            00 7E 00 00 00 00 00 00 
           009            41 87 00 00 00 00 00 00 
           008            01 BC 01 00 00 00 00 00 
           009            41 87 00 00 00 00 00 00 
           008            02 AA 00 00 00 00 00 00 
           020            00 AB 02 00 00 00 00 00 
           00A            00 7E 00 00 00 00 00 00 
           009            41 87 00 00 00 00 00 00 
           008            00 01 01 01 00 01 0C 00 
           009            41 87 00 00 00 00 00 00 
           008            01 0A 00 00 00 00 00 00 
           00A            00 7E 00 00 00 00 00 00 
           009            41 87 00 00 00 00 00 00 
           008            03 AA 00 00 00 00 00 00 
           021            00 AB 03 00 00 00 00 00 
           009            41 87 00 00 00 00 00 00 
           008            02 0A 00 00 00 00 00 00 
           00A            00 7E 00 00 00 00 00 00 
           009            41 87 00 00 00 00 00 00 
           008            03 0A 00 00 00 00 00 00 
           009            41 87 00 00 00 00 00 00 
           008            00 01 01 01 00 01 1C 00 
           00A            00 7E 00 00 00 00 00 00 
           009            41 87 00 00 00 00 00 00 
           008            04 AA 00 00 00 00 00 00 
           022            00 AB 04 00 00 00 00 00 
           009            41 87 00 00 00 00 00 00 
           008            04 0A 04 00 00 00 01 20 
           00A            00 7E 00 00 00 00 00 00 
           009            41 87 00 00 00 00 00 00 
           008            05 0A 00 00 00 00 00 00 
           009            41 87 00 00 00 00 00 00 
           008            14 0A 10 05 25 18 59 08 
           00A            00 7E 00 00 00 00 00 00 
           009            41 87 00 00 00 00 00 00 
           008            06 0A 00 00 00 00 00 00 
           009            41 87 00 00 00 00 00 00 
           008            07 0A 00 00 00 00 00 00 
           00A            00 7E 00 00 00 00 00 00 
           009            41 87 00 00 00 00 00 00 
           008            01 AA 00 00 00 00 00 00 
           01F            00 AB 01 00 00 00 00 00 
           009            41 87 00 00 00 00 00 00 
           008            08 0A 00 00 00 00 00 00 
           00A            00 7E 00 00 00 00 00 00 
           009            41 87 00 00 00 00 00 00 
           008            09 0A 00 00 00 00 00 00 
           009            41 87 00 00 00 00 00 00 
           008            08 82 00 01 00 00 00 00 
           00A            00 7E 00 00 00 00 00 00 
           009            41 87 00 00 00 00 00 00 
           008            00 01 01 11 00 01 0C 00 
           009            41 87 00 00 00 00 00 00 
           008            04 0A 04 40 00 00 01 20 
           00A            00 7E 00 00 00 00 00 00 
           009            43 87 00 00 00 00 00 00 
           008            01 BC 01 00 00 00 00 00 
           009            43 87 00 00 00 00 00 00 
           008            00 86 00 00 00 01 01 00 
           00A            00 7E 00 00 00 00 00 00 
           009            43 87 00 00 00 00 00 00 
           008            0A 0A 00 00 00 18 59 09 
           009            43 87 00 00 00 00 00 00 
           008            0B 0A 00 00 00 00 00 00 
           00A            00 7E 00 00 00 00 00 00 
           009            43 87 00 00 00 00 00 00 
           008            02 AA 00 00 00 00 00 00 
           020            00 AB 02 00 00 00 00 00 
           009            43 87 00 00 00 00 00 00 
           008            0C 0A 00 00 00 00 00 00 
           00A            00 7E 00 00 00 00 00 00 
           009            43 87 00 00 00 00 00 00 
           008            0D 0A 00 00 00 00 00 00 
           009            43 87 00 00 00 00 00 00 
           008            00 86 00 00 00 01 01 01 
           00A            00 7E 00 00 00 00 00 00 
           009            42 87 00 00 00 00 00 00 
           008            00 01 01 10 00 01 0C 00 
           009            42 87 00 00 00 00 00 00 
           008            04 0A 04 00 00 00 01 20 
           00A            00 7E 00 00 00 00 00 00 
           009            42 87 00 00 00 00 00 00 
           008            00 82 00 01 00 00 00 00 
           009            42 87 00 00 00 00 00 00 
           008            00 86 00 00 00 01 01 05 
           00A            00 7E 00 00 00 00 00 00 
           009            42 87 00 00 00 00 00 00 
           008            00 01 01 00 00 01 0C 00 
           009            42 87 00 00 00 00 00 00 
           008            03 AA 00 00 00 00 00 00 
           021            00 AB 03 00 00 00 00 00 
           00A            00 7E 00 00 00 00 00 00 
           009            42 87 00 00 00 00 00 00 
           008            0E 0A 00 00 00 00 00 00 
           009            42 87 00 00 00 00 00 00 
           008            0F 0A 00 00 00 00 00 00 
           00A            00 7E 00 00 00 00 00 00 
           009            42 87 00 00 00 00 00 00 
           008            04 AA 00 00 00 00 00 00 
           022            00 AB 04 00 00 00 00 00 
           009            42 87 00 00 00 00 00 00 
           008            10 0A 00 00 00 00 00 00 
           00A            00 7E 00 00 00 00 00 00 
           009            42 87 00 00 00 00 00 00 
           008            00 82 00 01 00 00 00 00 
           009            42 87 00 00 00 00 00 00 
           008            01 AA 00 00 00 00 00 00 
           01F            00 AB 01 00 00 00 00 00 
           00A            00 7E 00 00 00 00 00 00 
           009            42 87 00 00 00 00 00 00 
           008            00 83 00 00 00 00 00 00 
           009            42 87 00 00 00 00 00 00 
           008            00 84 00 00 00 00 00 00 
           00A            00 7E 00 00 00 00 00 00 
           009            42 87 00 00 00 00 00 00 
           008            02 AA 00 00 00 00 00 00 
           020            00 AB 02 00 00 00 00 00 
           009            42 87 00 00 00 00 00 00 
           008            00 85 00 00 00 20 20 31 
           00A            00 7E 00 00 00 00 00 00 
           009            42 87 00 00 00 00 00 00 
           008            00 86 00 00 00 01 01 05 
           009            42 87 00 00 00 00 00 00 
           008            14 0A 10 05 25 18 59 10 
           00A            00 7E 00 00 00 00 00 00 
           009            42 87 00 00 00 00 00 00 
           008            01 BC 01 00 00 00 00 00 
           009            42 87 00 00 00 00 00 00 
           008            03 AA 00 00 00 00 00 00 
           021            00 AB 03 00 00 00 00 00 
           00A            00 7E 00 00 00 00 00 00 
           009            42 87 00 00 00 00 00 00 
           008            00 01 01 00 00 01 0C 00 
           009            42 87 00 00 00 00 00 00 
           008            01 0A 00 00 00 00 00 00 
           00A            00 7E 00 00 00 00 00 00 
           009            42 87 00 00 00 00 00 00 
           008            04 AA 00 00 00 00 00 00 
           022            00 AB 04 00 00 00 00 00 
           009            42 87 00 00 00 00 00 00 
           008            02 0A 00 00 00 00 00 00 
           00A            00 7E 00 00 00 00 00 00 
           009            42 87 00 00 00 00 00 00 
           008            03 0A 00 00 00 00 00 00 
           009            42 87 00 00 00 00 00 00 
           008            01 AA 00 00 00 00 00 00 
           01F            00 AB 01 00 00 00 00 00 
           00A            00 7E 00 00 00 00 00 00 
           009            42 87 00 00 00 00 00 00 
           008            04 0A 04 00 00 00 01 20 
           009            42 87 00 00 00 00 00 00 
           008            05 0A 00 00 00 00 00 00 
           00A            00 7E 00 00 00 00 00 00 
           009            42 87 00 00 00 00 00 00 
           008            14 0A 10 05 25 18 59 11 
           009            42 87 00 00 00 00 00 00 
           008            06 0A 00 00 00 00 00 00 
           00A            00 7E 00 00 00 00 00 00 
           009            42 87 00 00 00 00 00 00 
           008            07 0A 00 00 00 00 00 00 
           009            42 87 00 00 00 00 00 00 
           008            02 AA 00 00 00 00 00 00 
           020            00 AB 02 00 00 00 00 00 
           00A            00 7E 00 00 00 00 00 00 
           009            42 87 00 00 00 00 00 00 
           008            08 0A 00 00 00 00 00 00 
           009            42 87 00 00 00 00 00 00 
           008            09 0A 00 00 00 00 00 00 
           00A            00 7E 00 00 00 00 00 00 
           009            42 87 00 00 00 00 00 00 
           008            01 BC 01 00 00 00 00 00 
           009            42 87 00 00 00 00 00 00 
           008            0A 0A 00 00 00 18 59 11 
           00A            00 7E 00 00 00 00 00 00 
           009            42 87 00 00 00 00 00 00 
           008            0B 0A 00 00 00 00 00 00 
           009            42 87 00 00 00 00 00 00 
           008            03 AA 00 00 00 00 00 00 
           021            00 AB 03 00 00 00 00 00 
           00A            00 7E 00 00 00 00 00 00 
           009            42 87 00 00 00 00 00 00 
           008            0C 0A 00 00 00 00 00 00 
           009            42 87 00 00 00 00 00 00 
           008            0D 0A 00 00 00 00 00 00 
           00A            00 7E 00 00 00 00 00 00 
           009            42 87 00 00 00 00 00 00 
           008            04 AA 00 00 00 00 00 00 
           022            00 AB 04 00 00 00 00 00 
           009            42 87 00 00 00 00 00 00 
           008            0E 0A 00 00 00 00 00 00 
           00A            00 7E 00 00 00 00 00 00 
           009            42 87 00 00 00 00 00 00 
           008            0F 0A 00 00 00 00 00 00 
           009            42 87 00 00 00 00 00 00 
           008            01 AA 00 00 00 00 00 00 
           01F            00 AB 01 00 00 00 00 00 
           00A            00 7E 00 00 00 00 00 00 
           009            42 87 00 00 00 00 00 00 
           008            10 0A 00 00 00 00 00 00 
           009            42 87 00 00 00 00 00 00 
           008            00 82 00 01 00 00 00 00 
           00A            00 7E 00 00 00 00 00 00 
           009            42 87 00 00 00 00 00 00 
           008            02 AA 00 00 00 00 00 00 
           020            00 AB 02 00 00 00 00 00 
