    
            008          00 BC 03 00 00 00 00 00 
            009          42 87 00 00 00 00 00 00 
            008          0A 0A 00 00 04 17 43 19 
            00A          00 7E 00 00 00 00 00 00 
            009          42 87 00 00 00 00 00 00 
            008          0B 0A 00 00 00 00 00 00 
            009          42 87 00 00 00 00 00 00 
            008          01 AA 00 00 00 00 00 00 
            009          42 87 00 00 00 00 00 00 
            01F          00 AB 01 00 00 00 00 00 
            008          0C 0A 00 00 00 00 00 00 
            00A          00 7E 00 00 00 00 00 00 
            009          42 87 00 00 00 00 00 00 
            008          0D 0A 00 00 00 00 00 00 
            00A          00 7E 00 00 00 00 00 00 
            009          42 87 00 00 00 00 00 00 
            008          02 AA 00 00 00 00 00 00 
            009          42 87 00 00 00 00 00 00 
            008          0E 0A 00 00 00 00 00 00 
            009          42 87 00 00 00 00 00 00 
            00A          00 7E 00 00 00 00 00 00 
            009          42 87 00 00 00 00 00 00 
            021          00 AB 03 00 00 00 00 00 
            00A          00 7E 00 00 00 00 00 00 
            009          42 87 00 00 00 00 00 00 
            008          00 83 00 00 00 00 00 00 
            009          42 87 00 00 00 00 00 00 
            008          00 84 00 00 00 00 00 00 
            00A          00 7E 00 00 00 00 00 00 
            009          42 87 00 00 00 00 00 00 
            008          01 AA 00 00 00 00 00 00 
            009          42 87 00 00 00 00 00 00 
            008          00 85 00 00 00 20 20 33 
            009          42 87 00 00 00 00 00 00 
            00A          00 7E 00 00 00 00 00 00 
            008          00 86 00 00 00 03 01 05 
            009          42 87 00 00 00 00 00 00 
            008          14 0A 10 05 25 17 43 20 
            008          00 86 00 00 00 02 01 05 
            020          00 AB 02 00 00 00 00 00 
            00A          00 7E 00 00 00 00 00 00 
            009          42 87 00 00 00 00 00 00 
            008          02 AA 00 00 00 00 00 00 
            009          42 87 00 00 00 00 00 00 
            008          00 01 03 03 00 03 0E 00 
            00A          00 7E 00 00 00 00 00 00 
            009          42 87 00 00 00 00 00 00 
            008          01 0A 00 00 00 00 00 00 
            009          42 87 00 00 00 00 00 00 
            021          00 AB 03 00 00 00 00 00 
            009          42 87 00 00 00 00 00 00 
            008          04 0A 04 00 00 01 03 20 
            00A          00 7E 00 00 00 00 00 00 
            009          42 87 00 00 00 00 00 00 
            008          05 0A 00 00 00 00 00 00 
            009          42 87 00 00 00 00 00 00 
            008          14 0A 10 05 25 17 43 21 
            009          42 87 00 00 00 00 00 00 
            008          06 0A 00 00 00 00 00 00 
            00A          00 7E 00 00 00 00 00 00 
            009          42 87 00 00 00 00 00 00 
            00A          00 7E 00 00 00 00 00 00 
            009          42 87 00 00 00 00 00 00 
            01F          00 AB 01 00 00 00 00 00 
            009          42 87 00 00 00 00 00 00 
            020          00 AB 02 00 00 00 00 00 
            008          09 0A 01 00 00 00 00 00 
            009          42 87 00 00 00 00 00 00 
            008          00 BC 03 00 00 00 00 00 
            00A          00 7E 00 00 00 00 00 00 
            009          42 87 00 00 00 00 00 00 
            008          0A 0A 00 00 04 17 43 21 
            009          42 87 00 00 00 00 00 00 
            008          0B 0A 00 00 00 00 00 00 
            00A          00 7E 00 00 00 00 00 00 
            009          42 87 00 00 00 00 00 00 
            008          02 AA 00 00 00 00 00 00 
            020          00 AB 02 00 00 00 00 00 
            009          42 87 00 00 00 00 00 00 
            008          0C 0A 00 00 00 00 00 00 
            008          0D 0A 00 00 00 00 00 00 
            009          42 87 00 00 00 00 00 00 
            008          03 AA 00 00 00 00 00 00 
            021          00 AB 03 00 00 00 00 00 
            00A          00 7E 00 00 00 00 00 00 
            009          42 87 00 00 00 00 00 00 
            008          0E 0A 00 00 00 00 00 00 
            009          42 87 00 00 00 00 00 00 
            008          0F 0A 00 00 00 00 00 00 
            00A          00 7E 00 00 00 00 00 00 
            009          42 87 00 00 00 00 00 00 
            008          04 AA 00 00 00 00 00 00 
            022          00 AB 04 00 00 00 00 00 
            009          42 87 00 00 00 00 00 00 
            008          10 0A 00 00 00 00 00 00 
            00A          00 7E 00 00 00 00 00 00 
            009          42 87 00 00 00 00 00 00 
            008          00 01 03 03 00 03 0A 00 
            009          42 87 00 00 00 00 00 00 
            008          00 82 00 01 00 00 00 00 
            00A          00 7E 00 00 00 00 00 00 
            009          42 87 00 00 00 00 00 00 
            008          01 AA 00 00 00 00 00 00 
            009          42 87 00 00 00 00 00 00 
            008          00 82 00 00 00 00 00 00 
            00A          00 7E 00 00 00 00 00 00 
            009          42 87 00 00 00 00 00 00 
            008          00 83 00 00 00 00 00 00 
            009          42 87 00 00 00 00 00 00 
            008          00 86 00 00 00 01 01 05 
            00A          00 7E 00 00 00 00 00 00 
            009          42 87 00 00 00 00 00 00 
            008          00 84 00 00 00 00 00 00 
            009          42 87 00 00 00 00 00 00 
            008          02 AA 00 00 00 00 00 00 
            020          00 AB 02 00 00 00 00 00 
            00A          00 7E 00 00 00 00 00 00 
            009          42 87 00 00 00 00 00 00 
            008          00 85 00 00 00 20 20 33 
            009          42 87 00 00 00 00 00 00 
            008          00 86 00 00 00 01 01 05 
            00A          00 7E 00 00 00 00 00 00 
            009          42 87 00 00 00 00 00 00 
            008          14 0A 10 05 25 17 43 22 
            009          42 87 00 00 00 00 00 00 
            008          00 BC 03 00 00 00 00 00 
            00A          00 7E 00 00 00 00 00 00 
            009          42 87 00 00 00 00 00 00 
            008          03 AA 00 00 00 00 00 00 
            021          00 AB 03 00 00 00 00 00 
            009          42 87 00 00 00 00 00 00 
            008          00 01 03 03 00 03 0A 00 
            00A          00 7E 00 00 00 00 00 00 
            009          42 87 00 00 00 00 00 00 
            008          01 0A 00 00 00 00 00 00 
            009          42 87 00 00 00 00 00 00 
            008          04 AA 00 00 00 00 00 00 
            022          00 AB 04 00 00 00 00 00 
            00A          00 7E 00 00 00 00 00 00 
            009          42 87 00 00 00 00 00 00 
            008          02 0A 00 00 00 00 00 00 
            009          42 87 00 00 00 00 00 00 
            008          03 0A 01 00 00 00 00 00 
            00A          00 7E 00 00 00 00 00 00 
            009          42 87 00 00 00 00 00 00 
            008          01 AA 00 00 00 00 00 00 
            01F          00 AB 01 00 00 00 00 00 
            009          42 87 00 00 00 00 00 00 
            008          04 0A 04 00 00 01 03 20 
            00A          00 7E 00 00 00 00 00 00 
            009          42 87 00 00 00 00 00 00 
            008          00 01 03 03 00 03 02 00 
            009          42 87 00 00 00 00 00 00 
            008          05 0A 00 00 00 00 00 00 
            00A          00 7E 00 00 00 00 00 00 
            009          42 87 00 00 00 00 00 00 
            008          14 0A 10 05 25 17 43 23 
            009          42 87 00 00 00 00 00 00 
            008          06 0A 00 00 00 00 00 00 
            00A          00 7E 00 00 00 00 00 00 
            009          42 87 00 00 00 00 00 00 
            008          07 0A 01 00 00 00 00 00 
            009          42 87 00 00 00 00 00 00 
            008          02 AA 00 00 00 00 00 00 
            020          00 AB 02 00 00 00 00 00 
            00A          00 7E 00 00 00 00 00 00 
            009          42 87 00 00 00 00 00 00 
            008          08 0A 00 00 00 00 00 00 
            009          42 87 00 00 00 00 00 00 
            008          09 0A 01 00 00 00 00 00 
            00A          00 7E 00 00 00 00 00 00 
            009          42 87 00 00 00 00 00 00 
            008          00 BC 03 00 00 00 00 00 
            009          42 87 00 00 00 00 00 00 
            008          0A 0A FD 42 03 17 43 23 
            00A          00 7E 00 00 00 00 00 00 
            009          42 87 00 00 00 00 00 00 
            008          0B 0A 00 00 00 00 00 00 
            009          42 87 00 00 00 00 00 00 
            008          03 AA 00 00 00 00 00 00 
            021          00 AB 03 00 00 00 00 00 
            00A          00 7E 00 00 00 00 00 00 
            009          42 87 00 00 00 00 00 00 
            008          04 0A 04 00 00 01 02 20 
            009          42 87 00 00 00 00 00 00 
            008          00 85 00 00 00 20 20 32 
            00A          00 7E 00 00 00 00 00 00 
            009          42 87 00 00 00 00 00 00 
            008          00 01 02 03 00 02 02 00 
            009          42 87 00 00 00 00 00 00 
            008          0C 0A 00 00 00 00 00 00 
            00A          00 7E 00 00 00 00 00 00 
            009          42 87 00 00 00 00 00 00 
            008          0D 0A 00 00 00 00 00 00 
            009          42 87 00 00 00 00 00 00 
            008          04 AA 00 00 00 00 00 00 
            022          00 AB 04 00 00 00 00 00 
            00A          00 7E 00 00 00 00 00 00 
            009          42 87 00 00 00 00 00 00 
            008          0E 0A 00 00 00 00 00 00 
            009          42 87 00 00 00 00 00 00 
            008          0F 0A 00 00 00 00 00 00 
            00A          00 7E 00 00 00 00 00 00 
            009          42 87 00 00 00 00 00 00 
            008          01 AA 00 00 00 00 00 00 
            01F          00 AB 01 00 00 00 00 00 
            009          42 87 00 00 00 00 00 00 
            008          10 0A 00 00 00 00 00 00 
            00A          00 7E 00 00 00 00 00 00 
            009          42 87 00 00 00 00 00 00 
            008          00 82 00 00 00 00 00 00 
            009          42 87 00 00 00 00 00 00 
            008          02 AA 00 00 00 00 00 00 
            020          00 AB 02 00 00 00 00 00 
            00A          00 7E 00 00 00 00 00 00 
            009          42 87 00 00 00 00 00 00 
            008          00 83 00 00 00 00 00 00 
            009          42 87 00 00 00 00 00 00 
            008          00 01 02 03 00 02 06 00 
            00A          00 7E 00 00 00 00 00 00 
            009          42 87 00 00 00 00 00 00 
            008          00 84 00 00 00 00 00 00 
            009          42 87 00 00 00 00 00 00 
            008          03 AA 00 00 00 00 00 00 
            021          00 AB 03 00 00 00 00 00 
            00A          00 7E 00 00 00 00 00 00 
            009          42 87 00 00 00 00 00 00 
            008          00 85 00 00 00 20 20 32 
            009          42 87 00 00 00 00 00 00 
            008          00 86 00 00 00 01 01 05 
            00A          00 7E 00 00 00 00 00 00 
            009          42 87 00 00 00 00 00 00 
            008          14 0A 10 05 25 17 43 24 
            009          42 87 00 00 00 00 00 00 
            008          00 BC 02 00 00 00 00 00 
            00A          00 7E 00 00 00 00 00 00 
            009          42 87 00 00 00 00 00 00 
            008          04 AA 00 00 00 00 00 00 
            022          00 AB 04 00 00 00 00 00 
            009          42 87 00 00 00 00 00 00 
            008          00 01 02 03 00 02 06 00 
            00A          00 7E 00 00 00 00 00 00 
            009          42 87 00 00 00 00 00 00 
            008          01 0A 00 00 00 00 00 00 
            009          42 87 00 00 00 00 00 00 
            008          01 AA 00 00 00 00 00 00 
            01F          00 AB 01 00 00 00 00 00 
            00A          00 7E 00 00 00 00 00 00 
            009          42 87 00 00 00 00 00 00 
            008          02 0A 00 00 00 00 00 00 
            009          42 87 00 00 00 00 00 00 
            008          03 0A 01 00 00 00 00 00 
            00A          00 7E 00 00 00 00 00 00 
            009          42 87 00 00 00 00 00 00 
            008          00 82 00 01 00 00 00 00 
            009          42 87 00 00 00 00 00 00 
            008          00 01 02 03 00 02 0E 00 
            00A          00 7E 00 00 00 00 00 00 
            009          42 87 00 00 00 00 00 00 
            008          02 AA 00 00 00 00 00 00 
            020          00 AB 02 00 00 00 00 00 
            009          42 87 00 00 00 00 00 00 
            008          04 0A 04 00 00 01 02 20 
            00A          00 7E 00 00 00 00 00 00 
            009          42 87 00 00 00 00 00 00 
            008          05 0A 00 00 00 00 00 00 
            009          42 87 00 00 00 00 00 00 
            008          00 82 00 00 00 00 00 00 
            00A          00 7E 00 00 00 00 00 00 
            009          42 87 00 00 00 00 00 00 
            008          00 01 02 03 00 02 0A 00 
            009          42 87 00 00 00 00 00 00 
            008          14 0A 10 05 25 17 43 25 
            00A          00 7E 00 00 00 00 00 00 
            009          42 87 00 00 00 00 00 00 
            008          06 0A 00 00 00 00 00 00 
            009          42 87 00 00 00 00 00 00 
            008          07 0A 01 00 00 00 00 00 
            00A          00 7E 00 00 00 00 00 00 
            009          42 87 00 00 00 00 00 00 
            008          03 AA 00 00 00 00 00 00 
            021          00 AB 03 00 00 00 00 00 
            009          42 87 00 00 00 00 00 00 
            008          08 0A 00 00 00 00 00 00 
            00A          00 7E 00 00 00 00 00 00 
            009          42 87 00 00 00 00 00 00 
            008          09 0A 01 00 00 00 00 00 
            009          42 87 00 00 00 00 00 00 
            008          00 BC 02 00 00 00 00 00 
            00A          00 7E 00 00 00 00 00 00 
            009          42 87 00 00 00 00 00 00 
            008          0A 0A FD 44 01 17 43 25 
            009          42 87 00 00 00 00 00 00 
            008          0B 0A 00 00 00 00 00 00 
            00A          00 7E 00 00 00 00 00 00 
            009          42 87 00 00 00 00 00 00 
            008          04 AA 00 00 00 00 00 00 
            022          00 AB 04 00 00 00 00 00 
            009          42 87 00 00 00 00 00 00 
            008          0C 0A 00 00 00 00 00 00 
            00A          00 7E 00 00 00 00 00 00 
            009          42 87 00 00 00 00 00 00 
            008          00 01 02 03 00 02 02 00 
            009          42 87 00 00 00 00 00 00 
            008          0D 0A 00 00 00 00 00 00 
            00A          00 7E 00 00 00 00 00 00 
            009          42 87 00 00 00 00 00 00 
            008          01 AA 00 00 00 00 00 00 
            01F          00 AB 01 00 00 00 00 00 
            009          42 87 00 00 00 00 00 00 
            008          0E 0A 00 00 00 00 00 00 
            00A          00 7E 00 00 00 00 00 00 
            009          42 87 00 00 00 00 00 00 
            008          0F 0A 00 00 00 00 00 00 
            009          42 87 00 00 00 00 00 00 
            008          02 AA 00 00 00 00 00 00 
            020          00 AB 02 00 00 00 00 00 
            00A          00 7E 00 00 00 00 00 00 
            009          42 87 00 00 00 00 00 00 
            008          10 0A 00 00 00 00 00 00 
            009          42 87 00 00 00 00 00 00 
            008          00 82 00 00 00 00 00 00 
            00A          00 7E 00 00 00 00 00 00 
            009          42 87 00 00 00 00 00 00 
            008          03 AA 00 00 00 00 00 00 
            021          00 AB 03 00 00 00 00 00 
            009          42 87 00 00 00 00 00 00 
            008          00 83 00 00 00 00 00 00 
            00A          00 7E 00 00 00 00 00 00 
            009          42 87 00 00 00 00 00 00 
            008          00 84 00 00 00 00 00 00 
            009          42 87 00 00 00 00 00 00 
            008          00 85 00 00 00 20 20 31 
            00A          00 7E 00 00 00 00 00 00 
            009          42 87 00 00 00 00 00 00 
            008          00 01 01 03 00 01 02 00 
            009          42 87 00 00 00 00 00 00 
            008          04 0A 04 00 00 01 01 20 
            00A          00 7E 00 00 00 00 00 00 
            009          42 87 00 00 00 00 00 00 
            008          04 AA 00 00 00 00 00 00 
            022          00 AB 04 00 00 00 00 00 
            009          42 87 00 00 00 00 00 00 
            008          00 85 00 00 00 20 20 31 
            00A          00 7E 00 00 00 00 00 00 
            009          42 87 00 00 00 00 00 00 
            008          00 86 00 00 00 01 01 05 
            009          42 87 00 00 00 00 00 00 
            008          14 0A 10 05 25 17 43 26 
            00A          00 7E 00 00 00 00 00 00 
            009          42 87 00 00 00 00 00 00 
            008          00 BC 01 00 00 00 00 00 
            009          42 87 00 00 00 00 00 00 
            008          01 AA 00 00 00 00 00 00 
            01F          00 AB 01 00 00 00 00 00 
            00A          00 7E 00 00 00 00 00 00 
            009          42 87 00 00 00 00 00 00 
            008          00 01 01 03 00 01 02 00 
            009          42 87 00 00 00 00 00 00 
            008          01 0A 00 00 00 00 00 00 
            00A          00 7E 00 00 00 00 00 00 
            009          42 87 00 00 00 00 00 00 
            008          02 AA 00 00 00 00 00 00 
            020          00 AB 02 00 00 00 00 00 
            009          42 87 00 00 00 00 00 00 
            008          02 0A 00 00 00 00 00 00 
            00A          00 7E 00 00 00 00 00 00 
            009          42 87 00 00 00 00 00 00 
            008          03 0A 01 00 00 00 00 00 
            009          42 87 00 00 00 00 00 00 
            008          03 AA 00 00 00 00 00 00 
            021          00 AB 03 00 00 00 00 00 
            00A          00 7E 00 00 00 00 00 00 
            009          42 87 00 00 00 00 00 00 
            008          02 82 00 00 00 00 00 00 
            009          42 87 00 00 00 00 00 00 
            008          00 01 01 03 00 01 52 00 
            00A          00 7E 00 00 00 00 00 00 
            009          42 87 00 00 00 00 00 00 
            008          04 0A 05 00 00 01 01 20 
            009          42 87 00 00 00 00 00 00 
            008          04 0A 05 00 00 01 01 20 
            00A          00 7E 00 00 00 00 00 00 
            009          42 87 00 00 00 00 00 00 
            008          05 0A 00 00 00 00 00 00 
            009          42 87 00 00 00 00 00 00 
            008          14 0A 10 05 25 17 43 27 
            00A          00 7E 00 00 00 00 00 00 
            009          42 87 00 00 00 00 00 00 
            008          06 0A 00 00 00 00 00 00 
            009          42 87 00 00 00 00 00 00 
            008          07 0A 01 00 00 00 00 00 
            00A          00 7E 00 00 00 00 00 00 
            009          42 87 00 00 00 00 00 00 
            008          04 AA 00 00 00 00 00 00 
            022          00 AB 04 00 00 00 00 00 
            009          42 87 00 00 00 00 00 00 
            008          08 0A 00 00 00 00 00 00 
            00A          00 7E 00 00 00 00 00 00 
            009          42 87 00 00 00 00 00 00 
            008          09 0A 01 00 00 00 00 00 
            009          42 87 00 00 00 00 00 00 
            008          00 BC 01 00 00 00 00 00 
            009          42 87 00 00 00 00 00 00 
            00A          00 7E 00 00 00 00 00 00 
            008          00 01 01 03 00 01 42 00 
            009          42 87 00 00 00 00 00 00 
            008          0A 0A FE BF 00 17 43 27 
            00A          00 7E 00 00 00 00 00 00 
            009          42 87 00 00 00 00 00 00 
            008          00 01 01 03 00 01 46 00 
            009          42 87 00 00 00 00 00 00 
            008          0B 0A 00 00 00 00 00 00 
            00A          00 7E 00 00 00 00 00 00 
            009          42 87 00 00 00 00 00 00 
            008          01 AA 00 00 00 00 00 00 
            009          42 87 00 00 00 00 00 00 
            008          0C 0A 00 00 00 00 00 00 
            00A          00 7E 00 00 00 00 00 00 
            009          42 87 00 00 00 00 00 00 
            008          0D 0A 00 00 00 00 00 00 
            009          42 87 00 00 00 00 00 00 
            008          02 AA 00 00 00 00 00 00 
            008          0E 0A 00 00 00 00 00 00 
            009          42 87 00 00 00 00 00 00 
            008          00 01 01 03 00 01 56 00 
            020          00 AB 02 00 00 00 00 00 
            009          42 87 00 00 00 00 00 00 
            00A          00 7E 00 00 00 00 00 00 
            008          0F 0A 00 00 00 00 00 00 
            009          42 87 00 00 00 00 00 00 
            008          03 AA 00 00 00 00 00 00 
            00A          00 7E 00 00 00 00 00 00 
            009          42 87 00 00 00 00 00 00 
            021          00 AB 03 00 00 00 00 00 
            008          10 0A 00 00 00 00 00 00 
            009          42 87 00 00 00 00 00 00 
            008          02 82 00 00 00 00 00 00 
            00A          00 7E 00 00 00 00 00 00 
            009          42 87 00 00 00 00 00 00 
            008          04 AA 00 00 00 00 00 00 
            022          00 AB 04 00 00 00 00 00 
            009          42 87 00 00 00 00 00 00 
            008          00 83 00 00 00 00 00 00 
            009          42 87 00 00 00 00 00 00 
            008          00 84 00 00 00 00 00 00 
            009          42 87 00 00 00 00 00 00 
            008          01 AA 00 00 00 00 00 00 
            01F          00 AB 01 00 00 00 00 00 
            009          42 87 00 00 00 00 00 00 
            008          00 85 00 00 00 20 20 31 
            009          42 87 00 00 00 00 00 00 
            008          00 86 00 00 00 01 01 05 
            00A          00 7E 00 00 00 00 00 00 
            009          42 87 00 00 00 00 00 00 
            008          00 01 01 03 00 01 46 00 
            009          42 87 00 00 00 00 00 00 
            008          14 0A 10 05 25 17 43 28 
            00A          00 7E 00 00 00 00 00 00 
            009          42 87 00 00 00 00 00 00 
            008          00 BC 01 00 00 00 00 00 
            009          42 87 00 00 00 00 00 00 
            008          04 0A 05 00 00 00 01 20 
            00A          00 7E 00 00 00 00 00 00 
            009          42 87 00 00 00 00 00 00 
            008          00 01 01 04 00 01 06 00 
            009          42 87 00 00 00 00 00 00 
            008          04 0A 04 00 00 00 01 20 
            00A          00 7E 00 00 00 00 00 00 
            009          42 87 00 00 00 00 00 00 
            008          00 82 00 00 00 00 00 00 
            009          42 87 00 00 00 00 00 00 
            008          02 AA 00 00 00 00 00 00 
            020          00 AB 02 00 00 00 00 00 
            00A          00 7E 00 00 00 00 00 00 
            009          42 87 00 00 00 00 00 00 
            008          00 01 01 04 00 01 06 00 
            009          42 87 00 00 00 00 00 00 
            008          00 01 01 04 00 01 16 00 
            00A          00 7E 00 00 00 00 00 00 
            009          42 87 00 00 00 00 00 00 
            008          01 0A 00 00 00 00 00 00 
            009          42 87 00 00 00 00 00 00 
            008          03 AA 00 00 00 00 00 00 
            021          00 AB 03 00 00 00 00 00 
            00A          00 7E 00 00 00 00 00 00 
            009          42 87 00 00 00 00 00 00 
            008          02 0A 00 00 00 00 00 00 
            009          42 87 00 00 00 00 00 00 
            008          03 0A 01 00 00 00 00 00 
            00A          00 7E 00 00 00 00 00 00 
            009          42 87 00 00 00 00 00 00 
            008          04 AA 00 00 00 00 00 00 
            022          00 AB 04 00 00 00 00 00 
            009          42 87 00 00 00 00 00 00 
            008          04 0A 04 00 00 00 01 20 
            00A          00 7E 00 00 00 00 00 00 
            009          42 87 00 00 00 00 00 00 
            008          09 0A 00 00 00 00 00 00 
            009          42 87 00 00 00 00 00 00 
            008          00 01 01 01 00 01 14 00 
            00A          00 7E 00 00 00 00 00 00 
            009          42 87 00 00 00 00 00 00 
            008          03 0A 00 00 00 00 00 00 
            009          42 87 00 00 00 00 00 00 
            008          07 0A 00 00 00 00 00 00 
            00A          00 7E 00 00 00 00 00 00 
            009          42 87 00 00 00 00 00 00 
            008          05 0A 00 00 00 00 00 00 
            009          42 87 00 00 00 00 00 00 
            008          00 01 01 01 00 01 04 00 
            00A          00 7E 00 00 00 00 00 00 
            009          42 87 00 00 00 00 00 00 
            008          14 0A 10 05 25 17 43 29 
            009          42 87 00 00 00 00 00 00 
            008          06 0A 00 00 00 00 00 00 
            00A          00 7E 00 00 00 00 00 00 
            009          42 87 00 00 00 00 00 00 
            008          07 0A 00 00 00 00 00 00 
            009          42 87 00 00 00 00 00 00 
            008          01 AA 00 00 00 00 00 00 
            01F          00 AB 01 00 00 00 00 00 
            00A          00 7E 00 00 00 00 00 00 
            009          42 87 00 00 00 00 00 00 
            008          08 0A 00 00 00 00 00 00 
            009          42 87 00 00 00 00 00 00 
            008          09 0A 00 00 00 00 00 00 
            00A          00 7E 00 00 00 00 00 00 
            009          42 87 00 00 00 00 00 00 
            008          01 BC 01 00 00 00 00 00 
            009          42 87 00 00 00 00 00 00 
            008          0A 0A 00 00 00 17 43 30 
            00A          00 7E 00 00 00 00 00 00 
            009          42 87 00 00 00 00 00 00 
            008          00 01 01 01 00 01 14 00 
            009          42 87 00 00 00 00 00 00 
            008          0B 0A 00 00 00 00 00 00 
            00A          00 7E 00 00 00 00 00 00 
            009          42 87 00 00 00 00 00 00 
            008          02 AA 00 00 00 00 00 00 
            020          00 AB 02 00 00 00 00 00 
            009          42 87 00 00 00 00 00 00 
            008          0C 0A 00 00 00 00 00 00 
            00A          00 7E 00 00 00 00 00 00 
            009          42 87 00 00 00 00 00 00 
            008          0D 0A 00 00 00 00 00 00 
            009          42 87 00 00 00 00 00 00 
            008          03 AA 00 00 00 00 00 00 
            021          00 AB 03 00 00 00 00 00 
            00A          00 7E 00 00 00 00 00 00 
            009          42 87 00 00 00 00 00 00 
            008          0E 0A 00 00 00 00 00 00 
            009          42 87 00 00 00 00 00 00 
            008          0F 0A 00 00 00 00 00 00 
            00A          00 7E 00 00 00 00 00 00 
            009          42 87 00 00 00 00 00 00 
            008          04 AA 00 00 00 00 00 00 
            022          00 AB 04 00 00 00 00 00 
            009          42 87 00 00 00 00 00 00 
            008          10 0A 00 00 00 00 00 00 
            00A          00 7E 00 00 00 00 00 00 
            009          42 87 00 00 00 00 00 00 
            008          00 82 00 00 00 00 00 00 
            009          42 87 00 00 00 00 00 00 
            008          00 01 01 01 00 01 04 00 
            00A          00 7E 00 00 00 00 00 00 
            009          42 87 00 00 00 00 00 00 
            008          01 AA 00 00 00 00 00 00 
            01F          00 AB 01 00 00 00 00 00 
            009          42 87 00 00 00 00 00 00 
            008          00 83 00 00 00 00 00 00 
            00A          00 7E 00 00 00 00 00 00 
            009          42 87 00 00 00 00 00 00 
            008          00 84 00 00 00 00 00 00 
            009          42 87 00 00 00 00 00 00 
            008          02 AA 00 00 00 00 00 00 
            020          00 AB 02 00 00 00 00 00 
            00A          00 7E 00 00 00 00 00 00 
            009          42 87 00 00 00 00 00 00 
            008          00 85 00 00 00 20 20 31 
            009          42 87 00 00 00 00 00 00 
            008          00 86 00 00 00 01 01 05 
            00A          00 7E 00 00 00 00 00 00 
            009          42 87 00 00 00 00 00 00 
            008          14 0A 10 05 25 17 43 31 
            009          42 87 00 00 00 00 00 00 
            008          01 BC 01 00 00 00 00 00 
            00A          00 7E 00 00 00 00 00 00 
            009          42 87 00 00 00 00 00 00 
            008          00 01 01 01 00 01 14 00 
            009          42 87 00 00 00 00 00 00 
            008          03 AA 00 00 00 00 00 00 
            021          00 AB 03 00 00 00 00 00 
            00A          00 7E 00 00 00 00 00 00 
            009          42 87 00 00 00 00 00 00 
            008          00 01 01 01 00 01 14 00 
            009          42 87 00 00 00 00 00 00 
            008          01 0A 00 00 00 00 00 00 
            00A          00 7E 00 00 00 00 00 00 
            009          42 87 00 00 00 00 00 00 
            008          04 AA 00 00 00 00 00 00 
            022          00 AB 04 00 00 00 00 00 
            009          42 87 00 00 00 00 00 00 
            008          02 0A 00 00 00 00 00 00 
            00A          00 7E 00 00 00 00 00 00 
            009          42 87 00 00 00 00 00 00 
            008          03 0A 00 00 00 00 00 00 
            009          42 87 00 00 00 00 00 00 
            008          01 AA 00 00 00 00 00 00 
            01F          00 AB 01 00 00 00 00 00 
            00A          00 7E 00 00 00 00 00 00 
            009          42 87 00 00 00 00 00 00 
            008          04 0A 04 00 00 00 01 20 
            009          42 87 00 00 00 00 00 00 
            008          05 0A 00 00 00 00 00 00 
            00A          00 7E 00 00 00 00 00 00 
            009          42 87 00 00 00 00 00 00 
            008          14 0A 10 05 25 17 43 31 
            009          42 87 00 00 00 00 00 00 
            008          06 0A 00 00 00 00 00 00 
            00A          00 7E 00 00 00 00 00 00 
            009          42 87 00 00 00 00 00 00 
            008          00 01 01 01 00 01 04 00 
            009          42 87 00 00 00 00 00 00 
            008          07 0A 00 00 00 00 00 00 
            00A          00 7E 00 00 00 00 00 00 
            009          42 87 00 00 00 00 00 00 
            008          02 AA 00 00 00 00 00 00 
            020          00 AB 02 00 00 00 00 00 
            009          42 87 00 00 00 00 00 00 
            008          08 0A 00 00 00 00 00 00 
            00A          00 7E 00 00 00 00 00 00 
            009          42 87 00 00 00 00 00 00 
            008          09 0A 00 00 00 00 00 00 
            009          42 87 00 00 00 00 00 00 
            008          01 BC 01 00 00 00 00 00 
            00A          00 7E 00 00 00 00 00 00 
            009          42 87 00 00 00 00 00 00 
            008          0A 0A 00 00 00 17 43 32 
            009          42 87 00 00 00 00 00 00 
            008          0B 0A 00 00 00 00 00 00 
            00A          00 7E 00 00 00 00 00 00 
            009          42 87 00 00 00 00 00 00 
            008          00 01 01 01 00 01 14 00 
            009          42 87 00 00 00 00 00 00 
            008          03 AA 00 00 00 00 00 00 
            021          00 AB 03 00 00 00 00 00 
            00A          00 7E 00 00 00 00 00 00 
            009          42 87 00 00 00 00 00 00 
            008          0C 0A 00 00 00 00 00 00 
            009          42 87 00 00 00 00 00 00 
            008          0D 0A 00 00 00 00 00 00 
            00A          00 7E 00 00 00 00 00 00 
            009          42 87 00 00 00 00 00 00 
            008          04 AA 00 00 00 00 00 00 
            022          00 AB 04 00 00 00 00 00 
            009          42 87 00 00 00 00 00 00 
            008          0E 0A 00 00 00 00 00 00 
            00A          00 7E 00 00 00 00 00 00 
            009          42 87 00 00 00 00 00 00 
            008          04 0A 04 00 00 01 01 20 
            009          42 87 00 00 00 00 00 00 
            008          00 01 01 01 00 01 04 00 
            00A          00 7E 00 00 00 00 00 00 
            009          42 87 00 00 00 00 00 00 
            008          0F 0A 00 00 00 00 00 00 
            009          42 87 00 00 00 00 00 00 
            008          01 AA 00 00 00 00 00 00 
            01F          00 AB 01 00 00 00 00 00 
            00A          00 7E 00 00 00 00 00 00 
            009          42 87 00 00 00 00 00 00 
            008          10 0A 00 00 00 00 00 00 
            009          42 87 00 00 00 00 00 00 
            008          00 82 00 00 00 00 00 00 
            00A          00 7E 00 00 00 00 00 00 
            009          42 87 00 00 00 00 00 00 
            008          00 01 01 03 00 01 06 00 
            009          42 87 00 00 00 00 00 00 
            008          02 AA 00 00 00 00 00 00 
            020          00 AB 02 00 00 00 00 00 
            00A          00 7E 00 00 00 00 00 00 
            008          00 83 00 00 00 00 00 00 
            009          42 87 00 00 00 00 00 00 
            009          42 87 00 00 00 00 00 00 
            008          00 84 00 00 00 00 00 00 
            008          03 AA 00 00 00 00 00 00 
            00A          00 7E 00 00 00 00 00 00 
            009          42 87 00 00 00 00 00 00 
            008          00 85 00 00 00 20 20 31 
            009          42 87 00 00 00 00 00 00 
            00A          00 7E 00 00 00 00 00 00 
            009          42 87 00 00 00 00 00 00 
            008          00 86 00 00 00 01 01 05 
            009          42 87 00 00 00 00 00 00 
            008          14 0A 10 05 25 17 43 33 
            00A          00 7E 00 00 00 00 00 00 
            009          42 87 00 00 00 00 00 00 
            008          00 BC 01 00 00 00 00 00 
            009          42 87 00 00 00 00 00 00 
            00A          00 7E 00 00 00 00 00 00 
            008          00 01 01 03 00 01 06 00 
            009          42 87 00 00 00 00 00 00 
            021          00 AB 03 00 00 00 00 00 
            009          42 87 00 00 00 00 00 00 
            008          01 0A 00 00 00 00 00 00 
            022          00 AB 04 00 00 00 00 00 
            009          42 87 00 00 00 00 00 00 
            008          01 AA 00 00 00 00 00 00 
            00A          00 7E 00 00 00 00 00 00 
            01F          00 AB 01 00 00 00 00 00 
            008          02 0A 00 00 00 00 00 00 
            00A          00 7E 00 00 00 00 00 00 
            008          03 0A 00 00 00 00 00 00 
            008          02 AA 00 00 00 00 00 00 
            00A          00 7E 00 00 00 00 00 00 
            009          42 87 00 00 00 00 00 00 
            00A          00 7E 00 00 00 00 00 00 
            008          14 0A 10 05 25 17 43 33 
            009          42 87 00 00 00 00 00 00 
            008          06 0A 00 00 00 00 00 00 
            009          42 87 00 00 00 00 00 00 
            00A          00 7E 00 00 00 00 00 00 
            008          07 0A 00 00 00 00 00 00 
            009          42 87 00 00 00 00 00 00 
            008          03 AA 00 00 00 00 00 00 
            021          00 AB 03 00 00 00 00 00 
            00A          00 7E 00 00 00 00 00 00 
            009          42 87 00 00 00 00 00 00 
            008          08 0A 00 00 00 00 00 00 
            009          42 87 00 00 00 00 00 00 
            008          09 0A 00 00 00 00 00 00 
            008          00 BC 01 00 00 00 00 00 
            008          0A 0A 00 00 00 17 43 33 
            009          42 87 00 00 00 00 00 00 
            008          0B 0A 00 00 00 00 00 00 
            00A          00 7E 00 00 00 00 00 00 
            009          42 87 00 00 00 00 00 00 
            008          0C 0A 00 00 00 00 00 00 
            008          0D 0A 00 00 00 00 00 00 
            009          42 87 00 00 00 00 00 00 
            00A          00 7E 00 00 00 00 00 00 
            008          01 AA 00 00 00 00 00 00 
            009          42 87 00 00 00 00 00 00 
            008          0E 0A 00 00 00 00 00 00 
            009          42 87 00 00 00 00 00 00 
            008          0F 0A 00 00 00 00 00 00 
            008          02 AA 00 00 00 00 00 00 
            009          42 87 00 00 00 00 00 00 
            00A          00 7E 00 00 00 00 00 00 
            009          42 87 00 00 00 00 00 00 
            008          03 AA 00 00 00 00 00 00 
            00A          00 7E 00 00 00 00 00 00 
            020          00 AB 02 00 00 00 00 00 
            008          00 83 00 00 00 00 00 00 
            00A          00 7E 00 00 00 00 00 00 
            009          42 87 00 00 00 00 00 00 
            008          00 84 00 00 00 00 00 00 
            009          42 87 00 00 00 00 00 00 
            008          04 AA 00 00 00 00 00 00 
            022          00 AB 04 00 00 00 00 00 
            009          42 87 00 00 00 00 00 00 
            00A          00 7E 00 00 00 00 00 00 
            008          00 85 00 00 00 20 20 31 
            009          42 87 00 00 00 00 00 00 
            008          00 86 00 00 00 01 01 05 
            00A          00 7E 00 00 00 00 00 00 
            009          42 87 00 00 00 00 00 00 
            008          14 0A 10 05 25 17 43 34 
            009          42 87 00 00 00 00 00 00 
            008          00 BC 01 00 00 00 00 00 
            009          42 87 00 00 00 00 00 00 
            00A          00 7E 00 00 00 00 00 00 
            008          01 AA 00 00 00 00 00 00 
            01F          00 AB 01 00 00 00 00 00 
            009          42 87 00 00 00 00 00 00 
            008          00 01 01 03 00 01 06 00 
            00A          00 7E 00 00 00 00 00 00 
            009          42 87 00 00 00 00 00 00 
            008          01 0A 00 00 00 00 00 00 
            009          42 87 00 00 00 00 00 00 
            008          02 AA 00 00 00 00 00 00 
            020          00 AB 02 00 00 00 00 00 
            009          42 87 00 00 00 00 00 00 
            00A          00 7E 00 00 00 00 00 00 
            008          02 0A 00 00 00 00 00 00 
            009          42 87 00 00 00 00 00 00 
            008          03 0A 00 00 00 00 00 00 
            00A          00 7E 00 00 00 00 00 00 
            009          42 87 00 00 00 00 00 00 
            008          03 AA 00 00 00 00 00 00 
            021          00 AB 03 00 00 00 00 00 
            009          42 87 00 00 00 00 00 00 
            008          04 0A 04 00 00 01 01 20 
            00A          00 7E 00 00 00 00 00 00 
            009          42 87 00 00 00 00 00 00 
            008          05 0A 00 00 00 00 00 00 
            009          42 87 00 00 00 00 00 00 
            008          14 0A 10 05 25 17 43 35 
            00A          00 7E 00 00 00 00 00 00 
            009          42 87 00 00 00 00 00 00 
            008          06 0A 00 00 00 00 00 00 
            009          42 87 00 00 00 00 00 00 
            008          07 0A 00 00 00 00 00 00 
            00A          00 7E 00 00 00 00 00 00 
            009          42 87 00 00 00 00 00 00 
            008          04 AA 00 00 00 00 00 00 
            022          00 AB 04 00 00 00 00 00 
            009          42 87 00 00 00 00 00 00 
            008          08 0A 00 00 00 00 00 00 
            00A          00 7E 00 00 00 00 00 00 
            009          42 87 00 00 00 00 00 00 
            008          09 0A 00 00 00 00 00 00 
            009          42 87 00 00 00 00 00 00 
            008          00 BC 01 00 00 00 00 00 
            00A          00 7E 00 00 00 00 00 00 
            009          42 87 00 00 00 00 00 00 
            008          0A 0A FF CA 00 17 43 35 
            009          42 87 00 00 00 00 00 00 
            008          0B 0A 00 00 00 00 00 00 
            00A          00 7E 00 00 00 00 00 00 
            009          42 87 00 00 00 00 00 00 
            008          01 AA 00 00 00 00 00 00 
            01F          00 AB 01 00 00 00 00 00 
            009          42 87 00 00 00 00 00 00 
            008          0C 0A 00 00 00 00 00 00 
            00A          00 7E 00 00 00 00 00 00 
            009          42 87 00 00 00 00 00 00 
            008          0D 0A 00 00 00 00 00 00 
            009          42 87 00 00 00 00 00 00 
            008          02 AA 00 00 00 00 00 00 
            00A          00 7E 00 00 00 00 00 00 
            009          42 87 00 00 00 00 00 00 
            008          0E 0A 00 00 00 00 00 00 
            020          00 AB 02 00 00 00 00 00 
            009          42 87 00 00 00 00 00 00 
            008          0F 0A 00 00 00 00 00 00 
            00A          00 7E 00 00 00 00 00 00 
            009          42 87 00 00 00 00 00 00 
            008          03 AA 00 00 00 00 00 00 
            021          00 AB 03 00 00 00 00 00 
            009          42 87 00 00 00 00 00 00 
            008          10 0A 00 00 00 00 00 00 
            009          42 87 00 00 00 00 00 00 
            008          00 82 00 00 00 00 00 00 
            00A          00 7E 00 00 00 00 00 00 
            020          00 AB 02 00 00 00 00 00 
            009          42 87 00 00 00 00 00 00 
            008          04 AA 00 00 00 00 00 00 
            022          00 AB 04 00 00 00 00 00 
            00A          00 7E 00 00 00 00 00 00 
            009          42 87 00 00 00 00 00 00 
            008          00 83 00 00 00 00 00 00 
            009          42 87 00 00 00 00 00 00 
            008          00 84 00 00 00 00 00 00 
            00A          00 7E 00 00 00 00 00 00 
            009          42 87 00 00 00 00 00 00 
            008          01 AA 00 00 00 00 00 00 
            01F          00 AB 01 00 00 00 00 00 
            009          42 87 00 00 00 00 00 00 
            008          00 85 00 00 00 20 20 31 
            009          42 87 00 00 00 00 00 00 
            00A          00 7E 00 00 00 00 00 00 
            008          00 86 00 00 00 01 01 05 
            009          42 87 00 00 00 00 00 00 
            008          14 0A 10 05 25 17 43 36 
            00A          00 7E 00 00 00 00 00 00 
            009          42 87 00 00 00 00 00 00 
            008          00 BC 01 00 00 00 00 00 
            009          42 87 00 00 00 00 00 00 
            008          02 AA 00 00 00 00 00 00 
            020          00 AB 02 00 00 00 00 00 
            008          00 01 01 03 00 01 06 00 
            009          42 87 00 00 00 00 00 00 
            00A          00 7E 00 00 00 00 00 00 
            008          01 0A 00 00 00 00 00 00 
            009          42 87 00 00 00 00 00 00 
            00A          00 7E 00 00 00 00 00 00 
            009          42 87 00 00 00 00 00 00 
            021          00 AB 03 00 00 00 00 00 
            009          42 87 00 00 00 00 00 00 
            008          0A 0A FF D1 00 17 43 36 
            00A          00 7E 00 00 00 00 00 00 
            009          42 87 00 00 00 00 00 00 
            008          04 0A 04 00 00 00 01 20 
            009          42 87 00 00 00 00 00 00 
            008          0A 0A 00 00 00 17 43 36 
            00A          00 7E 00 00 00 00 00 00 
            009          42 87 00 00 00 00 00 00 
            008          00 01 01 81 02 01 04 40 
            009          42 87 00 00 00 00 00 00 
            008          0A 0A 00 00 00 17 43 37 
            00A          00 7E 00 00 00 00 00 00 
            009          42 87 00 00 00 00 00 00 
            008          0A 0A 00 00 00 17 43 37 
            009          42 87 00 00 00 00 00 00 
            008          02 0A 00 00 00 00 00 00 
            00A          00 7E 00 00 00 00 00 00 
            009          42 87 00 00 00 00 00 00 
            008          03 0A 00 00 00 00 00 00 
            009          42 87 00 00 00 00 00 00 
            008          04 AA 00 00 00 00 00 00 
            022          00 AB 04 00 00 00 00 00 
            00A          00 7E 00 00 00 00 00 00 
            009          42 87 00 00 00 00 00 00 
            008          04 0A 04 00 00 00 01 20 
            009          42 87 00 00 00 00 00 00 
            009          42 87 00 00 00 00 00 00 
            009          42 87 00 00 00 00 00 00 
            008          00 01 01 80 02 01 04 40 
            00A          00 7E 00 00 00 00 00 00 
            009          42 87 00 00 00 00 00 00 
            008          05 0A 00 00 00 00 00 00 
            009          42 87 00 00 00 00 00 00 
            008          14 0A 10 05 25 17 43 37 
            00A          00 7E 00 00 00 00 00 00 
            009          42 87 00 00 00 00 00 00 
            008          06 0A 00 00 00 00 00 00 
            009          42 87 00 00 00 00 00 00 
            008          07 0A 00 00 00 00 00 00 
            00A          00 7E 00 00 00 00 00 00 
            009          42 87 00 00 00 00 00 00 
            008          01 AA 00 00 00 00 00 00 
            01F          00 AB 01 00 00 00 00 00 
            009          42 87 00 00 00 00 00 00 
            008          08 0A 00 00 00 00 00 00 
            00A          00 7E 00 00 00 00 00 00 
            009          42 87 00 00 00 00 00 00 
            008          09 0A 00 00 00 00 00 00 
            009          42 87 00 00 00 00 00 00 
            008          01 BC 01 00 00 00 00 00 
            00A          00 7E 00 00 00 00 00 00 
            009          42 87 00 00 00 00 00 00 
            008          0A 0A 00 00 00 17 43 37 
            009          42 87 00 00 00 00 00 00 
            008          0B 0A 00 00 00 00 00 00 
            00A          00 7E 00 00 00 00 00 00 
            009          42 87 00 00 00 00 00 00 
            008          02 AA 00 00 00 00 00 00 
            020          00 AB 02 00 00 00 00 00 
            009          42 87 00 00 00 00 00 00 
            008          0C 0A 00 00 00 00 00 00 
            00A          00 7E 00 00 00 00 00 00 
            009          42 87 00 00 00 00 00 00 
            008          0D 0A 00 00 00 00 00 00 
            009          42 87 00 00 00 00 00 00 
            008          0A 0A 00 00 00 17 43 38 
            00A          00 7E 00 00 00 00 00 00 
            009          42 87 00 00 00 00 00 00 
            008          03 AA 00 00 00 00 00 00 
            021          00 AB 03 00 00 00 00 00 
            009          42 87 00 00 00 00 00 00 
            008          0E 0A 00 00 00 00 00 00 
            00A          00 7E 00 00 00 00 00 00 
            009          42 87 00 00 00 00 00 00 
            008          0F 0A 00 00 00 00 00 00 
            009          42 87 00 00 00 00 00 00 
            008          04 AA 00 00 00 00 00 00 
            022          00 AB 04 00 00 00 00 00 
            00A          00 7E 00 00 00 00 00 00 
            009          42 87 00 00 00 00 00 00 
            008          10 0A 00 00 00 00 00 00 
            009          42 87 00 00 00 00 00 00 
            008          00 82 00 00 00 00 00 00 
            00A          00 7E 00 00 00 00 00 00 
            009          42 87 00 00 00 00 00 00 
            008          01 AA 00 00 00 00 00 00 
            01F          00 AB 01 00 00 00 00 00 
            009          42 87 00 00 00 00 00 00 
            008          00 83 00 00 00 00 00 00 
            00A          00 7E 00 00 00 00 00 00 
            009          42 87 00 00 00 00 00 00 
            008          00 84 00 00 00 00 00 00 
            009          42 87 00 00 00 00 00 00 
            008          02 AA 00 00 00 00 00 00 
            020          00 AB 02 00 00 00 00 00 
            00A          00 7E 00 00 00 00 00 00 
            009          42 87 00 00 00 00 00 00 
            008          00 85 00 00 00 20 20 31 
            009          42 87 00 00 00 00 00 00 
            008          00 86 00 00 00 01 01 05 
            00A          00 7E 00 00 00 00 00 00 
            009          42 87 00 00 00 00 00 00 
            008          14 0A 10 05 25 17 43 38 
            009          42 87 00 00 00 00 00 00 
            008          01 BC 01 00 00 00 00 00 
            00A          00 7E 00 00 00 00 00 00 
            009          42 87 00 00 00 00 00 00 
            008          03 AA 00 00 00 00 00 00 
            021          00 AB 03 00 00 00 00 00 
            009          42 87 00 00 00 00 00 00 
            008          00 01 01 80 02 01 04 40 
            00A          00 7E 00 00 00 00 00 00 
            009          42 87 00 00 00 00 00 00 
            008          01 0A 00 00 00 00 00 00 
            009          42 87 00 00 00 00 00 00 
            008          04 AA 00 00 00 00 00 00 
            022          00 AB 04 00 00 00 00 00 
            00A          00 7E 00 00 00 00 00 00 
            009          42 87 00 00 00 00 00 00 
            008          02 0A 00 00 00 00 00 00 
            009          42 87 00 00 00 00 00 00 
            008          03 0A 00 00 00 00 00 00 
            00A          00 7E 00 00 00 00 00 00 
            009          42 87 00 00 00 00 00 00 
            008          0A 0A 00 00 00 17 43 39 
            009          42 87 00 00 00 00 00 00 
            008          01 AA 00 00 00 00 00 00 
            01F          00 AB 01 00 00 00 00 00 
            00A          00 7E 00 00 00 00 00 00 
            009          42 87 00 00 00 00 00 00 
            008          04 0A 04 00 00 00 01 20 
            009          42 87 00 00 00 00 00 00 
            008          05 0A 00 00 00 00 00 00 
            00A          00 7E 00 00 00 00 00 00 
            009          42 87 00 00 00 00 00 00 
            008          14 0A 10 05 25 17 43 39 
            009          42 87 00 00 00 00 00 00 
            008          06 0A 00 00 00 00 00 00 
            00A          00 7E 00 00 00 00 00 00 
            009          42 87 00 00 00 00 00 00 
            008          07 0A 00 00 00 00 00 00 
            009          42 87 00 00 00 00 00 00 
            008          02 AA 00 00 00 00 00 00 
            020          00 AB 02 00 00 00 00 00 
            00A          00 7E 00 00 00 00 00 00 
            009          42 87 00 00 00 00 00 00 
            008          08 0A 00 00 00 00 00 00 
            009          42 87 00 00 00 00 00 00 
            008          09 0A 00 00 00 00 00 00 
            00A          00 7E 00 00 00 00 00 00 
            009          42 87 00 00 00 00 00 00 
            008          01 BC 01 00 00 00 00 00 
            009          42 87 00 00 00 00 00 00 
            008          0A 0A 00 00 00 17 43 39 
            00A          00 7E 00 00 00 00 00 00 
            009          42 87 00 00 00 00 00 00 
            008          0B 0A 00 00 00 00 00 00 
            009          42 87 00 00 00 00 00 00 
            008          03 AA 00 00 00 00 00 00 
            021          00 AB 03 00 00 00 00 00 
            00A          00 7E 00 00 00 00 00 00 
            009          42 87 00 00 00 00 00 00 
            008          0C 0A 00 00 00 00 00 00 
            009          42 87 00 00 00 00 00 00 
            008          0D 0A 00 00 00 00 00 00 
            00A          00 7E 00 00 00 00 00 00 
            009          42 87 00 00 00 00 00 00 
            008          04 AA 00 00 00 00 00 00 
            022          00 AB 04 00 00 00 00 00 
            009          42 87 00 00 00 00 00 00 
            008          0E 0A 00 00 00 00 00 00 
            00A          00 7E 00 00 00 00 00 00 
            009          42 87 00 00 00 00 00 00 
            008          0F 0A 00 00 00 00 00 00 
            009          42 87 00 00 00 00 00 00 
            008          01 AA 00 00 00 00 00 00 
            01F          00 AB 01 00 00 00 00 00 
            00A          00 7E 00 00 00 00 00 00 
            009          42 87 00 00 00 00 00 00 
            008          0A 0A 00 00 00 17 43 40 
            009          42 87 00 00 00 00 00 00 
            008          10 0A 00 00 00 00 00 00 
            00A          00 7E 00 00 00 00 00 00 
            009          42 87 00 00 00 00 00 00 
            008          00 82 00 00 00 00 00 00 
            009          42 87 00 00 00 00 00 00 
            008          02 AA 00 00 00 00 00 00 
            020          00 AB 02 00 00 00 00 00 
            00A          00 7E 00 00 00 00 00 00 
            009          42 87 00 00 00 00 00 00 
            008          00 83 00 00 00 00 00 00 
            009          42 87 00 00 00 00 00 00 
            008          00 84 00 00 00 00 00 00 
            00A          00 7E 00 00 00 00 00 00 
            009          42 87 00 00 00 00 00 00 
            008          03 AA 00 00 00 00 00 00 
            021          00 AB 03 00 00 00 00 00 
            009          42 87 00 00 00 00 00 00 
            008          00 85 00 00 00 20 20 31 
            00A          00 7E 00 00 00 00 00 00 
            009          42 87 00 00 00 00 00 00 
            008          00 86 00 00 00 01 01 05 
            009          42 87 00 00 00 00 00 00 
            008          14 0A 10 05 25 17 43 40 
            00A          00 7E 00 00 00 00 00 00 
            009          42 87 00 00 00 00 00 00 
            008          01 BC 01 00 00 00 00 00 
            009          42 87 00 00 00 00 00 00 
            008          04 AA 00 00 00 00 00 00 
            022          00 AB 04 00 00 00 00 00 
            00A          00 7E 00 00 00 00 00 00 
            009          42 87 00 00 00 00 00 00 
            008          00 01 01 80 02 01 04 40 
            009          42 87 00 00 00 00 00 00 
            008          01 0A 00 00 00 00 00 00 
            00A          00 7E 00 00 00 00 00 00 
            009          42 87 00 00 00 00 00 00 
            008          01 AA 00 00 00 00 00 00 
            01F          00 AB 01 00 00 00 00 00 
            009          42 87 00 00 00 00 00 00 
            008          02 0A 00 00 00 00 00 00 
            00A          00 7E 00 00 00 00 00 00 
            009          42 87 00 00 00 00 00 00 
            008          03 0A 00 00 00 00 00 00 
            009          42 87 00 00 00 00 00 00 
            008          02 AA 00 00 00 00 00 00 
            020          00 AB 02 00 00 00 00 00 
            00A          00 7E 00 00 00 00 00 00 
            009          42 87 00 00 00 00 00 00 
            008          04 0A 04 00 00 00 01 20 
            009          42 87 00 00 00 00 00 00 
            008          05 0A 00 00 00 00 00 00 
            00A          00 7E 00 00 00 00 00 00 
            009          42 87 00 00 00 00 00 00 
            008          0A 0A 00 00 00 17 43 41 
            009          42 87 00 00 00 00 00 00 
            008          14 0A 10 05 25 17 43 41 
