249      0D 00 AE 10            202
748      0D 00 AE 05 00 02            50
749      0D 00 AE 05 00 02            50
749      0D 00 AE 04 01 00            49
748      0D 00 AE 04 01 00            49
742      1D 00 50 FF 08            18
740      1D 00 48 FF 00 FF 02            17
781      11 00 50 10 10 03            13
781      11 00 50 11 11 66            10
781      11 00 50 0F 0E 9E            9
781      11 00 50 11 10 F0            8
781      11 00 50 0F 0F 16            8
748      0D 00 AE 03 33 33            7
749      0D 00 AE 03 33 33            7
781      11 00 50 10 10 7A            5
748      0D 00 AE 05 00 01            5
749      0D 00 AE 05 00 01            5
600      1D 00 40 9E 64 00 10            5
748      0D 00 AE 03 4F 32            5
500      1D 00 40 9E 64 00 10            5
749      0D 00 AE 03 4F 32            5
600      1D 00 40 9E D8 00 10            4
740      1D 00 48 FF 00 FF 01            4
749      0D 00 AE 05 00 00            4
748      0D 00 AE 03 4F 6C            4
749      0D 00 AE 03 4F 6C            4
500      1D 00 40 9E D8 00 10            4
781      11 00 50 0E 0E 27            4
600      1D 00 40 66 66 00 20            4
500      1D 00 40 66 66 00 20            4
748      0D 00 AE 05 00 00            4
749      0D 00 AE 04 02 00            4
781      11 00 50 11 12 EE            4
748      0D 00 AE 04 02 00            4
781      11 00 50 10 0F 8D            4
742      1D 00 50 FF 04            3
742      1D 00 20 FF 08            3
749      0D 00 AE 04 00 00            3
749      09 00 AE 40 01 00 00            3
748      0D 00 AE 04 00 00            3
749      05 00 AE 40 01 00 00            3
200      19 00 01 04 04            3
200      15 00 01 04 04            3
741      1D 00 41            3
740      1D 00 48 FF 00 FF 00            3
742      1D 00 20 FF 04            3
741      1D 00 42            3
781      11 00 50 10 12 77            3
740      1D 00 47 11 16 9E 64 00            3
749      0D 00 AE 03 6C 33            2
600      1D 00 40 D8 66 00 10            2
740      1D 00 47 11 0C 9E D8 00            2
748      0D 00 AE 03 6C 33            2
500      1D 00 40 D8 66 00 10            2
740      1D 00 47 11 21 D8 66 00            2
740      1D 00 47 10 0C 9E D8 00            2
249      0D 00 AE 31 73 0D 00 00            2
600      1D 00 40 6E 64 00 10            2
781      11 00 50 12 11 DB            2
740      1D 00 47 10 16 9E 64 00            2
740      1D 00 47 11 1A 68 64 00            2
600      1D 00 40 68 64 00 10            2
500      1D 00 40 68 64 00 10            2
749      0D 00 AE 03 34 32            2
748      0D 00 AE 03 34 32            2
748      0D 00 AE 03 37 6C            2
749      0D 00 AE 03 37 6C            2
500      1D 00 40 6E D8 00 10            2
600      1D 00 40 6E D8 00 10            2
740      1D 00 47 11 13 6E D8 00            2
740      1D 00 47 11 1D 6E 64 00            2
740      1D 00 47 11 0D D8 D8 00            2
500      1D 00 40 6E 64 00 10            2
748      0D 00 AE 03 34 6C            2
749      0D 00 AE 03 34 6C            2
500      1D 00 40 68 D8 00 10            2
600      1D 00 40 68 D8 00 10            2
740      1D 00 47 11 10 68 D8 00            2
749      0D 00 AE 03 37 32            2
748      0D 00 AE 03 37 32            2
748      0D 00 AE 03 6C 6C            2
749      0D 00 AE 03 6C 6C            2
500      1D 00 40 D8 D8 00 10            2
600      1D 00 40 D8 D8 00 10            2
740      1D 00 47 20 23 66 66 00            2
748      0D 00 AE 03 35 00            2
500      1D 00 40 6A 00 00 10            2
740      1D 00 47 11 04 64 00 00            2
600      1D 00 40 6A 00 00 10            2
740      1D 00 47 11 07 6A 00 00            2
740      1D 00 47 21 23 66 66 00            2
600      1D 00 40 64 00 00 10            2
749      09 00 AE 40 00 00 00            2
740      1D 00 47 11 0A 70 00 00            2
600      1D 00 40 70 00 00 10            2
500      1D 00 40 70 00 00 10            2
749      0D 00 AE 03 38 00            2
748      0D 00 AE 03 38 00            2
749      05 00 AE 40 00 00 00            2
749      09 00 AE 40 02 00 00            2
500      1D 00 40 64 00 00 10            2
749      05 00 AE 40 02 00 00            2
749      0D 00 AE 03 32 00            2
748      0D 00 AE 03 32 00            2
749      0D 00 AE 03 6C 00            2
749      0D 00 AE 03 35 00            2
740      1D 00 47 00 23 66 66 00            2
748      0D 00 AE 03 6C 00            2
600      1D 00 40 66 66 00 00            2
500      1D 00 40 66 66 00 00            2
200      19 00 01 08 08            2
200      15 00 01 08 08            2
748      0D 00 AE 03 33 32            1
749      0D 00 AE 03 33 32            1
200      15 00 01 08 00            1
500      1D 00 40 66 64 00 10            1
100      1D 00 71 FF 02 B2            1
600      1D 00 40 64 64 00 10            1
749      05 23 AE 40 00 00 00            1
200      15 23 01 08 00            1
100      1D 00 73 FF 08 B1            1
180      15 00 32 01 30 40            1
100      1D 00 73 FF 08 A8            1
740      1D 00 47 11 1B 6A 64 00            1
600      1D 00 40 6A 64 00 10            1
100      1D 00 73 FF 08 B0            1
500      1D 00 40 6A 64 00 10            1
749      0D 00 AE 03 35 32            1
500      1D 00 40 D8 64 00 10            1
100      1D 00 73 FF 08 A4            1
781      11 00 50 0C 0C 45            1
781      11 00 50 0C 0B CB            1
100      1D 00 71 FF 10 A5            1
200      15 16 01 04 00            1
749      05 16 AE 40 00 00 00            1
100      1D 00 E9 01 00 A6            1
100      1D 00 73 FF 08 A7            1
740      1D 00 47 11 17 D8 64 00            1
600      1D 00 40 D8 64 00 10            1
200      19 00 01 08 00            1
749      0D 00 AE 03 6C 32            1
748      0D 00 AE 03 6C 32            1
740      1D 00 47 11 18 64 64 00            1
741      1D 00 40 32 87            1
500      1D 00 40 64 64 00 10            1
749      0D 00 AE 03 32 32            1
748      0D 00 AE 03 32 32            1
740      1D 00 47 11 19 66 64 00            1
600      1D 00 40 66 64 00 10            1
100      1D 00 71 FF 00 B3            1
200      19 00 01 04 00            1
749      05 23 AE 40 02 00 00            1
749      0D 00 AE 03 39 32            1
748      0D 00 AE 03 39 32            1
740      1D 00 47 11 20 9E 66 00            1
600      1D 00 40 9E 66 00 10            1
500      1D 00 40 9E 66 00 10            1
200      15 23 01 08 08            1
749      0D 00 AE 03 4F 33            1
200      15 23 01 02 00            1
748      0D 00 AE 03 4F 33            1
100      1D 00 71 FF 82 AB            1
100      1D 00 73 FF 08 AC            1
100      1D 00 73 FF 08 B4            1
100      1D 00 73 FF 08 AA            1
249      0D 00 AE 0D 1F 25 00 00            1
740      1D 00 47 11 22 64 66 00            1
600      1D 00 40 64 66 00 10            1
500      1D 00 40 64 66 00 10            1
749      0D 00 AE 03 32 33            1
748      0D 00 AE 03 32 33            1
740      1D 00 47 11 23 66 66 00            1
200      15 00 01 04 00            1
500      1D 00 40 66 66 00 10            1
180      14 00 34 08 E8 3C            1
740      1D 00 47 11 1C 6C 64 00            1
600      1D 00 40 6C 64 00 10            1
500      1D 00 40 6C 64 00 10            1
749      0D 00 AE 03 36 32            1
748      0D 00 AE 03 36 32            1
100      1D 00 73 FF 04 AF            1
180      15 00 32 01 31 3F            1
600      1D 00 40 66 66 00 10            1
180      14 00 34 08 E8 3E            1
100      1D 00 73 FF 04 AE            1
180      14 00 34 08 E0 3D            1
748      0D 00 AE 03 35 32            1
180      14 00 34 08 E0 3B            1
100      1D 00 E9 01 01 AD            1
100      1D 00 73 FF 08 A9            1
740      1D 00 47 11 1E 70 64 00            1
600      1D 00 40 70 64 00 10            1
500      1D 00 40 70 64 00 10            1
749      0D 00 AE 03 38 32            1
748      0D 00 AE 03 38 32            1
740      1D 00 47 11 1F 72 64 00            1
600      1D 00 40 72 64 00 10            1
500      1D 00 40 72 64 00 10            1
200      15 0C 01 04 04            1
748      0D 00 AE 03 36 00            1
740      1D 00 47 11 09 6E 00 00            1
600      1D 00 40 6E 00 00 10            1
500      1D 00 40 6E 00 00 10            1
749      0D 00 AE 03 37 00            1
748      0D 00 AE 03 37 00            1
2A3      15 23 00 02 02 03            1
2A3      15 23 00 02 00 03            1
100      1D 00 73 FF 08 91            1
740      1D 00 47 11 0B 72 00 00            1
600      1D 00 40 72 00 00 10            1
500      1D 00 40 72 00 00 10            1
749      0D 00 AE 03 39 00            1
748      0D 00 AE 03 39 00            1
200      15 0C 01 01 00            1
749      0D 00 AE 03 36 00            1
749      05 0C AE 40 01 00 00            1
100      1D 00 71 FF 90 92            1
100      1D 00 E9 01 01 93            1
180      14 00 34 08 E0 29            1
180      14 00 34 08 E8 2A            1
180      14 00 34 08 E0 2B            1
180      14 00 34 08 E8 2C            1
100      1D 00 73 FF 08 94            1
100      1D 00 73 FF 04 95            1
180      14 00 34 08 E0 2D            1
180      14 00 34 08 E8 2E            1
741      1D 00 40 13 25            1
249      0D 00 AE 0D 1E 25 00 00            1
180      15 00 32 01 31 2F            1
600      1D 00 40 66 00 00 10            1
781      11 00 50 11 13 63            1
740      1D 00 47 00 03 D8 00 00            1
600      1D 00 40 D8 00 00 00            1
500      1D 00 40 D8 00 00 00            1
100      1D 00 73 FF 08 8C            1
28C      15 0C 00 01 01 03            1
100      1D 00 71 FF 10 8D            1
740      1D 00 47 10 03 D8 00 00            1
600      1D 00 40 D8 00 00 10            1
500      1D 00 40 D8 00 00 10            1
100      1D 00 E9 01 00 8E            1
28C      15 0C 00 01 00 03            1
100      1D 00 73 FF 08 8F            1
740      1D 00 47 11 05 66 00 00            1
100      1D 00 73 FF 04 96            1
500      1D 00 40 66 00 00 10            1
749      0D 00 AE 03 33 00            1
748      0D 00 AE 03 33 00            1
296      15 16 00 01 01 03            1
296      15 16 00 01 00 03            1
740      1D 00 47 11 06 68 00 00            1
600      1D 00 40 68 00 00 10            1
500      1D 00 40 68 00 00 10            1
749      0D 00 AE 03 34 00            1
748      0D 00 AE 03 34 00            1
100      1D 00 73 FF 08 90            1
740      1D 00 47 11 08 6C 00 00            1
600      1D 00 40 6C 00 00 10            1
500      1D 00 40 6C 00 00 10            1
100      1D 00 E9 01 01 A0            1
740      1D 00 47 11 14 70 D8 00            1
600      1D 00 40 70 D8 00 10            1
500      1D 00 40 70 D8 00 10            1
749      0D 00 AE 03 38 6C            1
748      0D 00 AE 03 38 6C            1
740      1D 00 47 11 15 72 D8 00            1
600      1D 00 40 72 D8 00 10            1
500      1D 00 40 72 D8 00 10            1
749      0D 00 AE 03 39 6C            1
748      0D 00 AE 03 39 6C            1
200      15 16 01 01 00            1
200      15 16 01 04 04            1
749      05 16 AE 40 01 00 00            1
100      1D 00 71 FF 90 9E            1
100      1D 00 73 FF 08 9F            1
100      1D 00 73 FF 08 9D            1
180      14 00 34 08 E0 31            1
180      14 00 34 08 E8 32            1
180      14 00 34 08 E0 33            1
180      14 00 34 08 E8 34            1
180      14 00 34 08 E0 35            1
180      14 00 34 08 E8 36            1
100      1D 00 73 FF 04 A1            1
180      14 00 34 08 E0 37            1
180      14 00 34 08 E8 38            1
249      0D 00 AE 0D FF FF 00 00            1
741      1D 00 40 20 CB            1
180      15 00 32 01 31 39            1
100      1D 00 73 FF 04 A2            1
100      1D 00 73 FF 08 A3            1
600      1D 00 40 66 D8 00 10            1
100      1D 00 73 FF 08 97            1
180      15 00 32 01 30 30            1
100      1D 00 73 FF 08 98            1
100      1D 00 71 FF 10 99            1
200      15 0C 01 04 00            1
749      05 0C AE 40 00 00 00            1
100      1D 00 E9 01 00 9A            1
100      1D 00 73 FF 08 9B            1
740      1D 00 47 11 0E 64 D8 00            1
600      1D 00 40 64 D8 00 10            1
500      1D 00 40 64 D8 00 10            1
749      0D 00 AE 03 32 6C            1
748      0D 00 AE 03 32 6C            1
740      1D 00 47 11 0F 66 D8 00            1
180      15 00 32 01 30 3A            1
500      1D 00 40 66 D8 00 10            1
749      0D 00 AE 03 33 6C            1
748      0D 00 AE 03 33 6C            1
100      1D 00 73 FF 08 9C            1
740      1D 00 47 11 11 6A D8 00            1
600      1D 00 40 6A D8 00 10            1
500      1D 00 40 6A D8 00 10            1
749      0D 00 AE 03 35 6C            1
748      0D 00 AE 03 35 6C            1
740      1D 00 47 11 12 6C D8 00            1
600      1D 00 40 6C D8 00 10            1
500      1D 00 40 6C D8 00 10            1
749      0D 00 AE 03 36 6C            1
748      0D 00 AE 03 36 6C            1
