009      42 87 00 00 00 00 00 00            7594
00A      00 7E 00 00 00 00 00 00            4155
009      41 87 00 00 00 00 00 00            583
01F      00 AB 01 00 00 00 00 00            502
008      01 AA 00 00 00 00 00 00            502
008      03 AA 00 00 00 00 00 00            501
008      02 AA 00 00 00 00 00 00            501
021      02 AB 03 00 00 00 00 00            501
008      04 AA 00 00 00 00 00 00            501
022      00 AB 04 00 00 00 00 00            501
020      00 AB 02 00 00 00 00 00            499
008      0B 0A 00 00 00 00 00 00            223
008      0C 0A 00 00 00 00 00 00            223
008      0E 0A 00 00 00 00 00 00            223
008      0D 0A 00 00 00 00 00 00            223
008      05 0A 00 00 00 00 00 00            223
008      06 0A 00 00 00 00 00 00            223
008      0F 0A 00 00 00 00 00 00            223
008      08 0A 00 00 00 00 00 00            223
008      10 0A 00 00 00 00 00 00            223
008      00 84 00 00 00 00 00 00            222
008      00 83 00 00 00 00 00 00            222
008      00 82 00 01 00 00 00 00            222
008      01 0A 00 00 00 00 00 00            220
008      02 0A 00 00 00 00 00 00            211
008      09 0A 00 00 00 00 00 00            205
008      07 0A 00 00 00 00 00 00            205
008      03 0A 00 00 00 00 00 00            204
008      01 BC 01 00 00 00 00 00            181
009      43 87 00 00 00 00 00 00            153
008      01 BC 02 00 00 00 00 00            111
008      00 85 00 00 00 20 20 31            106
008      00 86 00 00 00 01 01 05            103
008      04 0A 04 00 00 00 01 13            97
008      00 01 01 00 00 01 0C 00            87
008      00 85 00 00 00 20 20 32            76
008      00 86 00 00 00 02 01 05            75
008      01 BC 04 00 00 00 00 00            70
008      04 0A 04 00 00 00 02 13            67
008      00 01 02 00 00 02 0C 00            50
008      00 85 00 00 00 20 20 34            45
008      00 86 00 00 00 04 01 05            42
008      04 0A 04 00 00 00 04 13            40
008      00 BC 02 00 00 00 00 00            35
008      00 01 04 00 00 04 0C 00            33
008      00 82 00 00 00 00 00 00            26
008      04 0A 04 00 00 01 02 13            23
008      00 BC 01 00 00 00 00 00            22
008      00 01 01 01 00 01 0C 00            19
008      00 01 02 04 00 02 0C 00            19
008      02 0A 02 00 00 00 00 00            18
008      00 BC 04 00 00 00 00 00            16
008      03 0A 01 00 00 00 00 00            15
008      07 0A 08 00 00 00 00 00            14
008      09 0A 01 00 00 00 00 00            14
008      07 0A 01 00 00 00 00 00            14
008      03 0A 08 00 00 00 00 00            14
008      00 01 02 04 00 02 2C 00            14
008      09 0A 08 00 00 00 00 00            14
008      04 0A 04 00 00 01 01 13            13
008      00 01 01 01 00 01 1C 00            13
008      10 82 00 01 00 00 00 00            12
008      00 01 04 04 00 04 2C 00            11
008      00 BC 03 00 00 00 00 00            11
008      00 86 00 00 00 02 01 02            11
008      04 0A 04 00 00 01 04 13            11
008      00 01 04 04 00 04 0C 00            11
008      00 85 00 00 00 20 20 33            10
008      08 82 00 01 00 00 00 00            10
008      00 01 01 02 00 01 0D 00            9
008      00 86 00 00 00 03 01 05            9
008      00 86 00 00 00 02 01 00            9
008      00 01 02 03 00 02 02 00            8
008      00 01 02 02 00 02 01 00            8
008      01 82 00 01 00 00 00 00            8
008      04 0A 04 00 00 01 03 13            8
008      00 86 00 00 00 02 01 01            8
008      00 86 00 00 00 01 01 00            7
008      00 01 02 03 00 02 0E 00            7
008      00 86 00 00 00 01 01 02            7
008      01 82 00 00 00 00 00 00            7
008      00 01 02 01 00 02 1C 00            6
008      00 01 01 09 00 01 0C 00            6
008      00 86 00 00 00 01 01 01            6
008      02 82 00 00 00 00 00 00            6
008      02 82 00 01 00 00 00 00            6
008      04 0A 05 00 00 01 01 13            6
020      02 97 00 00 00 00 00 00            6
008      04 0A 04 40 00 00 02 13            6
008      00 01 01 03 00 01 4E 00            6
008      00 86 00 00 00 04 01 00            5
008      01 0A 02 00 00 00 00 00            5
008      00 01 04 03 00 04 0E 00            5
008      00 01 02 03 00 02 8E 00            5
008      00 01 03 02 00 03 01 00            5
008      04 0A 06 00 00 01 02 13            5
008      00 86 00 00 00 04 01 02            5
008      00 01 02 01 00 02 0C 00            5
008      00 01 01 02 00 01 01 00            4
008      00 01 01 09 00 01 1C 00            4
008      00 01 01 03 00 01 46 00            4
008      04 0A 06 00 00 01 04 13            4
008      00 01 04 02 00 04 8D 00            4
008      00 01 03 03 00 03 02 00            4
008      00 01 02 14 00 02 0C 00            4
008      00 01 01 04 00 01 1E 00            4
008      00 01 02 0C 00 02 0C 00            4
008      00 86 00 00 00 04 01 01            4
008      04 0A 04 40 00 00 01 13            4
008      04 0A 04 20 00 00 02 13            4
008      00 01 01 11 00 01 0C 00            4
008      00 01 01 03 00 01 02 00            4
008      00 01 02 03 00 02 0A 00            4
008      00 01 01 03 00 01 5E 00            4
008      04 0A 04 20 00 00 01 13            3
008      00 01 01 11 00 01 1C 00            3
008      00 01 01 10 00 01 0C 00            3
008      00 01 01 02 00 01 05 00            3
008      00 01 02 02 00 02 09 00            3
00A      01 6E 01 00 00 00 00 00            3
008      00 01 02 02 00 02 0D 00            3
008      00 01 02 02 00 02 05 00            3
00A      00 6E 01 00 00 00 00 00            3
008      00 01 02 02 00 02 4D 00            3
008      00 01 04 02 00 04 A9 00            3
008      00 01 04 02 00 04 AD 00            3
008      00 01 04 0C 00 04 0C 00            3
008      04 0A 04 20 00 00 04 13            3
020      02 97 01 00 00 00 00 00            3
008      00 01 01 03 00 01 06 00            3
008      00 01 01 04 00 01 0E 00            3
008      00 01 04 03 00 04 0A 00            3
008      00 01 04 03 00 04 02 00            3
008      00 01 01 03 00 01 56 00            3
008      00 01 02 03 00 02 A6 00            3
008      00 01 02 04 00 02 2E 00            3
008      00 01 02 0C 00 02 2C 00            3
008      00 01 02 14 00 02 2C 00            3
008      00 01 02 10 00 02 0C 00            3
008      14 0A 10 11 12 15 46 24            2
008      04 0A 00 00 00 00 01 13            2
008      14 0A 10 11 12 15 46 07            2
008      14 0A 10 11 12 15 45 16            2
008      04 0A 04 40 00 00 04 13            2
008      00 01 04 14 00 04 0C 00            2
008      00 01 02 03 00 02 86 00            2
008      14 0A 10 11 12 15 47 03            2
008      00 01 02 03 00 02 AE 00            2
008      14 0A 10 11 12 15 45 22            2
008      14 0A 10 11 12 15 47 08            2
008      00 01 02 04 00 02 0E 00            2
008      14 0A 10 11 12 15 47 01            2
008      14 0A 10 11 12 15 45 14            2
008      00 01 04 0C 00 04 2C 00            2
008      00 01 04 01 00 04 2D 00            2
008      00 01 04 01 00 04 0D 00            2
008      14 0A 10 11 12 15 46 49            2
008      14 0A 10 11 12 15 45 18            2
008      14 0A 10 11 12 15 46 33            2
008      00 01 04 02 00 04 89 00            2
008      00 01 04 02 00 04 09 00            2
008      00 01 04 02 00 04 01 00            2
020      02 96 00 00 00 00 00 00            2
008      14 0A 10 11 12 15 45 02            2
008      14 0A 10 11 12 15 46 26            2
008      14 0A 10 11 12 15 46 31            2
008      14 0A 10 11 12 15 46 47            2
008      14 0A 10 11 12 15 46 12            2
008      14 0A 10 11 12 15 46 45            2
008      14 0A 10 11 12 15 45 48            2
008      00 01 04 10 00 04 0C 00            2
008      14 0A 10 11 12 15 45 58            2
00A      00 6E 04 00 00 00 00 00            2
008      00 01 04 14 00 04 2C 00            2
008      14 0A 10 11 12 15 45 29            2
008      14 0A 10 11 12 15 45 46            2
008      14 0A 10 11 12 15 47 10            2
00A      01 6E 04 00 00 00 00 00            2
008      14 0A 10 11 12 15 46 43            2
008      14 0A 10 11 12 15 47 19            2
008      14 0A 10 11 12 15 46 38            2
008      14 0A 10 11 12 15 47 17            2
008      14 0A 10 11 12 15 45 34            2
008      14 0A 10 11 12 15 46 54            2
008      14 0A 10 11 12 15 47 12            2
008      14 0A 10 11 12 15 46 56            2
008      00 01 02 09 00 02 0C 00            2
008      00 01 02 01 00 02 0D 00            2
008      00 01 02 03 00 02 06 00            2
008      14 0A 10 11 12 15 46 19            2
008      14 0A 10 11 12 15 45 39            2
008      14 0A 10 11 12 15 46 05            2
008      14 0A 10 11 12 15 45 41            2
008      14 0A 10 11 12 15 47 23            2
008      14 0A 10 11 12 15 47 25            2
008      14 0A 10 11 12 15 47 27            2
008      14 0A 10 11 12 15 47 32            2
008      14 0A 10 11 12 15 47 40            2
008      14 0A 10 11 12 15 47 45            2
008      14 0A 10 11 12 15 47 47            2
008      14 0A 10 11 12 15 47 52            2
008      14 0A 10 11 12 15 47 54            2
008      14 0A 10 11 12 15 47 59            2
008      14 0A 10 11 12 15 48 01            2
008      14 0A 10 11 12 15 48 06            2
008      14 0A 10 11 12 15 48 11            2
008      14 0A 10 11 12 15 48 13            2
008      14 0A 10 11 12 15 48 18            2
008      14 0A 10 11 12 15 48 20            2
008      14 0A 10 11 12 15 48 25            2
008      14 0A 10 11 12 15 48 29            2
008      14 0A 10 11 12 15 48 31            2
008      14 0A 10 11 12 15 48 41            2
008      14 0A 10 11 12 15 48 49            2
008      14 0A 10 11 12 15 48 51            2
008      14 0A 10 11 12 15 48 56            2
008      14 0A 10 11 12 15 48 58            2
008      14 0A 10 11 12 15 49 03            2
008      14 0A 10 11 12 15 49 05            2
008      14 0A 10 11 12 15 49 10            2
008      14 0A 10 11 12 15 49 15            2
008      14 0A 10 11 12 15 49 19            2
008      14 0A 10 11 12 15 49 21            2
008      14 0A 10 11 12 15 49 26            2
008      14 0A 10 11 12 15 49 28            2
008      14 0A 10 11 12 15 49 33            2
008      14 0A 10 11 12 15 49 35            2
008      14 0A 10 11 12 15 49 40            2
008      14 0A 10 11 12 15 49 45            2
008      14 0A 10 11 12 15 49 49            2
008      14 0A 10 11 12 15 49 51            2
008      14 0A 10 11 12 15 49 56            2
008      14 0A 10 11 12 15 50 00            2
008      14 0A 10 11 12 15 50 02            2
008      14 0A 10 11 12 15 50 11            2
008      14 0A 10 11 12 15 50 13            2
008      14 0A 10 11 12 15 50 18            2
008      14 0A 10 11 12 15 50 20            2
008      14 0A 10 11 12 15 50 25            2
008      14 0A 10 11 12 15 50 30            2
008      14 0A 10 11 12 15 50 32            2
008      14 0A 10 11 12 15 50 37            2
008      14 0A 10 11 12 15 50 39            2
008      14 0A 10 11 12 15 50 44            2
008      14 0A 10 11 12 15 50 51            2
008      14 0A 10 11 12 15 51 00            2
008      14 0A 10 11 12 15 51 02            2
008      14 0A 10 11 12 15 51 04            2
008      00 01 02 02 00 02 8D 00            2
008      00 01 02 02 00 02 AD 00            2
008      14 0A 10 11 12 15 51 08            2
008      14 0A 10 11 12 15 51 15            2
008      14 0A 10 11 12 15 51 17            2
008      14 0A 10 11 12 15 51 19            2
008      14 0A 10 11 12 15 51 21            2
008      14 0A 10 11 12 15 51 24            2
008      14 0A 10 11 12 15 51 26            2
008      14 0A 10 11 12 15 51 28            2
008      14 0A 10 11 12 15 51 30            2
008      14 0A 10 11 12 15 51 35            2
008      14 0A 10 11 12 15 51 42            2
008      0A 0A 00 00 02 15 45 45            1
008      0A 0A 00 00 02 15 45 47            1
008      0A 0A 00 00 02 15 45 48            1
008      14 0A 10 11 12 15 45 49            1
008      14 0A 10 11 12 15 45 50            1
008      0A 0A 00 00 02 15 45 50            1
008      14 0A 10 11 12 15 45 51            1
008      14 0A 10 11 12 15 45 52            1
008      0A 0A 00 00 02 15 45 52            1
008      14 0A 10 11 12 15 45 53            1
008      14 0A 10 11 12 15 45 54            1
008      0A 0A FF 35 02 15 45 54            1
008      14 0A 10 11 12 15 45 55            1
008      14 0A 10 11 12 15 45 56            1
008      0A 0A FD 7B 01 15 45 57            1
008      0A 0A 00 00 00 15 45 59            1
008      14 0A 10 11 12 15 46 00            1
008      14 0A 10 11 12 15 46 01            1
008      0A 0A 00 00 00 15 46 02            1
008      14 0A 10 11 12 15 46 02            1
008      14 0A 10 11 12 15 46 03            1
008      0A 0A 00 00 00 15 46 03            1
008      0A 0A 00 00 00 15 46 06            1
008      0A 0A 00 00 00 15 46 07            1
008      14 0A 10 11 12 15 46 08            1
008      14 0A 10 11 12 15 46 09            1
008      0A 0A 00 00 00 15 46 09            1
008      14 0A 10 11 12 15 46 10            1
008      14 0A 10 11 12 15 46 11            1
008      0A 0A 00 00 00 15 46 11            1
008      0A 0A 00 00 00 15 46 13            1
008      14 0A 10 11 12 15 46 13            1
008      14 0A 10 11 12 15 46 14            1
008      0A 0A 00 00 00 15 46 14            1
008      14 0A 10 11 12 15 46 15            1
008      14 0A 10 11 12 15 46 16            1
008      0A 0A 00 00 00 15 46 16            1
008      14 0A 10 11 12 15 46 17            1
008      14 0A 10 11 12 15 46 18            1
008      0A 0A 00 00 00 15 46 18            1
008      0A 0A 00 00 00 15 46 20            1
008      14 0A 10 11 12 15 46 20            1
008      14 0A 10 11 12 15 46 21            1
008      0A 0A 00 00 00 15 46 21            1
008      14 0A 10 11 12 15 46 22            1
008      14 0A 10 11 12 15 46 23            1
008      0A 0A 00 00 00 15 46 23            1
008      0A 0A 00 00 00 15 46 25            1
008      0A 0A 00 00 00 15 46 27            1
008      14 0A 10 11 12 15 46 27            1
008      14 0A 10 11 12 15 46 28            1
008      0A 0A 00 00 00 15 46 28            1
008      14 0A 10 11 12 15 46 29            1
008      14 0A 10 11 12 15 46 30            1
008      0A 0A 00 00 00 15 46 30            1
008      0A 0A 00 00 00 15 46 32            1
008      0A 0A 00 00 00 15 46 33            1
008      14 0A 10 11 12 15 46 34            1
008      14 0A 10 11 12 15 46 35            1
008      0A 0A 00 00 00 15 46 35            1
008      14 0A 10 11 12 15 46 36            1
008      14 0A 10 11 12 15 46 37            1
008      0A 0A 00 00 00 15 46 37            1
008      0A 0A 00 00 00 15 46 39            1
008      14 0A 10 11 12 15 46 39            1
008      14 0A 10 11 12 15 46 40            1
008      0A 0A 00 00 00 15 46 40            1
008      14 0A 10 11 12 15 46 41            1
008      14 0A 10 11 12 15 46 42            1
008      0A 0A 00 00 00 15 46 42            1
008      0A 0A 00 00 00 15 46 44            1
008      0A 0A 00 00 00 15 46 46            1
008      0A 0A 00 00 00 15 46 48            1
008      0A 0A 00 00 00 15 46 50            1
008      14 0A 10 11 12 15 46 50            1
008      14 0A 10 11 12 15 46 51            1
008      0A 0A 00 00 00 15 46 51            1
008      14 0A 10 11 12 15 46 52            1
008      14 0A 10 11 12 15 46 53            1
008      0A 0A 00 00 00 15 46 53            1
008      0A 0A 00 00 00 15 46 55            1
008      0A 0A 00 00 00 15 46 56            1
008      14 0A 10 11 12 15 46 57            1
008      14 0A 10 11 12 15 46 58            1
008      0A 0A 00 00 00 15 46 58            1
008      14 0A 10 11 12 15 46 59            1
008      14 0A 10 11 12 15 47 00            1
008      0A 0A 00 00 00 15 47 00            1
008      0A 0A 00 00 00 15 47 02            1
008      0A 0A 00 00 00 15 47 03            1
008      14 0A 10 11 12 15 47 04            1
008      14 0A 10 11 12 15 47 05            1
008      0A 0A 00 00 00 15 47 05            1
008      14 0A 10 11 12 15 47 06            1
008      14 0A 10 11 12 15 47 07            1
008      0A 0A 00 00 00 15 47 07            1
020      02 96 01 00 00 00 00 00            1
020      01 AB 02 00 00 00 00 00            1
008      0A 0A 00 00 00 15 47 09            1
008      0A 0A 02 42 00 15 47 11            1
008      00 01 02 02 00 02 59 00            1
008      04 0A 05 00 00 01 02 13            1
008      0A 0A 01 A8 02 15 47 13            1
008      00 01 02 02 00 02 49 00            1
008      00 01 02 02 00 02 5D 00            1
008      14 0A 10 11 12 15 47 14            1
008      00 01 02 01 00 02 1D 00            1
008      14 0A 10 11 12 15 47 15            1
008      0A 0A 00 00 02 15 47 15            1
008      00 01 02 09 00 02 1C 00            1
008      0A 0A 00 00 02 15 47 18            1
008      00 01 02 11 00 02 0C 00            1
008      00 01 02 11 00 02 1C 00            1
008      0A 0A 00 00 02 15 47 20            1
008      14 0A 10 11 12 15 47 21            1
008      14 0A 10 11 12 15 47 22            1
008      0A 0A 00 00 02 15 47 22            1
008      14 0A 10 11 12 15 44 50            1
008      0A 0A 02 B6 03 15 47 24            1
008      14 0A 10 11 12 15 44 51            1
008      0A 0A 02 BE 04 15 47 26            1
008      0A 0A 00 00 00 15 44 51            1
008      0A 0A 02 3A 05 15 47 28            1
008      14 0A 10 11 12 15 47 29            1
008      04 0A 06 00 00 00 04 13            1
008      14 0A 10 11 12 15 47 30            1
008      0A 0A 00 00 06 15 47 30            1
008      20 82 00 01 00 00 00 00            1
008      0A 0A 00 00 06 15 47 33            1
008      14 0A 10 11 12 15 47 33            1
008      14 0A 10 11 12 15 47 34            1
008      0A 0A 00 00 06 15 47 35            1
008      14 0A 10 11 12 15 47 36            1
008      14 0A 10 11 12 15 47 37            1
008      0A 0A 00 00 06 15 47 37            1
008      14 0A 10 11 12 15 47 38            1
008      14 0A 10 11 12 15 47 39            1
008      0A 0A 00 00 06 15 47 39            1
008      14 0A 10 11 12 15 44 52            1
008      0A 0A 00 00 06 15 47 41            1
008      14 0A 10 11 12 15 47 41            1
008      14 0A 10 11 12 15 47 42            1
008      0A 0A 00 00 06 15 47 42            1
008      14 0A 10 11 12 15 47 43            1
008      14 0A 10 11 12 15 47 44            1
008      0A 0A 00 00 06 15 47 44            1
008      14 0A 10 11 12 15 44 53            1
008      0A 0A 00 00 06 15 47 46            1
008      0A 0A 00 00 00 15 44 53            1
008      0A 0A 00 00 06 15 47 48            1
008      14 0A 10 11 12 15 47 48            1
008      14 0A 10 11 12 15 47 49            1
008      0A 0A 00 00 06 15 47 49            1
008      14 0A 10 11 12 15 47 50            1
008      14 0A 10 11 12 15 47 51            1
008      0A 0A 00 00 06 15 47 51            1
008      04 0A 00 00 00 01 01 13            1
008      0A 0A 00 00 06 15 47 53            1
008      14 0A 10 11 12 15 44 54            1
008      0A 0A 00 00 06 15 47 54            1
008      14 0A 10 11 12 15 47 55            1
008      14 0A 10 11 12 15 47 56            1
008      0A 0A 00 00 06 15 47 56            1
008      14 0A 10 11 12 15 47 57            1
008      14 0A 10 11 12 15 47 58            1
008      0A 0A 00 00 06 15 47 58            1
008      14 0A 10 11 12 15 44 55            1
008      0A 0A 00 00 06 15 48 00            1
008      0A 0A 00 00 00 15 44 55            1
008      0A 0A 00 00 06 15 48 01            1
008      14 0A 10 11 12 15 48 02            1
008      14 0A 10 11 12 15 48 03            1
008      0A 0A 00 00 06 15 48 03            1
008      14 0A 10 11 12 15 48 04            1
008      14 0A 10 11 12 15 48 05            1
008      0A 0A 00 00 06 15 48 05            1
008      14 0A 10 11 12 15 44 56            1
008      0A 0A 00 00 06 15 48 07            1
008      14 0A 10 11 12 15 48 07            1
008      14 0A 10 11 12 15 48 08            1
008      0A 0A 00 00 06 15 48 08            1
008      14 0A 10 11 12 15 48 09            1
008      14 0A 10 11 12 15 48 10            1
008      0A 0A 00 00 06 15 48 10            1
008      14 0A 10 11 12 15 44 57            1
008      0A 0A 00 00 06 15 48 12            1
008      0A 0A 02 4D 00 15 44 57            1
008      0A 0A 00 00 06 15 48 14            1
008      14 0A 10 11 12 15 48 14            1
008      14 0A 10 11 12 15 48 15            1
008      0A 0A 00 00 06 15 48 15            1
008      14 0A 10 11 12 15 48 16            1
008      14 0A 10 11 12 15 48 17            1
008      0A 0A 00 00 06 15 48 17            1
008      14 0A 10 11 12 15 44 58            1
008      0A 0A 00 00 06 15 48 19            1
008      14 0A 10 11 12 15 44 59            1
008      0A 0A 00 00 06 15 48 20            1
008      14 0A 10 11 12 15 48 21            1
008      14 0A 10 11 12 15 48 22            1
008      0A 0A 00 00 06 15 48 22            1
008      14 0A 10 11 12 15 48 23            1
008      14 0A 10 11 12 15 48 24            1
008      0A 0A 00 00 06 15 48 24            1
008      0A 0A 02 BC 02 15 44 59            1
008      0A 0A 00 00 06 15 48 26            1
008      14 0A 10 11 12 15 48 27            1
008      14 0A 10 11 12 15 48 28            1
008      0A 0A 00 00 06 15 48 28            1
008      14 0A 10 11 12 15 45 00            1
008      0A 0A 00 00 06 15 48 30            1
008      14 0A 10 11 12 15 45 01            1
020      02 AB 02 00 00 00 00 00            1
008      0A 0A 00 00 06 15 48 32            1
008      14 0A 10 11 12 15 48 32            1
008      14 0A 10 11 12 15 48 33            1
008      0A 0A FF 1C 06 15 48 33            1
008      14 0A 10 11 12 15 48 34            1
008      14 0A 10 11 12 15 48 35            1
008      0A 0A FD 3F 04 15 48 35            1
008      14 0A 10 11 12 15 48 36            1
008      14 0A 10 11 12 15 48 37            1
008      0A 0A FD 3F 03 15 48 37            1
008      14 0A 10 11 12 15 48 38            1
008      14 0A 10 11 12 15 48 39            1
008      0A 0A FF 6D 02 15 48 39            1
008      0A 0A 02 C5 03 15 45 01            1
008      0A 0A 00 00 02 15 48 42            1
008      14 0A 10 11 12 15 48 43            1
008      14 0A 10 11 12 15 48 44            1
008      0A 0A 00 00 02 15 48 44            1
008      14 0A 10 11 12 15 48 45            1
008      14 0A 10 11 12 15 48 46            1
008      0A 0A 00 00 02 15 48 46            1
008      14 0A 10 11 12 15 48 47            1
008      14 0A 10 11 12 15 48 48            1
008      0A 0A 00 00 02 15 48 48            1
008      0A 0A 02 C0 05 15 45 03            1
008      0A 0A 00 00 02 15 48 50            1
008      14 0A 10 11 12 15 45 04            1
008      0A 0A 00 00 02 15 48 52            1
008      14 0A 10 11 12 15 48 52            1
008      14 0A 10 11 12 15 48 53            1
008      0A 0A 00 00 02 15 48 53            1
008      14 0A 10 11 12 15 48 54            1
008      14 0A 10 11 12 15 48 55            1
008      0A 0A 00 00 02 15 48 55            1
008      14 0A 10 11 12 15 45 05            1
008      0A 0A 00 00 02 15 48 57            1
008      0A 0A 00 55 06 15 45 05            1
008      0A 0A 00 00 02 15 48 59            1
008      14 0A 10 11 12 15 48 59            1
008      14 0A 10 11 12 15 49 00            1
008      0A 0A 00 00 02 15 49 00            1
008      14 0A 10 11 12 15 49 01            1
008      14 0A 10 11 12 15 49 02            1
008      0A 0A 00 00 02 15 49 02            1
008      14 0A 10 11 12 15 45 07            1
008      0A 0A 00 00 02 15 49 04            1
008      14 0A 10 11 12 15 45 08            1
008      0A 0A 00 00 02 15 49 05            1
008      14 0A 10 11 12 15 49 06            1
008      14 0A 10 11 12 15 49 07            1
008      0A 0A 00 00 02 15 49 07            1
008      14 0A 10 11 12 15 49 08            1
008      14 0A 10 11 12 15 49 09            1
008      0A 0A 00 00 02 15 49 09            1
008      0A 0A 00 00 06 15 45 08            1
008      0A 0A 00 00 02 15 49 11            1
008      14 0A 10 11 12 15 49 11            1
008      14 0A 10 11 12 15 49 12            1
008      0A 0A 00 00 02 15 49 12            1
008      14 0A 10 11 12 15 49 13            1
008      14 0A 10 11 12 15 49 14            1
008      0A 0A 00 00 02 15 49 14            1
008      14 0A 10 11 12 15 45 09            1
008      0A 0A 00 00 02 15 49 16            1
008      14 0A 10 11 12 15 49 17            1
008      14 0A 10 11 12 15 49 18            1
008      0A 0A 00 00 02 15 49 18            1
008      14 0A 10 11 12 15 45 10            1
008      0A 0A 00 00 02 15 49 20            1
008      0A 0A 00 00 06 15 45 10            1
008      0A 0A 00 00 02 15 49 22            1
008      14 0A 10 11 12 15 49 22            1
008      14 0A 10 11 12 15 49 23            1
008      0A 0A 00 00 02 15 49 23            1
008      14 0A 10 11 12 15 49 24            1
008      14 0A 10 11 12 15 49 25            1
008      0A 0A 00 00 02 15 49 25            1
008      14 0A 10 11 12 15 45 11            1
008      0A 0A 00 00 02 15 49 27            1
008      14 0A 10 11 12 15 45 12            1
008      0A 0A 00 00 02 15 49 28            1
008      14 0A 10 11 12 15 49 29            1
008      14 0A 10 11 12 15 49 30            1
008      0A 0A 00 00 02 15 49 30            1
008      14 0A 10 11 12 15 49 31            1
008      14 0A 10 11 12 15 49 32            1
008      0A 0A 00 00 02 15 49 32            1
008      0A 0A 00 00 06 15 45 13            1
008      0A 0A 00 00 02 15 49 34            1
008      0A 0A FF E9 06 15 45 15            1
008      0A 0A 00 00 02 15 49 35            1
008      14 0A 10 11 12 15 49 36            1
008      14 0A 10 11 12 15 49 37            1
008      0A 0A 00 00 02 15 49 37            1
008      14 0A 10 11 12 15 49 38            1
008      14 0A 10 11 12 15 49 39            1
008      0A 0A 00 00 02 15 49 39            1
008      0A 0A FD 3A 05 15 45 17            1
008      0A 0A 00 00 02 15 49 41            1
008      14 0A 10 11 12 15 49 41            1
008      14 0A 10 11 12 15 49 42            1
008      0A 0A 00 00 02 15 49 42            1
008      14 0A 10 11 12 15 49 43            1
008      14 0A 10 11 12 15 49 44            1
008      0A 0A 00 00 02 15 49 44            1
008      0A 0A FD 45 03 15 45 18            1
008      0A 0A 00 00 02 15 49 46            1
008      14 0A 10 11 12 15 49 47            1
008      14 0A 10 11 12 15 49 48            1
008      0A 0A 00 00 02 15 49 48            1
008      14 0A 10 11 12 15 45 19            1
008      0A 0A FD 89 01 15 49 50            1
008      14 0A 10 11 12 15 45 20            1
008      0A 0A FF 21 00 15 49 52            1
008      14 0A 10 11 12 15 49 53            1
008      14 0A 10 11 12 15 49 54            1
008      0A 0A 00 00 00 15 49 55            1
008      0A 0A FE 4F 02 15 45 21            1
008      0A 0A 00 00 00 15 49 57            1
008      14 0A 10 11 12 15 49 58            1
008      14 0A 10 11 12 15 49 59            1
008      0A 0A 00 00 00 15 49 59            1
008      04 0A 06 00 00 00 02 13            1
008      0A 0A 00 00 00 15 50 01            1
008      0A 0A 00 00 02 15 45 23            1
008      0A 0A 00 00 00 15 50 03            1
008      14 0A 10 11 12 15 50 03            1
008      14 0A 10 11 12 15 50 04            1
008      0A 0A 00 00 00 15 50 04            1
008      14 0A 10 11 12 15 50 05            1
008      14 0A 10 11 12 15 50 06            1
008      0A 0A 00 00 00 15 50 07            1
008      14 0A 10 11 12 15 50 07            1
008      14 0A 10 11 12 15 50 08            1
008      0A 0A 00 00 00 15 50 08            1
008      14 0A 10 11 12 15 50 09            1
008      14 0A 10 11 12 15 50 10            1
008      0A 0A 00 00 00 15 50 10            1
008      14 0A 10 11 12 15 45 24            1
008      0A 0A 00 00 00 15 50 12            1
008      14 0A 10 11 12 15 45 25            1
008      0A 0A 00 00 00 15 50 13            1
008      14 0A 10 11 12 15 50 14            1
008      14 0A 10 11 12 15 50 15            1
008      0A 0A 00 00 00 15 50 15            1
008      14 0A 10 11 12 15 50 16            1
008      14 0A 10 11 12 15 50 17            1
008      0A 0A 00 00 00 15 50 17            1
008      0A 0A 00 00 02 15 45 25            1
008      0A 0A 00 00 00 15 50 19            1
008      14 0A 10 11 12 15 45 26            1
008      0A 0A 00 00 00 15 50 20            1
008      14 0A 10 11 12 15 50 21            1
008      14 0A 10 11 12 15 50 22            1
008      0A 0A 00 00 00 15 50 22            1
008      14 0A 10 11 12 15 50 23            1
008      14 0A 10 11 12 15 50 24            1
008      0A 0A 00 00 00 15 50 24            1
008      14 0A 10 11 12 15 45 27            1
008      0A 0A 00 00 00 15 50 26            1
008      14 0A 10 11 12 15 50 26            1
008      14 0A 10 11 12 15 50 27            1
008      0A 0A 00 00 00 15 50 27            1
008      14 0A 10 11 12 15 50 28            1
008      14 0A 10 11 12 15 50 29            1
008      0A 0A 00 00 00 15 50 29            1
008      0A 0A 00 00 02 15 45 28            1
008      0A 0A 00 00 00 15 50 31            1
008      0A 0A 00 00 02 15 45 29            1
008      0A 0A 00 00 00 15 50 33            1
008      14 0A 10 11 12 15 50 33            1
008      14 0A 10 11 12 15 50 34            1
008      0A 0A 00 00 00 15 50 34            1
008      14 0A 10 11 12 15 50 35            1
008      14 0A 10 11 12 15 50 36            1
008      0A 0A 00 00 00 15 50 36            1
008      14 0A 10 11 12 15 45 30            1
008      0A 0A 00 00 00 15 50 38            1
008      14 0A 10 11 12 15 45 31            1
008      0A 0A 00 00 00 15 50 39            1
008      14 0A 10 11 12 15 50 40            1
008      14 0A 10 11 12 15 50 41            1
008      0A 0A 00 00 00 15 50 41            1
008      14 0A 10 11 12 15 50 42            1
008      14 0A 10 11 12 15 50 43            1
008      0A 0A 00 00 00 15 50 43            1
008      0A 0A 00 00 02 15 45 31            1
008      0A 0A 00 00 00 15 50 45            1
008      14 0A 10 11 12 15 50 45            1
008      14 0A 10 11 12 15 50 46            1
008      0A 0A 00 00 00 15 50 46            1
008      14 0A 10 11 12 15 50 47            1
008      14 0A 10 11 12 15 50 48            1
008      0A 0A 00 00 00 15 50 48            1
008      14 0A 10 11 12 15 50 49            1
008      14 0A 10 11 12 15 50 50            1
008      0A 0A 00 00 00 15 50 50            1
008      14 0A 10 11 12 15 45 32            1
008      0A 0A 00 00 00 15 50 52            1
008      14 0A 10 11 12 15 50 52            1
008      14 0A 10 11 12 15 50 53            1
008      0A 0A 00 00 00 15 50 53            1
008      14 0A 10 11 12 15 50 54            1
008      14 0A 10 11 12 15 50 55            1
008      0A 0A 00 00 00 15 50 55            1
008      14 0A 10 11 12 15 50 56            1
008      14 0A 10 11 12 15 50 57            1
008      0A 0A 00 00 00 15 50 57            1
008      14 0A 10 11 12 15 50 58            1
008      14 0A 10 11 12 15 50 59            1
008      0A 0A 00 00 00 15 50 59            1
008      14 0A 10 11 12 15 45 33            1
008      0A 0A 00 00 00 15 51 01            1
008      0A 0A 00 00 02 15 45 33            1
008      0A 0A 00 00 00 15 51 03            1
008      0A 0A 00 00 02 15 45 35            1
008      0A 0A 01 D8 00 15 51 05            1
008      14 0A 10 11 12 15 51 05            1
008      14 0A 10 11 12 15 51 06            1
008      0A 0A 02 6A 01 15 51 07            1
008      00 01 02 02 00 02 A9 00            1
008      00 01 02 02 00 02 89 00            1
008      14 0A 10 11 12 15 45 35            1
008      14 0A 10 11 12 15 45 36            1
008      0A 0A 00 00 02 15 45 36            1
008      00 01 02 01 00 02 2D 00            1
008      0A 0A 00 00 02 15 51 09            1
008      14 0A 10 11 12 15 51 10            1
008      14 0A 10 11 12 15 51 11            1
008      0A 0A 00 00 02 15 51 11            1
008      14 0A 10 11 12 15 51 12            1
008      14 0A 10 11 12 15 51 13            1
008      0A 0A 00 00 02 15 51 13            1
008      14 0A 10 11 12 15 45 37            1
008      0A 0A 00 00 02 15 51 16            1
008      14 0A 10 11 12 15 45 38            1
008      0A 0A FE 5E 02 15 51 18            1
008      0A 0A 00 00 02 15 45 38            1
008      0A 0A FD 89 01 15 51 20            1
008      0A 0A 00 00 02 15 45 40            1
008      0A 0A 00 00 00 15 51 22            1
008      0A 0A 00 00 02 15 45 42            1
008      0A 0A 00 00 00 15 51 25            1
008      14 0A 10 11 12 15 45 42            1
008      0A 0A 00 00 00 15 51 27            1
008      14 0A 10 11 12 15 45 43            1
008      0A 0A 00 00 00 15 51 29            1
008      0A 0A 00 00 02 15 45 43            1
008      0A 0A 00 00 00 15 51 30            1
008      14 0A 10 11 12 15 51 31            1
008      14 0A 10 11 12 15 51 32            1
008      0A 0A 00 00 00 15 51 32            1
008      14 0A 10 11 12 15 51 33            1
008      14 0A 10 11 12 15 51 34            1
008      0A 0A 00 00 00 15 51 34            1
008      14 0A 10 11 12 15 45 44            1
008      0A 0A 00 00 00 15 51 36            1
008      14 0A 10 11 12 15 51 36            1
008      14 0A 10 11 12 15 51 37            1
008      0A 0A 00 00 00 15 51 37            1
008      14 0A 10 11 12 15 51 38            1
008      14 0A 10 11 12 15 51 39            1
008      0A 0A 00 00 00 15 51 39            1
008      14 0A 10 11 12 15 51 40            1
008      14 0A 10 11 12 15 51 41            1
008      0A 0A 00 00 00 15 51 41            1
008      14 0A 10 11 12 15 45 45            1
008      0A 0A 00 00 00 15 51 43            1
008      14 0A 10 11 12 15 51 43            1
008      14 0A 10 11 12 15 51 44            1
008      0A 0A 00 00 00 15 51 44            1
008      14 0A 10 11 12 15 51 45            1
008      14 0A 10 11 12 15 51 46            1
008      0A 0A 00 00 00 15 51 47            1
