249      0D 00 AE 10 
781      11 00 50 0B 0B 03 
180      15 00 20 04 04 47 
180      15 00 36 01 01 48 
200      15 00 01 08 08 
200      19 00 01 08 08 
749      05 00 AE 40 02 00 00 
749      09 00 AE 40 02 00 00 
740      1D 00 48 FF 00 FF 01 
749      0D 00 AE 05 00 01 
748      0D 00 AE 05 00 01 
180      15 00 20 04 00 49 
180      15 00 36 01 00 4A 
100      1D 00 71 FF 02 8D 
740      1D 00 47 20 23 66 66 00 
600      1D 00 40 66 66 00 20 
500      1D 00 40 66 66 00 20 
749      0D 00 AE 03 33 33 
748      0D 00 AE 03 33 33 
749      0D 00 AE 04 02 00 
748      0D 00 AE 04 02 00 
741      1D 00 42 
100      1D 00 E9 01 00 8E 
740      1D 00 47 21 23 66 66 00 
100      1D 00 73 FF 08 8F 
742      1D 00 50 FF 08 
740      1D 00 47 21 22 64 66 00 
600      1D 00 40 64 66 00 20 
500      1D 00 40 64 66 00 20 
749      0D 00 AE 03 32 33 
748      0D 00 AE 03 32 33 
740      1D 00 47 21 21 D8 66 00 
600      1D 00 40 D8 66 00 20 
500      1D 00 40 D8 66 00 20 
749      0D 00 AE 03 6C 33 
748      0D 00 AE 03 6C 33 
100      1D 00 73 FF 08 90 
740      1D 00 47 21 20 9E 66 00 
600      1D 00 40 9E 66 00 20 
500      1D 00 40 9E 66 00 20 
749      0D 00 AE 03 4F 33 
748      0D 00 AE 03 4F 33 
740      1D 00 47 21 1F 72 64 00 
600      1D 00 40 72 64 00 20 
500      1D 00 40 72 64 00 20 
749      0D 00 AE 03 39 32 
748      0D 00 AE 03 39 32 
740      1D 00 47 21 1E 70 64 00 
600      1D 00 40 70 64 00 20 
500      1D 00 40 70 64 00 20 
749      0D 00 AE 03 38 32 
748      0D 00 AE 03 38 32 
740      1D 00 47 21 1D 6E 64 00 
600      1D 00 40 6E 64 00 20 
500      1D 00 40 6E 64 00 20 
749      0D 00 AE 03 37 32 
748      0D 00 AE 03 37 32 
100      1D 00 73 FF 08 91 
740      1D 00 47 21 1C 6C 64 00 
600      1D 00 40 6C 64 00 20 
500      1D 00 40 6C 64 00 20 
749      0D 00 AE 03 36 32 
748      0D 00 AE 03 36 32 
740      1D 00 47 21 1B 6A 64 00 
600      1D 00 40 6A 64 00 20 
500      1D 00 40 6A 64 00 20 
749      0D 00 AE 03 35 32 
748      0D 00 AE 03 35 32 
740      1D 00 47 21 1A 68 64 00 
600      1D 00 40 68 64 00 20 
500      1D 00 40 68 64 00 20 
749      0D 00 AE 03 34 32 
748      0D 00 AE 03 34 32 
100      1D 00 73 FF 08 92 
740      1D 00 47 21 19 66 64 00 
600      1D 00 40 66 64 00 20 
500      1D 00 40 66 64 00 20 
749      0D 00 AE 03 33 32 
748      0D 00 AE 03 33 32 
740      1D 00 47 21 18 64 64 00 
600      1D 00 40 64 64 00 20 
500      1D 00 40 64 64 00 20 
749      0D 00 AE 03 32 32 
748      0D 00 AE 03 32 32 
740      1D 00 47 21 17 D8 64 00 
600      1D 00 40 D8 64 00 20 
500      1D 00 40 D8 64 00 20 
749      0D 00 AE 03 6C 32 
748      0D 00 AE 03 6C 32 
740      1D 00 47 21 16 9E 64 00 
600      1D 00 40 9E 64 00 20 
500      1D 00 40 9E 64 00 20 
749      0D 00 AE 03 4F 32 
748      0D 00 AE 03 4F 32 
100      1D 00 73 FF 08 93 
249      0D 00 AE 0D 25 15 00 00 
249      0D 00 AE 31 F6 08 00 00 
740      1D 00 47 21 15 72 D8 00 
600      1D 00 40 72 D8 00 20 
500      1D 00 40 72 D8 00 20 
749      0D 00 AE 03 39 6C 
748      0D 00 AE 03 39 6C 
740      1D 00 47 21 14 70 D8 00 
600      1D 00 40 70 D8 00 20 
500      1D 00 40 70 D8 00 20 
749      0D 00 AE 03 38 6C 
748      0D 00 AE 03 38 6C 
740      1D 00 47 21 13 6E D8 00 
600      1D 00 40 6E D8 00 20 
500      1D 00 40 6E D8 00 20 
749      0D 00 AE 03 37 6C 
748      0D 00 AE 03 37 6C 
100      1D 00 73 FF 08 94 
740      1D 00 47 21 12 6C D8 00 
600      1D 00 40 6C D8 00 20 
500      1D 00 40 6C D8 00 20 
749      0D 00 AE 03 36 6C 
748      0D 00 AE 03 36 6C 
740      1D 00 47 21 11 6A D8 00 
600      1D 00 40 6A D8 00 20 
500      1D 00 40 6A D8 00 20 
749      0D 00 AE 03 35 6C 
748      0D 00 AE 03 35 6C 
740      1D 00 47 21 10 68 D8 00 
600      1D 00 40 68 D8 00 20 
500      1D 00 40 68 D8 00 20 
749      0D 00 AE 03 34 6C 
748      0D 00 AE 03 34 6C 
100      1D 00 73 FF 08 95 
740      1D 00 47 21 0F 66 D8 00 
600      1D 00 40 66 D8 00 20 
500      1D 00 40 66 D8 00 20 
749      0D 00 AE 03 33 6C 
748      0D 00 AE 03 33 6C 
740      1D 00 47 21 0E 64 D8 00 
600      1D 00 40 64 D8 00 20 
500      1D 00 40 64 D8 00 20 
749      0D 00 AE 03 32 6C 
748      0D 00 AE 03 32 6C 
740      1D 00 47 21 0D D8 D8 00 
600      1D 00 40 D8 D8 00 20 
500      1D 00 40 D8 D8 00 20 
749      0D 00 AE 03 6C 6C 
748      0D 00 AE 03 6C 6C 
740      1D 00 47 21 0C 9E D8 00 
600      1D 00 40 9E D8 00 20 
500      1D 00 40 9E D8 00 20 
749      0D 00 AE 03 4F 6C 
748      0D 00 AE 03 4F 6C 
100      1D 00 73 FF 08 96 
740      1D 00 47 21 0B 72 00 00 
600      1D 00 40 72 00 00 20 
500      1D 00 40 72 00 00 20 
749      0D 00 AE 03 39 00 
748      0D 00 AE 03 39 00 
740      1D 00 47 21 0A 70 00 00 
600      1D 00 40 70 00 00 20 
500      1D 00 40 70 00 00 20 
749      0D 00 AE 03 38 00 
748      0D 00 AE 03 38 00 
740      1D 00 47 21 09 6E 00 00 
600      1D 00 40 6E 00 00 20 
500      1D 00 40 6E 00 00 20 
749      0D 00 AE 03 37 00 
748      0D 00 AE 03 37 00 
100      1D 00 73 FF 08 97 
740      1D 00 47 21 08 6C 00 00 
600      1D 00 40 6C 00 00 20 
500      1D 00 40 6C 00 00 20 
749      0D 00 AE 03 36 00 
748      0D 00 AE 03 36 00 
740      1D 00 47 21 07 6A 00 00 
600      1D 00 40 6A 00 00 20 
500      1D 00 40 6A 00 00 20 
749      0D 00 AE 03 35 00 
748      0D 00 AE 03 35 00 
740      1D 00 47 21 06 68 00 00 
600      1D 00 40 68 00 00 20 
500      1D 00 40 68 00 00 20 
749      0D 00 AE 03 34 00 
748      0D 00 AE 03 34 00 
740      1D 00 47 21 05 66 00 00 
600      1D 00 40 66 00 00 20 
500      1D 00 40 66 00 00 20 
749      0D 00 AE 03 33 00 
748      0D 00 AE 03 33 00 
100      1D 00 73 FF 08 98 
740      1D 00 47 21 04 64 00 00 
600      1D 00 40 64 00 00 20 
500      1D 00 40 64 00 00 20 
749      0D 00 AE 03 32 00 
748      0D 00 AE 03 32 00 
249      0D 00 AE 0D FF FF 00 00 
200      15 00 01 08 00 
200      19 00 01 08 00 
740      1D 00 48 FF 00 FF 00 
749      0D 00 AE 05 00 00 
748      0D 00 AE 05 00 00 
749      05 00 AE 40 00 00 00 
749      09 00 AE 40 00 00 00 
100      1D 00 71 FF 00 99 
740      1D 00 47 01 03 D8 00 00 
600      1D 00 40 D8 00 00 00 
500      1D 00 40 D8 00 00 00 
749      0D 00 AE 03 6C 00 
748      0D 00 AE 03 6C 00 
749      0D 00 AE 04 00 00 
748      0D 00 AE 04 00 00 
100      15 00 60 04 00 9A 
24A      0D 00 AE 0B 03 00 
748      0D 00 AE 0B 03 00 
749      0D 00 AE 0B 03 00 
100      1D 00 73 FF 08 9B 
100      1D 00 E9 01 01 9C 
180      14 00 34 08 E0 4B 
180      14 00 34 08 E8 4C 
180      14 00 34 08 E0 4D 
180      14 00 34 08 E8 4E 
100      1D 00 73 FF 04 9D 
742      1D 00 20 FF 04 
180      14 00 34 08 E0 4F 
741      1D 00 40 05 88 
741      1D 00 41 
180      14 00 34 08 E8 50 
781      11 00 50 09 0A 8D 
100      1D 00 73 FF 04 9E 
742      1D 00 50 FF 04 
180      15 00 32 01 31 51 
781      11 00 50 08 0A 0F 
100      1D 00 73 FF 08 9F 
742      1D 00 20 FF 08 
180      15 00 32 01 30 52 
740      1D 00 47 00 03 D8 00 00 
100      1D 00 73 FF 08 A0 
781      11 00 FA 04 
781      11 00 50 09 0B 0A 
100      1D 00 73 FF 08 A1 
