249      0D 00 AE 10 
781      11 00 50 0A 0A 62 
740      1D 00 48 FF 00 FF 00 
740      1D 00 47 00 04 64 00 00 
600      1D 00 40 64 00 00 00 
500      1D 00 40 64 00 00 00 
749      0D 00 AE 03 32 00 
748      0D 00 AE 03 32 00 
749      0D 00 AE 04 00 00 
748      0D 00 AE 04 00 00 
749      0D 00 AE 05 00 00 
748      0D 00 AE 05 00 00 
100      1D 00 73 FF 08 B8 
742      1D 00 50 FF 08 
100      1D 00 73 FF 08 B9 
100      1D 00 73 FF 08 BA 
781      11 00 50 0B 0A DF 
200      15 00 01 08 08 
749      05 00 AE 40 02 00 00 
749      09 00 AE 40 02 00 00 
200      19 00 01 08 08 
740      1D 00 48 FF 00 FF 01 
749      0D 00 AE 05 00 01 
748      0D 00 AE 05 00 01 
100      1D 00 71 FF 02 BB 
740      1D 00 47 20 04 64 00 00 
600      1D 00 40 64 00 00 20 
500      1D 00 40 64 00 00 20 
749      0D 00 AE 04 02 00 
748      0D 00 AE 04 02 00 
741      1D 00 42 
100      1D 00 E9 01 00 BC 
