781      11 00 50 0A 0C 07 
249      0D 00 AE 10 
781      11 00 50 0A 0B 8A 
180      15 00 20 08 08 29 
180      15 00 36 01 01 2A 
200      15 00 01 04 04 
200      19 00 01 04 04 
740      1D 00 48 FF 00 FF 02 
749      0D 00 AE 05 00 02 
748      0D 00 AE 05 00 02 
100      1D 00 71 FF 10 F5 
740      1D 00 47 10 03 D8 00 00 
600      1D 00 40 D8 00 00 10 
500      1D 00 40 D8 00 00 10 
749      0D 00 AE 03 6C 00 
748      0D 00 AE 03 6C 00 
749      0D 00 AE 04 01 00 
748      0D 00 AE 04 01 00 
749      05 00 AE 40 01 00 00 
749      09 00 AE 40 01 00 00 
180      15 00 20 08 00 2B 
180      15 00 36 01 00 2C 
741      1D 00 42 
100      1D 00 E9 01 00 F6 
1C0      15 00 22 20 20 
1C0      15 00 22 20 00 
1C1      15 00 23 80 80 
1C1      15 00 23 80 00 
740      1D 00 47 11 03 D8 00 00 
100      1D 00 73 FF 08 F7 
742      1D 00 50 FF 08 
740      1D 00 47 11 04 64 00 00 
600      1D 00 40 64 00 00 10 
500      1D 00 40 64 00 00 10 
749      0D 00 AE 03 32 00 
748      0D 00 AE 03 32 00 
100      15 00 60 08 00 F8 
200      15 04 01 04 04 
749      05 04 AE 40 01 00 00 
24A      0D 00 AE 0B 04 00 
748      0D 00 AE 0B 04 00 
749      0D 00 AE 0B 04 00 
100      1D 00 71 FF 90 F9 
100      1D 00 73 FF 08 FA 
100      1D 00 E9 01 01 FB 
180      14 00 34 08 E0 2D 
180      14 00 34 08 E8 2E 
100      1D 00 73 FF 04 FC 
742      1D 00 20 FF 04 
180      14 00 34 08 E0 2F 
180      14 00 34 08 E8 30 
741      1D 00 40 08 38 
741      1D 00 41 
781      11 00 50 0A 09 E5 
249      0D 00 AE 0D FF FF 00 00 
781      11 00 FA 04 
180      15 00 32 01 31 31 
781      11 00 50 0A 0A 62 
740      1D 00 47 10 04 64 00 00 
100      1D 00 73 FF 04 FD 
742      1D 00 50 FF 04 
100      1D 00 73 FF 08 FE 
742      1D 00 20 FF 08 
180      15 00 32 01 30 32 
100      1D 00 73 FF 08 FF 
200      15 04 01 04 00 
749      05 04 AE 40 00 00 00 
100      1D 00 71 FF 10 00 
100      1D 00 E9 01 00 01 
740      1D 00 47 11 05 66 00 00 
600      1D 00 40 66 00 00 10 
500      1D 00 40 66 00 00 10 
749      0D 00 AE 03 33 00 
748      0D 00 AE 03 33 00 
100      1D 00 73 FF 08 02 
740      1D 00 47 11 06 68 00 00 
600      1D 00 40 68 00 00 10 
500      1D 00 40 68 00 00 10 
749      0D 00 AE 03 34 00 
748      0D 00 AE 03 34 00 
740      1D 00 47 11 07 6A 00 00 
600      1D 00 40 6A 00 00 10 
500      1D 00 40 6A 00 00 10 
749      0D 00 AE 03 35 00 
748      0D 00 AE 03 35 00 
740      1D 00 47 11 08 6C 00 00 
600      1D 00 40 6C 00 00 10 
500      1D 00 40 6C 00 00 10 
749      0D 00 AE 03 36 00 
748      0D 00 AE 03 36 00 
100      1D 00 73 FF 08 03 
740      1D 00 47 11 09 6E 00 00 
600      1D 00 40 6E 00 00 10 
500      1D 00 40 6E 00 00 10 
749      0D 00 AE 03 37 00 
748      0D 00 AE 03 37 00 
740      1D 00 47 11 0A 70 00 00 
600      1D 00 40 70 00 00 10 
500      1D 00 40 70 00 00 10 
749      0D 00 AE 03 38 00 
748      0D 00 AE 03 38 00 
740      1D 00 47 11 0B 72 00 00 
600      1D 00 40 72 00 00 10 
500      1D 00 40 72 00 00 10 
749      0D 00 AE 03 39 00 
748      0D 00 AE 03 39 00 
740      1D 00 47 11 0C 9E D8 00 
600      1D 00 40 9E D8 00 10 
500      1D 00 40 9E D8 00 10 
749      0D 00 AE 03 4F 6C 
748      0D 00 AE 03 4F 6C 
100      1D 00 73 FF 08 04 
740      1D 00 47 11 0D D8 D8 00 
600      1D 00 40 D8 D8 00 10 
500      1D 00 40 D8 D8 00 10 
749      0D 00 AE 03 6C 6C 
748      0D 00 AE 03 6C 6C 
740      1D 00 47 11 0E 64 D8 00 
600      1D 00 40 64 D8 00 10 
500      1D 00 40 64 D8 00 10 
749      0D 00 AE 03 32 6C 
748      0D 00 AE 03 32 6C 
740      1D 00 47 11 0F 66 D8 00 
600      1D 00 40 66 D8 00 10 
500      1D 00 40 66 D8 00 10 
749      0D 00 AE 03 33 6C 
748      0D 00 AE 03 33 6C 
100      1D 00 73 FF 08 05 
740      1D 00 47 11 10 68 D8 00 
600      1D 00 40 68 D8 00 10 
500      1D 00 40 68 D8 00 10 
749      0D 00 AE 03 34 6C 
748      0D 00 AE 03 34 6C 
249      0D 00 AE 0D 37 15 00 00 
249      0D 00 AE 31 F6 08 00 00 
740      1D 00 47 11 11 6A D8 00 
600      1D 00 40 6A D8 00 10 
500      1D 00 40 6A D8 00 10 
749      0D 00 AE 03 35 6C 
748      0D 00 AE 03 35 6C 
740      1D 00 47 11 12 6C D8 00 
600      1D 00 40 6C D8 00 10 
500      1D 00 40 6C D8 00 10 
749      0D 00 AE 03 36 6C 
748      0D 00 AE 03 36 6C 
100      1D 00 73 FF 08 06 
740      1D 00 47 11 13 6E D8 00 
600      1D 00 40 6E D8 00 10 
500      1D 00 40 6E D8 00 10 
749      0D 00 AE 03 37 6C 
748      0D 00 AE 03 37 6C 
740      1D 00 47 11 14 70 D8 00 
600      1D 00 40 70 D8 00 10 
500      1D 00 40 70 D8 00 10 
749      0D 00 AE 03 38 6C 
748      0D 00 AE 03 38 6C 
740      1D 00 47 11 15 72 D8 00 
600      1D 00 40 72 D8 00 10 
500      1D 00 40 72 D8 00 10 
749      0D 00 AE 03 39 6C 
748      0D 00 AE 03 39 6C 
740      1D 00 47 11 16 9E 64 00 
600      1D 00 40 9E 64 00 10 
500      1D 00 40 9E 64 00 10 
749      0D 00 AE 03 4F 32 
748      0D 00 AE 03 4F 32 
100      1D 00 71 FF 90 07 
100      15 00 62 20 00 08 
200      15 16 01 04 04 
749      05 16 AE 40 01 00 00 
24A      0D 00 AE 0B 16 00 
748      0D 00 AE 0B 16 00 
749      0D 00 AE 0B 16 00 
100      1D 00 73 FF 08 09 
100      1D 00 E9 01 01 0A 
180      14 00 34 08 E0 33 
180      14 00 34 08 E8 34 
180      14 00 34 08 E0 35 
180      14 00 34 08 E8 36 
180      14 00 34 08 E0 37 
180      14 00 34 08 E8 38 
100      1D 00 73 FF 04 0B 
180      14 00 34 08 E0 39 
180      14 00 34 08 E8 3A 
741      1D 00 40 20 CB 
781      11 00 50 09 08 91 
100      1D 00 73 FF 04 0C 
180      15 00 32 01 31 3B 
781      11 00 50 08 08 13 
100      1D 00 73 FF 08 0D 
180      15 00 32 01 30 3C 
740      1D 00 47 10 16 9E 64 00 
100      1D 00 73 FF 08 0E 
781      11 00 50 09 09 0F 
100      1D 00 71 FF 10 0F 
200      15 16 01 04 00 
749      05 16 AE 40 00 00 00 
100      1D 00 E9 01 00 10 
100      1D 00 73 FF 08 11 
740      1D 00 47 11 17 D8 64 00 
600      1D 00 40 D8 64 00 10 
500      1D 00 40 D8 64 00 10 
749      0D 00 AE 03 6C 32 
748      0D 00 AE 03 6C 32 
740      1D 00 47 11 18 64 64 00 
600      1D 00 40 64 64 00 10 
500      1D 00 40 64 64 00 10 
749      0D 00 AE 03 32 32 
748      0D 00 AE 03 32 32 
740      1D 00 47 11 19 66 64 00 
600      1D 00 40 66 64 00 10 
500      1D 00 40 66 64 00 10 
749      0D 00 AE 03 33 32 
748      0D 00 AE 03 33 32 
100      1D 00 73 FF 08 12 
740      1D 00 47 11 1A 68 64 00 
600      1D 00 40 68 64 00 10 
500      1D 00 40 68 64 00 10 
749      0D 00 AE 03 34 32 
748      0D 00 AE 03 34 32 
740      1D 00 47 11 1B 6A 64 00 
600      1D 00 40 6A 64 00 10 
500      1D 00 40 6A 64 00 10 
749      0D 00 AE 03 35 32 
748      0D 00 AE 03 35 32 
740      1D 00 47 11 1C 6C 64 00 
600      1D 00 40 6C 64 00 10 
500      1D 00 40 6C 64 00 10 
749      0D 00 AE 03 36 32 
748      0D 00 AE 03 36 32 
100      1D 00 73 FF 08 13 
740      1D 00 47 11 1D 6E 64 00 
600      1D 00 40 6E 64 00 10 
500      1D 00 40 6E 64 00 10 
749      0D 00 AE 03 37 32 
748      0D 00 AE 03 37 32 
740      1D 00 47 11 1E 70 64 00 
600      1D 00 40 70 64 00 10 
500      1D 00 40 70 64 00 10 
749      0D 00 AE 03 38 32 
748      0D 00 AE 03 38 32 
740      1D 00 47 11 1F 72 64 00 
600      1D 00 40 72 64 00 10 
500      1D 00 40 72 64 00 10 
749      0D 00 AE 03 39 32 
748      0D 00 AE 03 39 32 
200      15 00 01 04 00 
200      19 00 01 04 00 
749      05 00 AE 40 00 00 00 
749      09 00 AE 40 00 00 00 
740      1D 00 48 FF 00 FF 00 
749      0D 00 AE 05 00 00 
748      0D 00 AE 05 00 00 
100      1D 00 71 FF 00 14 
740      1D 00 47 01 20 9E 66 00 
600      1D 00 40 9E 66 00 00 
500      1D 00 40 9E 66 00 00 
749      0D 00 AE 03 4F 33 
748      0D 00 AE 03 4F 33 
749      0D 00 AE 04 00 00 
748      0D 00 AE 04 00 00 
100      15 00 63 80 00 15 
24A      0D 00 AE 0B 20 00 
748      0D 00 AE 0B 20 00 
749      0D 00 AE 0B 20 00 
100      1D 00 73 FF 08 16 
100      1D 00 E9 01 01 17 
180      14 00 34 08 E0 3D 
100      1D 00 73 FF 04 18 
180      14 00 34 08 E8 3E 
741      1D 00 40 2E 6B 
100      1D 00 73 FF 04 19 
180      15 00 32 01 31 3F 
100      1D 00 73 FF 08 1A 
740      1D 00 47 00 20 9E 66 00 
180      15 00 32 01 30 40 
100      1D 00 73 FF 08 1B 
781      11 00 50 0A 09 8C 
100      1D 00 73 FF 08 1C 
