740      1D 00 48 FF 00 FF 00 
740      1D 00 47 00 03 D8 00 00 
600      1D 00 40 D8 00 00 00 
500      1D 00 40 D8 00 00 00 
749      0D 00 AE 03 6C 00 
748      0D 00 AE 03 6C 00 
749      0D 00 AE 04 00 00 
748      0D 00 AE 04 00 00 
749      0D 00 AE 05 00 00 
748      0D 00 AE 05 00 00 
100      1D 00 73 FF 08 E1 
742      1D 00 50 FF 08 
249      0D 00 AE 10 
781      11 00 50 0C 0D F8 
180      15 00 20 08 08 73 
180      15 00 36 01 01 74 
200      15 00 01 04 04 
200      19 00 01 04 04 
749      05 00 AE 40 01 00 00 
749      09 00 AE 40 01 00 00 
740      1D 00 48 FF 00 FF 02 
749      0D 00 AE 05 00 02 
748      0D 00 AE 05 00 02 
100      1D 00 71 FF 10 E2 
740      1D 00 47 10 03 D8 00 00 
600      1D 00 40 D8 00 00 10 
500      1D 00 40 D8 00 00 10 
749      0D 00 AE 04 01 00 
748      0D 00 AE 04 01 00 
741      1D 00 42 
100      1D 00 E9 01 00 E3 
180      15 00 20 08 00 75 
180      15 00 36 01 00 76 
1C0      15 00 22 20 20 
1C0      15 00 22 20 00 
740      1D 00 47 11 03 D8 00 00 
100      1D 00 73 FF 08 E4 
249      0D 00 AE 0D FF FF 00 00 
740      1D 00 47 11 04 64 00 00 
600      1D 00 40 64 00 00 10 
500      1D 00 40 64 00 00 10 
749      0D 00 AE 03 32 00 
748      0D 00 AE 03 32 00 
100      15 00 60 08 00 E5 
200      15 04 01 04 04 
749      05 04 AE 40 01 00 00 
24A      0D 00 AE 0B 04 00 
748      0D 00 AE 0B 04 00 
749      0D 00 AE 0B 04 00 
100      1D 00 71 FF 90 E6 
1C1      15 00 23 80 80 
1C1      15 00 23 80 00 
1C1      15 00 24 02 02 
1C1      15 00 24 02 00 
1C1      15 00 24 04 04 
1C1      15 00 24 04 00 
100      1D 00 E9 01 01 E7 
180      14 00 34 08 E0 77 
180      14 00 34 08 E8 78 
100      1D 00 73 FF 04 E8 
742      1D 00 20 FF 04 
180      14 00 34 08 E0 79 
100      1D 00 73 FF 04 E9 
742      1D 00 50 FF 04 
180      14 00 34 08 E8 7A 
741      1D 00 40 08 38 
741      1D 00 41 
781      11 00 50 0D 0D 4A 
781      11 00 50 0C 0C CF 
180      15 00 32 01 31 7B 
740      1D 00 47 10 04 64 00 00 
100      1D 00 73 FF 04 EA 
100      1D 00 73 FF 08 EB 
742      1D 00 20 FF 08 
180      15 00 32 01 30 7C 
100      1D 00 73 FF 08 EC 
100      1D 00 71 FF 10 ED 
200      15 04 01 04 00 
749      05 04 AE 40 00 00 00 
100      1D 00 E9 01 00 EE 
740      1D 00 47 11 05 66 00 00 
600      1D 00 40 66 00 00 10 
500      1D 00 40 66 00 00 10 
749      0D 00 AE 03 33 00 
748      0D 00 AE 03 33 00 
740      1D 00 47 11 06 68 00 00 
600      1D 00 40 68 00 00 10 
500      1D 00 40 68 00 00 10 
749      0D 00 AE 03 34 00 
748      0D 00 AE 03 34 00 
100      1D 00 73 FF 08 EF 
740      1D 00 47 11 07 6A 00 00 
600      1D 00 40 6A 00 00 10 
500      1D 00 40 6A 00 00 10 
749      0D 00 AE 03 35 00 
748      0D 00 AE 03 35 00 
740      1D 00 47 11 08 6C 00 00 
600      1D 00 40 6C 00 00 10 
500      1D 00 40 6C 00 00 10 
749      0D 00 AE 03 36 00 
748      0D 00 AE 03 36 00 
740      1D 00 47 11 09 6E 00 00 
600      1D 00 40 6E 00 00 10 
500      1D 00 40 6E 00 00 10 
749      0D 00 AE 03 37 00 
748      0D 00 AE 03 37 00 
100      1D 00 73 FF 08 F0 
740      1D 00 47 11 0A 70 00 00 
600      1D 00 40 70 00 00 10 
500      1D 00 40 70 00 00 10 
749      0D 00 AE 03 38 00 
748      0D 00 AE 03 38 00 
740      1D 00 47 11 0B 72 00 00 
600      1D 00 40 72 00 00 10 
500      1D 00 40 72 00 00 10 
749      0D 00 AE 03 39 00 
748      0D 00 AE 03 39 00 
740      1D 00 47 11 0C 9E D8 00 
600      1D 00 40 9E D8 00 10 
500      1D 00 40 9E D8 00 10 
749      0D 00 AE 03 4F 6C 
748      0D 00 AE 03 4F 6C 
249      0D 00 AE 0D 2A 15 00 00 
249      0D 00 AE 31 F6 08 00 00 
100      1D 00 73 FF 08 F1 
740      1D 00 47 11 0D D8 D8 00 
600      1D 00 40 D8 D8 00 10 
500      1D 00 40 D8 D8 00 10 
749      0D 00 AE 03 6C 6C 
748      0D 00 AE 03 6C 6C 
740      1D 00 47 11 0E 64 D8 00 
600      1D 00 40 64 D8 00 10 
500      1D 00 40 64 D8 00 10 
749      0D 00 AE 03 32 6C 
748      0D 00 AE 03 32 6C 
740      1D 00 47 11 0F 66 D8 00 
600      1D 00 40 66 D8 00 10 
500      1D 00 40 66 D8 00 10 
749      0D 00 AE 03 33 6C 
748      0D 00 AE 03 33 6C 
740      1D 00 47 11 10 68 D8 00 
600      1D 00 40 68 D8 00 10 
500      1D 00 40 68 D8 00 10 
749      0D 00 AE 03 34 6C 
748      0D 00 AE 03 34 6C 
100      1D 00 73 FF 08 F2 
740      1D 00 47 11 11 6A D8 00 
600      1D 00 40 6A D8 00 10 
500      1D 00 40 6A D8 00 10 
749      0D 00 AE 03 35 6C 
748      0D 00 AE 03 35 6C 
740      1D 00 47 11 12 6C D8 00 
600      1D 00 40 6C D8 00 10 
500      1D 00 40 6C D8 00 10 
749      0D 00 AE 03 36 6C 
748      0D 00 AE 03 36 6C 
740      1D 00 47 11 13 6E D8 00 
600      1D 00 40 6E D8 00 10 
500      1D 00 40 6E D8 00 10 
749      0D 00 AE 03 37 6C 
748      0D 00 AE 03 37 6C 
100      1D 00 73 FF 08 F3 
740      1D 00 47 11 14 70 D8 00 
600      1D 00 40 70 D8 00 10 
500      1D 00 40 70 D8 00 10 
749      0D 00 AE 03 38 6C 
748      0D 00 AE 03 38 6C 
740      1D 00 47 11 15 72 D8 00 
600      1D 00 40 72 D8 00 10 
500      1D 00 40 72 D8 00 10 
749      0D 00 AE 03 39 6C 
748      0D 00 AE 03 39 6C 
740      1D 00 47 11 16 9E 64 00 
600      1D 00 40 9E 64 00 10 
500      1D 00 40 9E 64 00 10 
749      0D 00 AE 03 4F 32 
748      0D 00 AE 03 4F 32 
100      1D 00 71 FF 90 F4 
100      15 00 62 20 00 F5 
200      15 16 01 04 04 
749      05 16 AE 40 01 00 00 
24A      0D 00 AE 0B 16 00 
748      0D 00 AE 0B 16 00 
749      0D 00 AE 0B 16 00 
100      1D 00 73 FF 08 F6 
100      1D 00 E9 01 01 F7 
180      14 00 34 08 E0 7D 
180      14 00 34 08 E8 7E 
180      14 00 34 08 E0 7F 
180      14 00 34 08 E8 80 
180      14 00 34 08 E0 81 
180      14 00 34 08 E8 82 
100      1D 00 73 FF 04 F8 
180      14 00 34 08 E0 83 
180      14 00 34 08 E8 84 
741      1D 00 40 20 CB 
781      11 00 50 0C 0C 76 
781      11 00 50 0C 0B FA 
781      11 00 50 0B 0B 03 
100      1D 00 73 FF 04 F9 
180      15 00 32 01 31 85 
781      11 00 50 0E 0E 60 
781      11 00 50 0E 0D E6 
100      1D 00 73 FF 08 FA 
781      11 00 50 0D 0D 6B 
180      15 00 32 01 30 86 
740      1D 00 47 10 16 9E 64 00 
100      1D 00 73 FF 08 FB 
781      11 00 50 0D 0C F1 
200      15 16 01 04 00 
749      05 16 AE 40 00 00 00 
100      1D 00 71 FF 10 FC 
100      1D 00 E9 01 00 FD 
100      1D 00 73 FF 08 FE 
740      1D 00 47 11 17 D8 64 00 
600      1D 00 40 D8 64 00 10 
500      1D 00 40 D8 64 00 10 
749      0D 00 AE 03 6C 32 
748      0D 00 AE 03 6C 32 
740      1D 00 47 11 18 64 64 00 
600      1D 00 40 64 64 00 10 
500      1D 00 40 64 64 00 10 
749      0D 00 AE 03 32 32 
748      0D 00 AE 03 32 32 
740      1D 00 47 11 19 66 64 00 
600      1D 00 40 66 64 00 10 
500      1D 00 40 66 64 00 10 
749      0D 00 AE 03 33 32 
748      0D 00 AE 03 33 32 
100      1D 00 73 FF 08 FF 
740      1D 00 47 11 1A 68 64 00 
600      1D 00 40 68 64 00 10 
500      1D 00 40 68 64 00 10 
749      0D 00 AE 03 34 32 
748      0D 00 AE 03 34 32 
740      1D 00 47 11 1B 6A 64 00 
600      1D 00 40 6A 64 00 10 
500      1D 00 40 6A 64 00 10 
749      0D 00 AE 03 35 32 
748      0D 00 AE 03 35 32 
740      1D 00 47 11 1C 6C 64 00 
600      1D 00 40 6C 64 00 10 
500      1D 00 40 6C 64 00 10 
749      0D 00 AE 03 36 32 
748      0D 00 AE 03 36 32 
740      1D 00 47 11 1D 6E 64 00 
600      1D 00 40 6E 64 00 10 
500      1D 00 40 6E 64 00 10 
749      0D 00 AE 03 37 32 
748      0D 00 AE 03 37 32 
100      1D 00 73 FF 08 00 
740      1D 00 47 11 1E 70 64 00 
600      1D 00 40 70 64 00 10 
500      1D 00 40 70 64 00 10 
749      0D 00 AE 03 38 32 
748      0D 00 AE 03 38 32 
740      1D 00 47 11 1F 72 64 00 
600      1D 00 40 72 64 00 10 
500      1D 00 40 72 64 00 10 
749      0D 00 AE 03 39 32 
748      0D 00 AE 03 39 32 
100      15 00 63 80 00 01 
200      15 20 01 04 04 
749      05 20 AE 40 01 00 00 
24A      0D 00 AE 0B 20 00 
748      0D 00 AE 0B 20 00 
749      0D 00 AE 0B 20 00 
100      1D 00 71 FF 90 02 
740      1D 00 47 11 20 9E 66 00 
600      1D 00 40 9E 66 00 10 
500      1D 00 40 9E 66 00 10 
749      0D 00 AE 03 4F 33 
748      0D 00 AE 03 4F 33 
100      1D 00 73 FF 08 03 
100      1D 00 E9 01 01 04 
180      14 00 34 08 E0 87 
100      1D 00 73 FF 04 05 
180      14 00 34 08 E8 88 
741      1D 00 40 2E 6B 
100      1D 00 73 FF 04 06 
781      11 00 FA 04 
180      15 00 32 01 31 89 
100      1D 00 73 FF 08 07 
180      15 00 32 01 30 8A 
740      1D 00 47 10 20 9E 66 00 
100      1D 00 73 FF 08 08 
249      0D 00 AE 0D 2B 15 00 00 
200      15 20 01 04 00 
100      1D 00 71 FF 10 09 
749      05 20 AE 40 00 00 00 
100      1D 00 E9 01 00 0A 
100      1D 00 73 FF 08 0B 
740      1D 00 47 11 21 D8 66 00 
600      1D 00 40 D8 66 00 10 
500      1D 00 40 D8 66 00 10 
749      0D 00 AE 03 6C 33 
748      0D 00 AE 03 6C 33 
740      1D 00 47 11 22 64 66 00 
600      1D 00 40 64 66 00 10 
500      1D 00 40 64 66 00 10 
749      0D 00 AE 03 32 33 
748      0D 00 AE 03 32 33 
100      1D 00 71 FF 90 0C 
100      15 00 64 02 00 0D 
200      15 22 01 04 04 
749      05 22 AE 40 01 00 00 
24A      0D 00 AE 0B 22 00 
748      0D 00 AE 0B 22 00 
749      0D 00 AE 0B 22 00 
100      1D 00 73 FF 08 0E 
100      1D 00 E9 01 01 0F 
180      14 00 34 08 E0 8B 
180      14 00 34 08 E8 8C 
180      14 00 34 08 E0 8D 
100      1D 00 73 FF 04 10 
180      14 00 34 08 E8 8E 
741      1D 00 40 31 28 
180      15 00 32 01 31 8F 
740      1D 00 47 10 22 64 66 00 
100      1D 00 73 FF 04 11 
100      1D 00 73 FF 08 12 
180      15 00 32 01 30 90 
100      1D 00 73 FF 08 13 
100      1D 00 71 FF 10 14 
200      15 22 01 04 00 
749      05 22 AE 40 00 00 00 
100      1D 00 E9 01 00 15 
100      1D 00 73 FF 08 16 
740      1D 00 47 11 23 66 66 00 
600      1D 00 40 66 66 00 10 
500      1D 00 40 66 66 00 10 
749      0D 00 AE 03 33 33 
748      0D 00 AE 03 33 33 
200      15 00 01 04 00 
200      19 00 01 04 00 
749      05 00 AE 40 00 00 00 
749      09 00 AE 40 00 00 00 
100      1D 00 71 FF 00 17 
740      1D 00 47 01 23 66 66 00 
600      1D 00 40 66 66 00 00 
500      1D 00 40 66 66 00 00 
100      15 00 64 04 00 18 
24A      0D 00 AE 0B 23 00 
748      0D 00 AE 0B 23 00 
749      0D 00 AE 0B 23 00 
100      1D 00 E9 01 01 19 
180      14 00 34 08 E0 91 
180      14 00 34 08 E8 92 
180      14 00 34 08 E0 93 
100      1D 00 73 FF 04 1A 
180      14 00 34 08 E8 94 
741      1D 00 40 32 87 
100      1D 00 73 FF 04 1B 
180      15 00 32 01 31 95 
100      1D 00 73 FF 08 1C 
740      1D 00 47 00 23 66 66 00 
100      1D 00 73 FF 08 1D 
180      15 00 32 01 30 96 
781      11 00 50 0F 0E DA 
100      1D 00 73 FF 08 1E 
