说明：有效位的每一位十六进制数表示一个有效数据的位置，从≥0，≤15

原始文件名：C:\Users\29171\source\repos\YSW-LJH\Elevator\测试数据\xin\xin_1_4.txt
ID:008 前置字节：
有效位：6
原始数据：
	0
	0
	0
	0
	0
	0
	0
	0
	0
	0
	0
	0
	0
	0
	0
	0
	0
	0
	0
	0
	0
	0
	0
	0
	0
	0
	0
	0
	0
	0
	0
	0
	0
	0
	0
	0
	0
	0
	0
	0
	0
	0
	0
	0
	0
	0
	0
	0
	0
	0
	0
	0
	0
	0
	0
	0
	0
	0
	0
	0
	0
	0
	0
	0
	0
	0
	0
	0
	0
	0
	0
	0
	0
	0
	0
	0
	0
	0
	0
	0
	0
	0
	0
	0
	0
	0
	0
	0
	0
	0
	0
	0
	0
	0
	0
	0
	0
	0
	0
	0
	0
	0
	0
	0
	0
	0
	0
	6
	0
	0
	0
	0
	0
	0
	0
	0
	0
	0
	0
	0
	0
	0
	0
	0
	0
	0
	0
	0
	0
	0
	0
	0
	0
	0
	0
	0
	0
	0
	0
	0
	0
	0
	0
	0
	0
	0
	0
	0
	0
	B
	0
	0
	0
	0
	0
	0
	0
	0
	0
	0
	0
	0
	0
	0
	0
	0
	0
	0
	0
	0
	0
	0
	0
	0
	0
	0
	0
	0
	0
	0
	0
	0
	0
	0
	0
	0
	0
	0
	0
	0
	0
	0
	B
	0
	0
	0
	0
	0
	0
	0
	0
	0
	0
	0
	0
	0
	0
	0
	0
	0
	0
	0
	0
	0
	0
	0
	0
	0
	0
	0
	0
	0
	0
	0
	0
	0
	0
	0
	0
	0
	0
	0
	0
	0
	0
	C
	0
	0
	0
	0
	0
	0
	0
	0
	0
	0
	0
	0
	0
	0
	0
	0
	0
	0
	0
	0
	0
	0
	0
	0
	0
	0
	0
	0
	0
	0
	0
	0
	0
	0
	0
	0
	0
	0
	0
	0
	0
	0
	0
	0
	0
	0
	0
	0
	0
	0
	0
	0
	0
	0
	0
	0
	0
	0
	0
	0
	0
	0
	0
	0
	0
	2
	0
	0
	0
	0
	0
	0
	0
	0
	0
	0
	0
	0
	0
	0
	0
	0
	0
	0
	0
	0
	0
	0
	0
	0
	0
	0
	0
	0
	0
	0
	0
	0
	0
	0
	0
	0
	0
	0
	0
	0
	0
	0
	0
	0
	0
	0
	0
	0
	0
	0
	0
	0
	0
	0
	0
	0
	0
	0
	0
	0
	0
	0
	0
	0
	0
	0
	0
	0
	0
	0
	0
	0
	0
	0
	0
	1
	4
	0
	0
	0
	0
	0
	0
	1
	0
	1
	0
	0
	0
	0
	0
	0
	0
	0
	0
	0
	0
	0
	0
	0
	0
	0
	0
	0
	0
	0
	0
	0
	0
	0
	0
	0
	0
	0
	0
	0
	0
	0
	0
	0
	0
	0
	0
	0
	0
	0
	0
	0
	0
	0
	0
	0
	0
	0
	0
	0
ID:009 前置字节：
有效位：1
原始数据：
	2
	2
	2
	2
	2
	2
	2
	2
	2
	2
	2
	2
	2
	2
	2
	2
	2
	2
	2
	2
	2
	2
	2
	2
	2
	2
	2
	2
	2
	2
	2
	2
	2
	2
	2
	2
	2
	2
	2
	2
	2
	2
	2
	2
	2
	2
	2
	2
	2
	2
	2
	2
	2
	2
	2
	2
	2
	2
	2
	2
	2
	2
	2
	2
	2
	2
	2
	2
	2
	2
	2
	2
	2
	2
	2
	2
	2
	2
	2
	2
	2
	2
	2
	2
	2
	2
	2
	2
	2
	2
	2
	2
	2
	2
	2
	2
	2
	2
	2
	2
	2
	2
	2
	2
	2
	2
	2
	2
	2
	2
	2
	2
	2
	2
	2
	2
	2
	2
	2
	2
	2
	2
	2
	2
	2
	2
	2
	2
	2
	2
	2
	2
	2
	2
	2
	2
	2
	2
	2
	2
	2
	2
	2
	2
	2
	2
	2
	2
	2
	2
	2
	2
	2
	2
	2
	2
	2
	2
	2
	2
	2
	2
	2
	2
	2
	2
	2
	2
	2
	2
	2
	2
	2
	2
	2
	2
	2
	2
	2
	2
	2
	2
	2
	2
	2
	2
	2
	2
	2
	2
	2
	2
	2
	2
	2
	2
	2
	2
	2
	2
	2
	2
	2
	2
	2
	2
	2
	2
	2
	2
	2
	2
	2
	2
	2
	2
	2
	2
	2
	2
	2
	2
	2
	2
	2
	2
	2
	2
	2
	2
	2
	2
	2
	2
	2
	2
	2
	2
	2
	2
	2
	2
	2
	2
	2
	2
	2
	2
	2
	2
	2
	2
	2
	2
	2
	2
	2
	2
	2
	2
	2
	2
	2
	2
	2
	2
	2
	2
	2
	2
	2
	2
	2
	2
	2
	2
	2
	2
	2
	2
	2
	2
	2
	2
	2
	2
	2
	2
	2
	2
	2
	2
	2
	2
	2
	2
	2
	2
	2
	2
	2
	3
	3
	3
	3
	3
	3
	3
	3
	3
	1
	1
	1
	1
	1
	1
	1
	1
	1
	1
	1
	1
	1
	1
	1
	1
	1
	1
	1
	1
	1
	1
	1
	1
	1
	1
	1
	1
	1
	1
	1
	1
	1
	1
	1
	1
	1
	1
	1
	1
	1
	1
	1
	1
	1
	1
	1
	1
	1
	1
	1
	1
	1
	1
	1
	1
	1
	1
	1
	1
	1
	1
	1
	1
	3
	3
	3
	3
	3
	3
	3
	3
	2
	2
	2
	2
	2
	2
	2
	2
	2
	2
	2
	2
	2
	2
	2
	2
	2
	2
	2
	2
	2
	2
	2
	2
	2
	2
	2
	2
	2
	2
	2
	2
	2
	2
	2
	2
	2
	2
	2
	2
	2
	2
	2
	2
	2
	2
	2
	2
	2
	2
ID:00A 前置字节：
有效位：125
原始数据：
	070
	070
	070
	070
	070
	070
	070
	070
	070
	070
	070
	070
	070
	070
	164
	070
	064
	070
	070
	070
	070
	070
	070
	070
	070
	070
	070
	070
	070
	070
	070
	070
	070
	070
	070
	070
	070
	070
	070
	070
	070
	070
	070
	070
	070
	070
	070
	070
	070
	070
	070
	070
	070
	070
	070
	070
	070
	070
	070
	070
	070
	070
	070
	070
	070
	070
	070
	070
	070
	070
	070
	070
	070
	070
	070
	070
	070
	070
	070
	070
	070
	070
	070
	070
	070
	070
	070
	070
	070
	070
	070
	070
	070
	070
	070
	070
	070
	070
	070
	070
	070
	070
	070
	070
	070
	070
	070
	070
	070
	070
	070
	070
	070
	070
	070
	070
	070
	070
	070
	070
	070
	070
	070
	070
	070
	070
	070
	070
	070
	070
	070
	070
	070
	070
	070
	070
	070
	070
	070
	070
	070
	070
	070
	070
	070
	070
	070
	070
	070
	070
	070
	070
	070
	070
	070
	070
	070
	070
	070
	070
	070
	070
	070
	070
	070
	070
	070
	070
	070
	070
	070
	070
	070
	070
	070
	070
	070
	070
	070
	070
	070
	070
	070
	070
	070
	070
	070
	070
	070
	070
	070
	070
	070
	070
	070
	070
	070
	070
	070
	070
	070
	070
	070
	070
	070
	070
	070
	070
	070
	070
	070
	070
	070
	070
	070
	070
	070
ID:01F 前置字节：
有效位：0
原始数据：
	0
	0
	0
	0
	0
	0
	0
	0
	0
	0
	0
	0
	0
	0
	0
	0
	0
	0
	0
	0
	0
	0
ID:021 前置字节：
有效位：0
原始数据：
	0
	0
	0
	0
	0
	0
	0
	0
	0
	0
	0
	0
	0
	0
	0
	0
	0
	0
	0
	0
	0
	0
	0
ID:022 前置字节：
有效位：0
原始数据：
	0
	0
	0
	0
	0
	0
	0
	0
	0
	0
	0
	0
	0
	0
	0
	0
	0
	0
	0
	0
	0
	0
	0

原始文件名：C:\Users\29171\source\repos\YSW-LJH\Elevator\测试数据\xin\xin_4_1.txt
ID:008 前置字节：
有效位：6
原始数据：
	0
	0
	0
	0
	0
	0
	0
	0
	0
	0
	0
	0
	0
	0
	0
	0
	0
	0
	0
	0
	0
	0
	0
	0
	0
	0
	0
	0
	0
	0
	0
	0
	0
	0
	0
	0
	0
	0
	0
	0
	0
	0
	0
	0
	0
	0
	0
	2
	0
	0
	0
	0
	0
	0
	0
	4
	0
	0
	0
	0
	0
	0
	0
	0
	0
	3
	0
	0
	0
	0
	0
	3
	0
	0
	0
	0
	0
	0
	0
	0
	0
	0
	0
	0
	0
	A
	0
	0
	0
	0
	0
	0
	2
	0
	0
	0
	0
	0
	0
	0
	0
	0
	0
	0
	0
	1
	4
	0
	1
	0
	0
	0
	0
	0
ID:009 前置字节：
有效位：1
原始数据：
	2
	3
	1
ID:00A 前置字节：
有效位：125
原始数据：
	070
	161
	061
ID:01F 前置字节：
有效位：0
原始数据：
	0
ID:021 前置字节：
有效位：0
原始数据：
	0
ID:022 前置字节：
有效位：0
原始数据：
	0

原始文件名：C:\Users\29171\source\repos\YSW-LJH\Elevator\测试数据\xin\停在1楼_1.txt
ID:008 前置字节：
有效位：6
原始数据：
	0
	0
	0
	0
	0
	0
	0
	0
	0
	0
	0
	0
	0
	0
	0
	0
	0
	0
	0
	0
	0
	0
	0
	0
	0
	0
	0
	0
	0
	0
	0
	0
	0
	0
	0
	0
	0
ID:009 前置字节：
有效位：1
原始数据：
	2
ID:00A 前置字节：
有效位：125
原始数据：
	070
ID:01F 前置字节：
有效位：0
原始数据：
	0
ID:021 前置字节：
有效位：0
原始数据：
	0
ID:022 前置字节：
有效位：0
原始数据：
	0

原始文件名：C:\Users\29171\source\repos\YSW-LJH\Elevator\测试数据\xin\停在2楼_2.txt
ID:008 前置字节：
有效位：6
原始数据：
	0
	0
	0
	0
	0
	0
	0
	0
	0
	0
	0
	0
	0
	0
	0
	0
	0
	0
	0
	0
	0
	0
	0
	0
	0
	0
	0
	0
	0
	0
	0
	0
	0
	0
	0
	0
	0
	0
	0
	0
	0
	0
	0
	0
	0
ID:009 前置字节：
有效位：1
原始数据：
	2
ID:00A 前置字节：
有效位：125
原始数据：
	070
ID:01F 前置字节：
有效位：0
原始数据：
	0
ID:021 前置字节：
有效位：0
原始数据：
	0
ID:022 前置字节：
有效位：0
原始数据：
	0

原始文件名：C:\Users\29171\source\repos\YSW-LJH\Elevator\测试数据\xin\停在3楼_3.txt
ID:008 前置字节：
有效位：6
原始数据：
	0
	0
	0
	0
	0
	0
	0
	0
	0
	0
	0
	0
	0
	0
	0
	0
	0
	0
	0
	0
	0
	0
	0
	0
	0
	0
	0
	0
	0
	0
	0
	0
	0
	0
	0
	0
	0
	0
	0
	0
ID:009 前置字节：
有效位：1
原始数据：
	2
ID:00A 前置字节：
有效位：125
原始数据：
	070
ID:01F 前置字节：
有效位：0
原始数据：
	0
ID:021 前置字节：
有效位：0
原始数据：
	0
ID:022 前置字节：
有效位：0
原始数据：
	0

原始文件名：C:\Users\29171\source\repos\YSW-LJH\Elevator\测试数据\xin\停在4楼_4.txt
ID:008 前置字节：
有效位：6
原始数据：
	0
	0
	0
	0
	0
	0
	0
	0
	0
	0
	0
	0
	0
	0
	0
	0
	0
	0
	0
	0
	0
	0
	0
	0
	0
	0
	0
	0
	0
	0
	0
	0
	0
	0
	0
	0
	0
	0
	0
ID:009 前置字节：
有效位：1
原始数据：
	2
ID:00A 前置字节：
有效位：125
原始数据：
	070
ID:01F 前置字节：
有效位：0
原始数据：
	0
ID:021 前置字节：
有效位：0
原始数据：
	0
ID:022 前置字节：
有效位：0
原始数据：
	0

