008  02 AA 00 00 00 00 00 00 0 0 0001
020  00 AB 02 00 00 00 00 00 0 0 0001
009  42 87 00 00 00 00 00 00 0 0 0001
008  0E 0A 00 00 00 00 00 00 0 0 0001
00A  00 7E 00 00 00 00 00 00 0 0 0001
008  0F 0A 00 00 00 00 00 00 0 0 0001
008  03 AA 00 00 00 00 00 00 0 0 0001
021  00 AB 03 00 00 00 00 00 0 0 0001
008  10 0A 00 00 00 00 00 00 0 0 0001
008  00 82 00 01 00 00 00 00 0 0 0001
008  04 AA 00 00 00 00 00 00 0 0 0001
022  00 AB 04 00 00 00 00 00 0 0 0001
008  00 83 00 00 00 00 00 00 0 0 0001
008  00 84 00 00 00 00 00 00 0 0 0001
008  01 AA 00 00 00 00 00 00 0 0 0001
01F  00 AB 01 00 00 00 00 00 0 0 0001
008  00 85 00 00 00 20 20 34 4 0 0001
008  00 86 00 00 00 04 01 05 4 0 0001
008  14 0A 10 05 04 16 28 48 0 0 0001
008  01 BC 04 00 00 00 00 00 0 0 0001
008  00 01 04 00 00 04 0C 00 4 0 0001
008  01 0A 00 00 00 00 00 00 0 0 0001
008  02 0A 00 00 00 00 00 00 0 0 0001
008  03 0A 00 00 00 00 00 00 0 0 0001
008  04 0A 04 00 00 00 04 1E 4 0 0001
008  05 0A 00 00 00 00 00 00 0 0 0001
008  14 0A 10 05 04 16 28 49 0 0 0001
008  06 0A 00 00 00 00 00 00 0 0 0001
008  07 0A 00 00 00 00 00 00 0 0 0001
008  08 0A 00 00 00 00 00 00 0 0 0001
008  09 0A 00 00 00 00 00 00 0 0 0001
008  0A 0A 00 00 06 16 28 49 0 0 0001
008  0B 0A 00 00 00 00 00 00 0 0 0001
008  0C 0A 00 00 00 00 00 00 0 0 0001
008  0D 0A 00 00 00 00 00 00 0 0 0001
008  14 0A 10 05 04 16 28 50 0 0 0001
008  14 0A 10 05 04 16 28 51 0 0 0001
008  0A 0A 00 00 06 16 28 51 0 0 0001
00A  01 6E 01 00 00 00 00 00 0 0 0001
008  03 0A 01 00 00 00 00 00 0 0 0001
008  00 01 04 04 00 04 0C 00 4 0 0001
008  04 0A 04 00 00 01 04 1E 4 0 0001
008  07 0A 01 00 00 00 00 00 0 0 0001
008  09 0A 01 00 00 00 00 00 0 0 0001
00A  00 6E 01 00 00 00 00 00 0 0 0001
008  00 01 04 03 00 04 0E 00 4 0 0001
008  14 0A 10 05 04 16 28 52 0 0 0001
008  00 BC 04 00 00 00 00 00 4 0 0001
008  14 0A 10 05 04 16 28 53 0 0 0001
008  0A 0A 00 00 06 16 28 53 0 0 0001
008  00 86 00 00 00 03 01 05 3 0 0001
008  14 0A 10 05 04 16 28 54 0 0 0001
008  00 01 04 03 00 04 0A 00 4 0 0001
008  00 82 00 00 00 00 00 00 0 0 0001
008  00 86 00 00 00 02 01 05 2 0 0001
008  0A 0A FE 2D 06 16 28 55 0 0 0001
008  00 01 04 03 00 04 02 00 4 0 0001
008  14 0A 10 05 04 16 28 56 0 0 0001
008  00 85 00 00 00 20 20 33 3 0 0010
008  00 01 03 03 00 03 02 00 3 0 0010
008  04 0A 04 00 00 01 03 1E 3 0 0010
008  00 01 03 03 00 03 06 00 3 0 0010
008  00 BC 03 00 00 00 00 00 3 0 0010
008  0A 0A FD 40 04 16 28 57 0 0 0010
008  00 01 03 03 00 03 0E 00 3 0 0010
008  00 01 03 03 00 03 0A 00 3 0 0010
008  14 0A 10 05 04 16 28 58 0 0 0010
008  14 0A 10 05 04 16 28 59 0 0 0010
008  00 85 00 00 00 20 20 32 2 0 0100
008  00 86 00 00 00 01 01 05 1 0 0100
008  00 01 02 03 00 02 02 00 2 0 0100
008  04 0A 04 00 00 01 02 1E 2 0 0100
008  00 BC 02 00 00 00 00 00 2 0 0100
008  0A 0A FD 3E 03 16 28 59 0 0 0100
008  00 01 02 03 00 02 06 00 2 0 0100
008  14 0A 10 05 04 16 29 00 0 0 0100
008  00 01 02 03 00 02 0E 00 2 0 0100
008  00 01 02 03 00 02 0A 00 2 0 0100
008  14 0A 10 05 04 16 29 01 0 0 0100
008  0A 0A FD 3E 01 16 29 02 0 0 0100
008  00 85 00 00 00 20 20 31 1 0 1000
008  00 01 01 03 00 01 02 00 1 0 1000
008  04 0A 04 00 00 01 01 1E 1 0 1000
008  00 01 01 03 00 01 06 00 1 0 1000
008  14 0A 10 05 04 16 29 03 0 0 1000
008  00 BC 01 00 00 00 00 00 1 0 1000
008  02 82 00 00 00 00 00 00 0 0 1000
008  00 01 01 03 00 01 56 00 1 0 1000
008  04 0A 05 00 00 01 01 1E 1 0 1000
008  00 01 01 03 00 01 46 00 1 0 1000
008  02 82 00 01 00 00 00 00 0 0 1000
008  00 01 01 03 00 01 4E 00 1 0 1000
008  00 01 01 03 00 01 5E 00 1 0 1000
008  0A 0A FF AA 00 16 29 04 0 0 1000
008  04 0A 04 00 00 00 01 1E 1 0 1000
008  00 01 01 04 00 01 0E 00 1 0 1000
008  00 01 01 04 00 01 1E 00 1 0 1000
008  14 0A 10 05 04 16 29 05 0 0 1000
008  00 01 01 01 00 01 1C 00 1 0 1000
008  00 01 01 01 00 01 0C 00 1 0 1000
008  04 0A 04 20 00 00 01 1E 1 0 1000
008  10 82 00 01 00 00 00 00 0 0 1000
008  00 01 01 09 00 01 0C 00 1 0 1000
008  00 01 01 09 00 01 1C 00 1 0 1000
009  43 87 00 00 00 00 00 00 0 0 1000
008  00 86 00 00 00 01 01 01 1 0 1000
008  00 86 00 00 00 01 01 00 1 0 1000
008  14 0A 10 05 04 16 29 06 0 0 1000
009  41 87 00 00 00 00 00 00 0 0 1000
008  00 86 00 00 00 01 01 02 1 0 1000
008  01 BC 01 00 00 00 00 00 0 0 1000
008  0A 0A 00 00 00 16 29 07 0 0 1000
008  14 0A 10 05 04 16 29 08 0 0 1000
008  0A 0A 00 00 00 16 29 09 0 0 1000
008  08 82 00 01 00 00 00 00 0 0 1000
008  00 01 01 11 00 01 0C 00 1 0 1000
008  04 0A 04 40 00 00 01 1E 1 0 1000
008  14 0A 10 05 04 16 29 10 0 0 1000
008  00 01 01 10 00 01 0C 00 1 0 1000
008  00 01 01 00 00 01 0C 00 1 0 1000
008  0A 0A 00 00 00 16 29 11 0 0 1000
008  14 0A 10 05 04 16 29 12 0 0 1000
008  0A 0A 00 00 00 16 29 13 0 0 1000
008  14 0A 10 05 04 16 29 13 0 0 1000

