249      0D 00 AE 10 
249      0D 00 AE 10 
249      0D 00 AE 10 
781      11 00 50 09 09 68 
249      0D 00 AE 10 
249      0D 00 AE 10 
781      11 00 50 09 09 68 
249      0D 00 AE 10 
781      11 00 50 09 09 68 
249      0D 00 AE 10 
249      0D 00 AE 10 
740      1D 00 48 FF 00 FF 00 
740      1D 00 47 00 04 64 00 00 
600      1D 00 40 64 00 00 00 
500      1D 00 40 64 00 00 00 
749      0D 00 AE 03 32 00 
748      0D 00 AE 03 32 00 
749      0D 00 AE 04 00 00 
748      0D 00 AE 04 00 00 
749      0D 00 AE 05 00 00 
748      0D 00 AE 05 00 00 
100      1D 00 73 FF 04 42 
742      1D 00 50 FF 04 
249      0D 00 AE 10 
249      0D 00 AE 10 
249      0D 00 AE 10 
781      11 00 50 09 08 EA 
249      0D 00 AE 10 
781      11 00 50 09 09 68 
249      0D 00 AE 10 
249      0D 00 AE 10 
781      11 00 50 09 09 68 
249      0D 00 AE 10 
249      0D 00 AE 10 
249      0D 00 AE 10 
740      1D 00 48 FF 00 FF 00 
740      1D 00 47 00 04 64 00 00 
600      1D 00 40 64 00 00 00 
500      1D 00 40 64 00 00 00 
749      0D 00 AE 03 32 00 
748      0D 00 AE 03 32 00 
749      0D 00 AE 04 00 00 
748      0D 00 AE 04 00 00 
749      0D 00 AE 05 00 00 
748      0D 00 AE 05 00 00 
100      1D 00 73 FF 04 43 
742      1D 00 50 FF 04 
249      0D 00 AE 10 
249      0D 00 AE 10 
781      11 00 50 09 09 68 
249      0D 00 AE 10 
249      0D 00 AE 10 
249      0D 00 AE 10 
249      0D 00 AE 10 
249      0D 00 AE 10 
249      0D 00 AE 10 
249      0D 00 AE 10 
781      11 00 50 0A 09 E5 
249      0D 00 AE 10 
740      1D 00 48 FF 00 FF 00 
740      1D 00 47 00 04 64 00 00 
600      1D 00 40 64 00 00 00 
500      1D 00 40 64 00 00 00 
749      0D 00 AE 03 32 00 
748      0D 00 AE 03 32 00 
749      0D 00 AE 04 00 00 
748      0D 00 AE 04 00 00 
749      0D 00 AE 05 00 00 
748      0D 00 AE 05 00 00 
100      1D 00 73 FF 04 44 
742      1D 00 50 FF 04 
249      0D 00 AE 10 
781      11 00 FA 04 
249      0D 00 AE 10 
781      11 00 50 0A 09 E5 
249      0D 00 AE 10 
249      0D 00 AE 10 
249      0D 00 AE 10 
781      11 00 50 0A 0A 62 
249      0D 00 AE 10 
781      11 00 50 0A 09 E5 
249      0D 00 AE 10 
781      11 00 50 0A 09 E5 
781      11 00 50 0A 09 E5       11 00 50 0A 09 E5 
