740      1D 00 48 FF 00 FF 00 
740      1D 00 47 00 05 66 00 00 
600      1D 00 40 66 00 00 00 
500      1D 00 40 66 00 00 00 
749      0D 00 AE 03 33 00 
748      0D 00 AE 03 33 00 
749      0D 00 AE 04 00 00 
748      0D 00 AE 04 00 00 
749      0D 00 AE 05 00 00 
748      0D 00 AE 05 00 00 
100      1D 00 73 FF 04 25 
742      1D 00 50 FF 04 
249      0D 00 AE 10 
781      11 00 50 09 09 0F 
249      0D 00 AE 10 
100      1D 00 73 FF 08 26 
742      1D 00 20 FF 08 
781      11 00 50 09 09 0F 
249      0D 00 AE 10 
781      11 00 50 09 09 0F 
180      15 00 32 01 30 FA 
249      0D 00 AE 10 
781      11 00 50 09 09 0F 
249      0D 00 AE 10 
781      11 00 50 09 09 0F 
249      0D 00 AE 10 
249      0D 00 AE 10 
249      0D 00 AE 10 
180      15 00 20 08 08 FB 
180      15 00 36 01 01 FC 
180      15 00 20 08 00 FD 
180      15 00 36 01 00 FE 
200      15 00 01 08 08 
200      19 00 01 08 08 
740      1D 00 48 FF 00 FF 01 
749      0D 00 AE 05 00 01 
748      0D 00 AE 05 00 01 
100      1D 00 71 FF 82 27 
749      05 00 AE 40 02 00 00 
749      09 00 AE 40 02 00 00 
740      1D 00 47 20 05 66 00 00 
600      1D 00 40 66 00 00 20 
500      1D 00 40 66 00 00 20 
749      0D 00 AE 03 33 00 
748      0D 00 AE 03 33 00 
749      0D 00 AE 04 02 00 
748      0D 00 AE 04 02 00 
749      0D 00 AE 05 00 01 
748      0D 00 AE 05 00 01 
749      05 05 AE 40 02 00 00 
200      15 05 01 08 08 
781      11 00 50 09 09 0F 
180      15 00 20 04 04 FF 
180      15 00 36 01 01 00 
180      15 00 20 04 00 01 
180      15 00 36 01 00 02 
249      0D 00 AE 10 
781      11 00 50 09 09 0F 
249      0D 00 AE 10 
740      1D 00 48 FF 00 FF 01 
740      1D 00 47 20 05 66 00 00 
600      1D 00 40 66 00 00 20 
500      1D 00 40 66 00 00 20 
749      0D 00 AE 03 33 00 
748      0D 00 AE 03 33 00 
749      0D 00 AE 04 02 00 
748      0D 00 AE 04 02 00 
749      0D 00 AE 05 00 01 
748      0D 00 AE 05 00 01 
100      1D 00 73 FF 08 28 
742      1D 00 50 FF 08 
249      0D 00 AE 10 
781      11 00 50 0A 09 8C 
100      1D 00 71 FF 02 29 
200      15 05 01 08 00 
749      05 05 AE 40 00 00 00 
200      15 00 01 08 08 
749      05 00 AE 40 02 00 00 
749      09 00 AE 40 02 00 00 
200      19 00 01 08 08 
249      0D 00 AE 10 
741      1D 00 42 
100      1D 00 E9 01 00 2A 
249      0D 00 AE 10 
249      0D 00 AE 10 
249      0D 00 AE 10 
249      0D 00 AE 10 
249      0D 00 AE 10 
100      1D 00 71 FF 42 2B 
740      1D 00 47 21 04 64 00 00 
600      1D 00 40 64 00 00 20 
500      1D 00 40 64 00 00 20 
749      0D 00 AE 03 32 00 
748      0D 00 AE 03 32 00 
749      0D 00 AE 04 02 00 
748      0D 00 AE 04 02 00 
749      0D 00 AE 05 00 01 
748      0D 00 AE 05 00 01 
100      15 00 60 08 00 2C 
200      15 04 01 08 08 
749      05 04 AE 40 02 00 00 
24A      0D 00 AE 0B 04 00 
748      0D 00 AE 0B 04 00 
749      0D 00 AE 0B 04 00 
249      0D 00 AE 10 
249      0D 00 AE 10 
249      0D 00 AE 10 
740      1D 00 48 FF 00 FF 01 
740      1D 00 47 21 04 64 00 00 
600      1D 00 40 64 00 00 20 
500      1D 00 40 64 00 00 20 
749      0D 00 AE 03 32 00 
748      0D 00 AE 03 32 00 
749      0D 00 AE 04 02 00 
748      0D 00 AE 04 02 00 
749      0D 00 AE 05 00 01 
748      0D 00 AE 05 00 01 
100      1D 00 73 FF 08 2D 
742      1D 00 50 FF 08 
249      0D 00 AE 10 
100      1D 00 E9 01 01 2E 
180      14 00 34 08 E0 03 
180      14 00 34 08 E8 04 
180      14 00 34 08 E0 05 
249      0D 00 AE 10 
180      14 00 34 08 E8 06 
100      1D 00 73 FF 04 2F 
742      1D 00 20 FF 04 
249      0D 00 AE 10 
180      14 00 34 08 E0 07 
249      0D 00 AE 10 
249      0D 00 AE 10 
741      1D 00 40 08 40 
741      1D 00 41 
180      14 00 34 08 E8 08 
781      11 00 50 08 08 67 
249      0D 00 AE 10 
781      11 00 50 08 08 67 
249      0D 00 AE 10 
249      0D 00 AE 10 
249      0D 00 AE 10 
180      15 00 32 01 31 09 
249      0D 00 AE 10 
740      1D 00 48 FF 00 FF 01 
740      1D 00 47 20 04 64 00 00 
600      1D 00 40 64 00 00 20 
500      1D 00 40 64 00 00 20 
749      0D 00 AE 03 32 00 
748      0D 00 AE 03 32 00 
749      0D 00 AE 04 02 00 
748      0D 00 AE 04 02 00 
749      0D 00 AE 05 00 01 
748      0D 00 AE 05 00 01 
100      1D 00 73 FF 04 30 
742      1D 00 50 FF 04 
249      0D 00 AE 10 
781      11 00 50 08 08 67 
249      0D 00 AE 10 
249      0D 00 AE 10 
781      11 00 50 08 08 67 
249      0D 00 AE 10 
100      1D 00 73 FF 08 31 
742      1D 00 20 FF 08 
781      11 00 50 08 08 67 
249      0D 00 AE 10 
781      11 00 50 08 08 67 
249      0D 00 AE 10 
180      15 00 32 01 30 0A 
249      0D 00 AE 10 
781      11 00 50 08 08 67 
249      0D 00 AE 10 
781      11 00 50 08 08 67 
249      0D 00 AE 10 
740      1D 00 48 FF 00 FF 01 
740      1D 00 47 20 04 64 00 00 
600      1D 00 40 64 00 00 20 
500      1D 00 40 64 00 00 20 
749      0D 00 AE 03 32 00 
748      0D 00 AE 03 32 00 
749      0D 00 AE 04 02 00 
748      0D 00 AE 04 02 00 
749      0D 00 AE 05 00 01 
748      0D 00 AE 05 00 01 
100      1D 00 73 FF 08 32 
742      1D 00 50 FF 08 
249      0D 00 AE 10 
249      0D 00 AE 10 
781      11 00 50 08 08 67 
249      0D 00 AE 10 
781      11 00 50 08 08 67 
249      0D 00 AE 10 
100      1D 00 71 FF 02 33 
200      15 04 01 08 00 
749      05 04 AE 40 00 00 00 
200      15 00 01 08 08 
200      19 00 01 08 08 
749      05 00 AE 40 02 00 00 
749      09 00 AE 40 02 00 00 
741      1D 00 42 
100      1D 00 E9 01 00 34 
249      0D 00 AE 10 
249      0D 00 AE 10 
249      0D 00 AE 10 
249      0D 00 AE 10 
249      0D 00 AE 10 
740      1D 00 48 FF 00 FF 01 
740      1D 00 47 21 04 64 00 00 
600      1D 00 40 64 00 00 20 
500      1D 00 40 64 00 00 20 
749      0D 00 AE 03 32 00 
748      0D 00 AE 03 32 00 
749      0D 00 AE 04 02 00 
748      0D 00 AE 04 02 00 
749      0D 00 AE 05 00 01 
748      0D 00 AE 05 00 01 
100      1D 00 73 FF 08 35 
742      1D 00 50 FF 08 
249      0D 00 AE 10 
249      0D 00 AE 10 
200      15 00 01 08 00 
200      19 00 01 08 00 
740      1D 00 48 FF 00 FF 00 
749      0D 00 AE 05 00 00 
748      0D 00 AE 05 00 00 
749      05 00 AE 40 00 00 00 
749      09 00 AE 40 00 00 00 
100      1D 00 71 FF 00 36 
740      1D 00 47 01 03 D8 00 00 
600      1D 00 40 D8 00 00 00 
500      1D 00 40 D8 00 00 00 
749      0D 00 AE 03 6C 00 
748      0D 00 AE 03 6C 00 
749      0D 00 AE 04 00 00 
748      0D 00 AE 04 00 00 
749      0D 00 AE 05 00 00 
748      0D 00 AE 05 00 00 
100      15 00 60 04 00 37 
24A      0D 00 AE 0B 03 00 
748      0D 00 AE 0B 03 00 
749      0D 00 AE 0B 03 00 
249      0D 00 AE 10 
249      0D 00 AE 10 
249      0D 00 AE 10 
249      0D 00 AE 10 
249      0D 00 AE 10 
249      0D 00 AE 0D 45 15 00 00 
249      0D 00 AE 31 F6 08 00 00 
249      0D 00 AE 10 
100      1D 00 E9 01 01 38 
180      14 00 34 08 E0 0B 
180      14 00 34 08 E8 0C 
180      14 00 34 08 E0 0D 
249      0D 00 AE 10 
180      14 00 34 08 E8 0E 
100      1D 00 73 FF 04 39 
742      1D 00 20 FF 04 
180      14 00 34 08 E0 0F 
249      0D 00 AE 10 
740      1D 00 48 FF 00 FF 00 
740      1D 00 47 01 03 D8 00 00 
600      1D 00 40 D8 00 00 00 
500      1D 00 40 D8 00 00 00 
749      0D 00 AE 03 6C 00 
748      0D 00 AE 03 6C 00 
749      0D 00 AE 04 00 00 
748      0D 00 AE 04 00 00 
749      0D 00 AE 05 00 00 
748      0D 00 AE 05 00 00 
100      1D 00 73 FF 04 3A 
742      1D 00 50 FF 04 
249      0D 00 AE 10 
249      0D 00 AE 10 
741      1D 00 40 05 88 
741      1D 00 41 
180      14 00 34 08 E8 10 
249      0D 00 AE 10 
781      11 00 50 09 0A 8D 
249      0D 00 AE 10 
781      11 00 50 08 0A 0F 
249      0D 00 AE 10 
781      11 00 50 08 0A 0F 
249      0D 00 AE 10 
180      15 00 32 01 31 11 
249      0D 00 AE 10 
781      11 00 50 08 0A 0F 
249      0D 00 AE 10 
249      0D 00 AE 10 
249      0D 00 AE 10 
740      1D 00 48 FF 00 FF 00 
740      1D 00 47 00 03 D8 00 00 
600      1D 00 40 D8 00 00 00 
500      1D 00 40 D8 00 00 00 
749      0D 00 AE 03 6C 00 
748      0D 00 AE 03 6C 00 
749      0D 00 AE 04 00 00 
748      0D 00 AE 04 00 00 
749      0D 00 AE 05 00 00 
748      0D 00 AE 05 00 00 
100      1D 00 73 FF 04 3B 
742      1D 00 50 FF 04 
249      0D 00 AE 10 
249      0D 00 AE 10 
781      11 00 50 08 0A 0F 
100      1D 00 73 FF 08 3C 
742      1D 00 20 FF 08 
249      0D 00 AE 10 
781      11 00 50 08 0A 0F 
180      15 00 32 01 30 12 
249      0D 00 AE 10 
249      0D 00 AE 10 
781      11 00 50 08 0A 0F 
249      0D 00 AE 10 
249      0D 00 AE 10 
781      11 00 50 08 0A 0F 
249      0D 00 AE 10 
249      0D 00 AE 10 
781      11 00 50 09 0A 8D 
740      1D 00 48 FF 00 FF 00 
740      1D 00 47 00 03 D8 00 00 
600      1D 00 40 D8 00 00 00 
500      1D 00 40 D8 00 00 00 
749      0D 00 AE 03 6C 00 
748      0D 00 AE 03 6C 00 
749      0D 00 AE 04 00 00 
748      0D 00 AE 04 00 00 
749      0D 00 AE 05 00 00 
748      0D 00 AE 05 00 00 
100      1D 00 73 FF 08 3D 
742      1D 00 50 FF 08 
249      0D 00 AE 10 
781      11 00 50 09 0A 8D 
249      0D 00 AE 10 
781      11 00 50 08 0A 0F 
249      0D 00 AE 10 
249      0D 00 AE 10 
249      0D 00 AE 10 
249      0D 00 AE 10 
781      11 00 50 0B 0C FE 
249      0D 00 AE 10 
781      11 00 50 0A 0C 05 
249      0D 00 AE 10 
249      0D 00 AE 10 
781      11 00 50 09 0B 0A 
249      0D 00 AE 10 
740      1D 00 48 FF 00 FF 00 
740      1D 00 47 00 03 D8 00 00 
600      1D 00 40 D8 00 00 00 
500      1D 00 40 D8 00 00 00 
749      0D 00 AE 03 6C 00 
748      0D 00 AE 03 6C 00 
749      0D 00 AE 04 00 00 
748      0D 00 AE 04 00 00 
749      0D 00 AE 05 00 00 
748      0D 00 AE 05 00 00 
100      1D 00 73 FF 08 3E 
742      1D 00 50 FF 08 
249      0D 00 AE 10 
781      11 00 50 08 0A 0F 
249      0D 00 AE 10 
249      0D 00 AE 10 
249      0D 00 AE 10       0D 00 AE 10 
