009      42 87 00 00 00 00 00 00            10772
00A      00 7E 00 00 00 00 00 00            6048
009      41 87 00 00 00 00 00 00            1094
008      04 AA 00 00 00 00 00 00            722
022      00 AB 04 00 00 00 00 00            722
008      01 AA 00 00 00 00 00 00            722
01F      00 AB 01 00 00 00 00 00            722
008      02 AA 00 00 00 00 00 00            721
020      00 AB 02 00 00 00 00 00            721
008      03 AA 00 00 00 00 00 00            721
021      02 AB 03 00 00 00 00 00            720
008      00 82 00 01 00 00 00 00            339
008      00 83 00 00 00 00 00 00            321
008      00 84 00 00 00 00 00 00            321
008      05 0A 00 00 00 00 00 00            321
008      06 0A 00 00 00 00 00 00            321
008      08 0A 00 00 00 00 00 00            321
008      02 0A 00 00 00 00 00 00            321
008      0D 0A 00 00 00 00 00 00            320
008      0C 0A 00 00 00 00 00 00            320
008      0B 0A 00 00 00 00 00 00            320
008      0E 0A 00 00 00 00 00 00            320
008      0F 0A 00 00 00 00 00 00            320
008      10 0A 00 00 00 00 00 00            320
008      01 0A 00 00 00 00 00 00            317
009      43 87 00 00 00 00 00 00            293
008      09 0A 00 00 00 00 00 00            283
008      07 0A 00 00 00 00 00 00            282
008      03 0A 00 00 00 00 00 00            280
008      01 BC 02 00 00 00 00 00            183
008      01 BC 01 00 00 00 00 00            130
008      01 BC 03 00 00 00 00 00            122
008      00 85 00 00 00 20 20 32            117
008      00 86 00 00 00 02 01 05            111
008      04 0A 04 00 00 00 02 25            103
008      00 85 00 00 00 20 20 33            88
008      01 BC 04 00 00 00 00 00            88
008      00 01 02 00 00 02 0C 00            86
008      04 0A 04 00 00 00 03 25            79
008      00 86 00 00 00 03 01 05            78
008      00 86 00 00 00 01 01 05            77
008      00 85 00 00 00 20 20 31            76
008      04 0A 04 00 00 00 01 25            74
008      00 01 01 00 00 01 0C 00            62
008      00 01 03 00 00 03 0C 00            58
008      00 85 00 00 00 20 20 34            58
008      00 86 00 00 00 04 01 05            57
008      04 0A 04 00 00 00 04 25            55
008      00 01 04 00 00 04 0C 00            42
008      00 BC 03 00 00 00 00 00            42
008      00 82 00 00 00 00 00 00            36
008      00 BC 02 00 00 00 00 00            35
008      04 0A 04 00 00 01 03 25            28
008      00 01 02 04 00 02 0C 00            25
008      00 01 03 04 00 03 0C 00            25
008      00 BC 04 00 00 00 00 00            24
008      04 0A 04 00 00 01 02 25            22
008      03 0A 02 00 00 00 00 00            21
008      00 01 03 04 00 03 2C 00            20
008      07 0A 02 00 00 00 00 00            20
008      10 82 00 01 00 00 00 00            19
008      00 01 01 01 00 01 0C 00            19
008      08 82 00 01 00 00 00 00            19
008      09 0A 02 00 00 00 00 00            19
008      03 0A 08 00 00 00 00 00            18
008      09 0A 08 00 00 00 00 00            18
008      07 0A 08 00 00 00 00 00            18
008      00 BC 01 00 00 00 00 00            18
008      00 86 00 00 00 03 01 02            18
008      00 01 02 04 00 02 2C 00            17
008      00 01 04 04 00 04 2C 00            17
008      00 86 00 00 00 03 01 00            16
008      03 0A 04 00 00 00 00 00            15
008      03 0A 01 00 00 00 00 00            15
008      01 82 00 01 00 00 00 00            15
008      04 0A 04 00 00 01 04 25            15
008      09 0A 04 00 00 00 00 00            15
008      00 01 04 04 00 04 0C 00            15
008      07 0A 04 00 00 00 00 00            15
008      07 0A 01 00 00 00 00 00            14
008      09 0A 01 00 00 00 00 00            14
008      01 82 00 00 00 00 00 00            13
008      00 01 01 01 00 01 1C 00            12
008      00 01 03 01 00 03 1C 00            12
008      00 86 00 00 00 03 01 01            11
008      00 86 00 00 00 02 01 02            11
008      00 01 02 03 00 02 02 00            11
008      00 01 03 02 00 03 01 00            10
008      04 0A 04 40 00 00 03 25            9
008      04 0A 04 00 00 01 01 25            9
008      00 01 02 03 00 02 0E 00            9
008      04 0A 06 00 00 01 02 25            8
008      00 01 02 03 00 02 8E 00            8
008      00 86 00 00 00 02 01 01            8
008      00 86 00 00 00 02 01 00            8
008      00 01 03 01 00 03 0C 00            8
008      00 86 00 00 00 04 01 02            8
008      04 0A 04 20 00 00 03 25            8
008      00 01 01 03 00 01 4E 00            8
008      00 01 03 03 00 03 0E 00            8
008      00 01 03 03 00 03 0A 00            8
00A      00 6E 02 00 00 00 00 00            7
008      00 86 00 00 00 01 01 02            7
008      00 01 02 02 00 02 01 00            7
008      00 86 00 00 00 01 01 00            7
00A      01 6E 02 00 00 00 00 00            7
008      00 01 02 04 00 02 2E 00            7
008      00 01 03 03 00 03 02 00            7
008      00 01 04 03 00 04 0E 00            7
008      02 82 00 01 00 00 00 00            6
008      04 0A 05 00 00 01 01 25            6
008      01 0A 04 00 00 00 00 00            6
008      00 86 00 00 00 04 01 01            6
008      00 01 02 14 00 02 0C 00            6
008      00 01 03 10 00 03 0C 00            6
008      04 0A 06 00 00 01 03 25            6
008      02 82 00 00 00 00 00 00            6
008      00 01 04 02 00 04 8D 00            6
008      00 01 03 03 00 03 8E 00            6
008      00 01 03 14 00 03 2C 00            6
008      00 86 00 00 00 04 01 00            6
008      00 86 00 00 00 01 01 01            6
008      00 01 02 0C 00 02 2C 00            5
008      04 0A 04 20 00 00 02 25            5
008      00 01 04 0C 00 04 0C 00            5
008      00 01 03 03 00 03 A6 00            5
008      00 01 01 02 00 01 0D 00            5
008      00 01 02 03 00 02 86 00            5
008      00 01 02 03 00 02 A6 00            5
008      00 01 04 03 00 04 0A 00            5
008      00 01 03 0C 00 03 2C 00            5
008      04 0A 06 00 00 01 04 25            5
008      00 01 02 14 00 02 2C 00            5
008      00 01 04 02 00 04 AD 00            5
008      00 01 03 02 00 03 0D 00            5
008      04 0A 04 40 00 00 02 25            5
008      00 01 02 0C 00 02 0C 00            5
008      00 01 04 0C 00 04 2C 00            4
008      00 01 02 02 00 02 05 00            4
008      00 01 04 03 00 04 02 00            4
008      00 01 02 02 00 02 0D 00            4
008      00 01 03 03 00 03 AE 00            4
008      00 01 01 03 00 01 02 00            4
008      00 01 03 0C 00 03 0C 00            4
008      00 01 03 14 00 03 0C 00            4
008      00 01 04 02 00 04 89 00            4
008      04 0A 04 40 00 00 01 25            4
008      00 01 01 04 00 01 1E 00            4
008      00 01 01 09 00 01 0C 00            4
008      00 01 01 09 00 01 1C 00            4
008      00 01 03 02 00 03 05 00            4
008      00 01 02 10 00 02 0C 00            4
008      00 01 01 11 00 01 0C 00            4
008      00 01 02 03 00 02 06 00            4
008      00 01 02 03 00 02 AE 00            4
008      00 01 02 04 00 02 0E 00            4
021      03 96 00 00 00 00 00 00            4
00A      00 6E 01 00 00 00 00 00            3
008      00 01 01 03 00 01 46 00            3
008      00 01 04 02 00 04 09 00            3
008      00 01 01 03 00 01 56 00            3
008      00 01 04 02 00 04 01 00            3
008      00 01 03 03 00 03 06 00            3
008      00 01 04 01 00 04 0D 00            3
00A      01 6E 03 00 00 00 00 00            3
008      00 01 01 03 00 01 06 00            3
008      00 01 01 11 00 01 1C 00            3
008      00 01 03 04 00 03 2E 00            3
008      00 01 04 02 00 04 A9 00            3
008      00 01 03 04 00 03 0E 00            3
008      00 01 02 02 00 02 09 00            3
008      00 01 03 02 00 03 09 00            3
008      00 01 02 03 00 02 0A 00            3
008      00 01 01 10 00 01 0C 00            3
00A      00 6E 04 00 00 00 00 00            3
008      04 0A 04 20 00 00 01 25            3
008      00 01 04 01 00 04 2D 00            3
008      04 0A 04 20 00 00 04 25            3
00A      01 6E 04 00 00 00 00 00            3
008      00 01 03 03 00 03 86 00            3
008      04 0A 05 00 00 00 01 25            3
008      00 01 01 04 00 01 0E 00            3
008      00 86 00 00 00 03 01 04            3
008      00 01 01 03 00 01 5E 00            3
008      00 01 04 10 00 04 0C 00            3
008      00 01 04 14 00 04 2C 00            3
00A      01 6E 01 00 00 00 00 00            3
008      04 0A 04 40 00 00 04 25            3
008      00 01 04 14 00 04 0C 00            3
008      00 01 01 02 00 01 05 00            3
008      00 01 03 02 00 03 4D 00            3
00A      00 6E 03 00 00 00 00 00            3
008      14 0A 10 11 05 22 32 24            2
008      14 0A 10 11 05 22 30 04            2
008      14 0A 10 11 05 22 30 06            2
008      14 0A 10 11 05 22 30 57            2
008      14 0A 10 11 05 22 32 38            2
008      14 0A 10 11 05 22 33 18            2
008      14 0A 10 11 05 22 30 35            2
008      14 0A 10 11 05 22 30 11            2
008      14 0A 10 11 05 22 30 37            2
008      14 0A 10 11 05 22 31 10            2
008      14 0A 10 11 05 22 31 17            2
008      14 0A 10 11 05 22 30 13            2
008      14 0A 10 11 05 22 31 42            2
008      14 0A 10 11 05 22 31 12            2
008      14 0A 10 11 05 22 33 10            2
008      14 0A 10 11 05 22 32 40            2
008      14 0A 10 11 05 22 29 35            2
008      14 0A 10 11 05 22 32 42            2
008      14 0A 10 11 05 22 29 37            2
008      14 0A 10 11 05 22 32 07            2
008      14 0A 10 11 05 22 31 23            2
008      14 0A 10 11 05 22 31 19            2
008      14 0A 10 11 05 22 33 33            2
008      14 0A 10 11 05 22 31 49            2
008      14 0A 10 11 05 22 31 25            2
008      14 0A 10 11 05 22 31 51            2
008      14 0A 10 11 05 22 33 22            2
008      14 0A 10 11 05 22 32 12            2
008      04 0A 06 00 00 00 04 25            2
008      14 0A 10 11 05 22 33 31            2
008      14 0A 10 11 05 22 32 14            2
008      14 0A 10 11 05 22 31 30            2
008      14 0A 10 11 05 22 33 26            2
008      14 0A 10 11 05 22 32 31            2
008      14 0A 10 11 05 22 31 44            2
008      00 01 01 02 00 01 01 00            2
008      14 0A 10 11 05 22 30 59            2
008      14 0A 10 11 05 22 32 26            2
008      14 0A 10 11 05 22 32 33            2
008      14 0A 10 11 05 22 31 35            2
008      14 0A 10 11 05 22 32 19            2
008      14 0A 10 11 05 22 31 37            2
008      14 0A 10 11 05 22 29 57            2
008      14 0A 10 11 05 22 32 05            2
008      14 0A 10 11 05 22 30 47            2
008      14 0A 10 11 05 22 31 04            2
008      14 0A 10 11 05 22 29 59            2
008      14 0A 10 11 05 22 33 37            2
008      14 0A 10 11 05 22 33 42            2
008      14 0A 10 11 05 22 33 44            2
008      14 0A 10 11 05 22 33 49            2
008      14 0A 10 11 05 22 33 55            2
008      14 0A 10 11 05 22 33 57            2
008      14 0A 10 11 05 22 34 01            2
008      14 0A 10 11 05 22 34 05            2
008      14 0A 10 11 05 22 34 07            2
008      14 0A 10 11 05 22 34 12            2
008      14 0A 10 11 05 22 34 16            2
008      14 0A 10 11 05 22 34 18            2
008      14 0A 10 11 05 22 34 31            2
021      03 96 01 00 00 00 00 00            2
008      14 0A 10 11 05 22 30 28            2
008      14 0A 10 11 05 22 32 00            2
008      14 0A 10 11 05 22 34 37            2
008      14 0A 10 11 05 22 34 39            2
008      14 0A 10 11 05 22 34 41            2
008      14 0A 10 11 05 22 30 30            2
008      14 0A 10 11 05 22 33 00            2
008      00 01 03 09 00 03 0C 00            2
008      00 01 03 09 00 03 1C 00            2
008      14 0A 10 11 05 22 34 48            2
008      14 0A 10 11 05 22 34 50            2
008      00 01 03 11 00 03 0C 00            2
008      00 01 03 11 00 03 1C 00            2
008      14 0A 10 11 05 22 34 54            2
008      14 0A 10 11 05 22 35 14            2
008      14 0A 10 11 05 22 35 16            2
008      14 0A 10 11 05 22 35 18            2
008      14 0A 10 11 05 22 35 23            2
008      14 0A 10 11 05 22 35 25            2
008      14 0A 10 11 05 22 35 30            2
008      14 0A 10 11 05 22 35 37            2
008      14 0A 10 11 05 22 35 42            2
008      14 0A 10 11 05 22 35 44            2
008      14 0A 10 11 05 22 35 49            2
008      14 0A 10 11 05 22 35 51            2
008      14 0A 10 11 05 22 35 56            2
008      14 0A 10 11 05 22 36 01            2
008      14 0A 10 11 05 22 36 03            2
008      14 0A 10 11 05 22 36 07            2
008      14 0A 10 11 05 22 36 19            2
008      14 0A 10 11 05 22 36 26            2
008      14 0A 10 11 05 22 36 31            2
008      14 0A 10 11 05 22 36 38            2
008      14 0A 10 11 05 22 36 43            2
008      14 0A 10 11 05 22 36 45            2
008      14 0A 10 11 05 22 36 50            2
008      14 0A 10 11 05 22 36 52            2
008      14 0A 10 11 05 22 37 01            2
008      14 0A 10 11 05 22 37 06            2
008      14 0A 10 11 05 22 37 08            2
008      14 0A 10 11 05 22 37 28            2
008      14 0A 10 11 05 22 37 30            2
008      14 0A 10 11 05 22 37 35            2
008      14 0A 10 11 05 22 37 37            2
008      14 0A 10 11 05 22 37 42            2
008      14 0A 10 11 05 22 37 44            2
008      14 0A 10 11 05 22 37 59            2
008      14 0A 10 11 05 22 38 01            2
008      14 0A 10 11 05 22 38 06            2
008      14 0A 10 11 05 22 38 08            2
008      14 0A 10 11 05 22 38 13            2
008      14 0A 10 11 05 22 38 18            2
008      14 0A 10 11 05 22 38 20            2
008      14 0A 10 11 05 22 38 25            2
008      14 0A 10 11 05 22 38 27            2
008      14 0A 10 11 05 22 38 32            2
008      14 0A 10 11 05 22 38 34            2
008      14 0A 10 11 05 22 38 38            2
008      14 0A 10 11 05 22 38 43            2
008      14 0A 10 11 05 22 38 48            2
008      14 0A 10 11 05 22 38 50            2
008      14 0A 10 11 05 22 38 55            2
008      14 0A 10 11 05 22 38 57            2
008      14 0A 10 11 05 22 39 02            2
008      14 0A 10 11 05 22 39 24            2
008      14 0A 10 11 05 22 39 28            2
008      14 0A 10 11 05 22 39 33            2
008      14 0A 10 11 05 22 39 35            2
008      14 0A 10 11 05 22 30 39            1
008      0A 0A 00 00 04 22 30 39            1
008      14 0A 10 11 05 22 30 40            1
008      14 0A 10 11 05 22 30 41            1
008      0A 0A 00 00 04 22 30 41            1
008      14 0A 10 11 05 22 30 42            1
008      14 0A 10 11 05 22 30 43            1
008      0A 0A FD 88 03 22 30 43            1
008      14 0A 10 11 05 22 30 44            1
008      14 0A 10 11 05 22 30 45            1
008      0A 0A FF 29 02 22 30 45            1
008      00 01 02 04 00 02 8E 00            1
008      0A 0A 00 00 02 22 30 48            1
008      14 0A 10 11 05 22 30 49            1
008      14 0A 10 11 05 22 30 50            1
008      0A 0A 00 00 02 22 30 50            1
008      14 0A 10 11 05 22 30 51            1
008      14 0A 10 11 05 22 30 52            1
008      0A 0A 00 00 02 22 30 53            1
008      14 0A 10 11 05 22 30 53            1
008      14 0A 10 11 05 22 30 54            1
008      0A 0A 00 00 02 22 30 54            1
008      14 0A 10 11 05 22 30 55            1
008      14 0A 10 11 05 22 30 56            1
008      0A 0A 00 00 02 22 30 56            1
008      0A 0A 00 00 06 22 30 08            1
008      0A 0A 00 00 02 22 30 58            1
008      0A 0A 00 00 02 22 31 00            1
008      14 0A 10 11 05 22 31 00            1
008      14 0A 10 11 05 22 31 01            1
008      0A 0A 00 00 02 22 31 01            1
008      14 0A 10 11 05 22 31 02            1
008      14 0A 10 11 05 22 31 03            1
008      0A 0A 00 00 02 22 31 03            1
008      0A 0A 00 00 02 22 31 05            1
008      14 0A 10 11 05 22 31 06            1
008      14 0A 10 11 05 22 31 07            1
008      0A 0A 00 00 02 22 31 07            1
008      14 0A 10 11 05 22 31 08            1
008      14 0A 10 11 05 22 31 09            1
008      0A 0A 00 00 02 22 31 09            1
008      0A 0A FF 0B 02 22 31 11            1
008      0A 0A FD 7E 01 22 31 13            1
008      14 0A 10 11 05 22 31 14            1
008      14 0A 10 11 05 22 31 15            1
008      0A 0A 00 00 00 22 31 15            1
008      0A 0A 00 00 00 22 31 18            1
008      0A 0A 00 00 00 22 31 20            1
008      14 0A 10 11 05 22 31 21            1
008      14 0A 10 11 05 22 31 22            1
008      0A 0A 00 00 00 22 31 22            1
008      0A 0A 00 00 00 22 31 24            1
008      0A 0A 00 00 00 22 31 25            1
008      14 0A 10 11 05 22 31 26            1
008      14 0A 10 11 05 22 31 27            1
008      0A 0A 00 00 00 22 31 27            1
008      14 0A 10 11 05 22 31 28            1
008      14 0A 10 11 05 22 31 29            1
008      0A 0A 00 00 00 22 31 29            1
008      0A 0A 00 00 00 22 31 31            1
008      14 0A 10 11 05 22 31 31            1
008      14 0A 10 11 05 22 31 32            1
008      0A 0A 00 00 00 22 31 32            1
008      14 0A 10 11 05 22 31 33            1
008      14 0A 10 11 05 22 31 34            1
008      0A 0A 00 00 00 22 31 34            1
008      0A 0A 00 00 00 22 31 36            1
008      0A 0A 00 00 00 22 31 38            1
008      14 0A 10 11 05 22 31 38            1
008      14 0A 10 11 05 22 31 39            1
008      0A 0A 00 00 00 22 31 39            1
008      14 0A 10 11 05 22 31 40            1
008      14 0A 10 11 05 22 31 41            1
008      0A 0A 00 00 00 22 31 41            1
008      0A 0A 00 00 00 22 31 43            1
008      0A 0A 00 00 00 22 31 44            1
008      14 0A 10 11 05 22 31 45            1
008      14 0A 10 11 05 22 31 46            1
008      0A 0A 00 00 00 22 31 46            1
008      14 0A 10 11 05 22 31 47            1
008      14 0A 10 11 05 22 31 48            1
008      0A 0A 00 00 00 22 31 48            1
008      0A 0A 00 00 00 22 31 50            1
008      0A 0A 00 00 00 22 31 51            1
008      14 0A 10 11 05 22 31 52            1
008      14 0A 10 11 05 22 31 53            1
008      0A 0A 00 00 00 22 31 53            1
008      14 0A 10 11 05 22 31 54            1
008      14 0A 10 11 05 22 31 55            1
008      0A 0A 00 00 00 22 31 55            1
008      14 0A 10 11 05 22 31 56            1
008      14 0A 10 11 05 22 31 57            1
008      0A 0A 00 00 00 22 31 57            1
008      14 0A 10 11 05 22 31 58            1
008      14 0A 10 11 05 22 31 59            1
008      0A 0A 00 00 00 22 31 59            1
008      0A 0A 00 00 00 22 32 01            1
008      14 0A 10 11 05 22 32 01            1
008      14 0A 10 11 05 22 32 02            1
008      0A 0A 00 00 00 22 32 02            1
008      14 0A 10 11 05 22 32 03            1
008      14 0A 10 11 05 22 32 04            1
008      0A 0A 00 00 00 22 32 04            1
008      0A 0A 00 00 00 22 32 06            1
008      0A 0A 00 00 00 22 32 08            1
008      14 0A 10 11 05 22 32 08            1
008      14 0A 10 11 05 22 32 09            1
008      0A 0A 00 00 00 22 32 09            1
008      14 0A 10 11 05 22 32 10            1
008      14 0A 10 11 05 22 32 11            1
008      0A 0A 00 00 00 22 32 11            1
008      0A 0A 00 00 00 22 32 13            1
008      0A 0A 00 00 00 22 32 14            1
008      14 0A 10 11 05 22 32 15            1
008      14 0A 10 11 05 22 32 16            1
008      0A 0A 00 00 00 22 32 16            1
008      14 0A 10 11 05 22 32 17            1
008      14 0A 10 11 05 22 32 18            1
008      0A 0A 00 00 00 22 32 18            1
008      0A 0A 00 00 00 22 32 20            1
008      14 0A 10 11 05 22 32 20            1
008      14 0A 10 11 05 22 32 21            1
008      0A 0A 00 00 00 22 32 21            1
008      14 0A 10 11 05 22 32 22            1
008      14 0A 10 11 05 22 32 23            1
008      0A 0A 00 00 00 22 32 23            1
008      0A 0A 00 00 00 22 32 25            1
008      0A 0A 00 00 00 22 32 27            1
008      14 0A 10 11 05 22 32 27            1
008      14 0A 10 11 05 22 32 28            1
008      0A 0A 00 00 00 22 32 28            1
008      14 0A 10 11 05 22 32 29            1
008      14 0A 10 11 05 22 32 30            1
008      0A 0A 00 00 00 22 32 30            1
008      0A 0A 00 00 00 22 32 32            1
008      0A 0A 00 00 00 22 32 34            1
008      14 0A 10 11 05 22 32 34            1
008      14 0A 10 11 05 22 32 35            1
008      0A 0A 00 00 00 22 32 35            1
008      14 0A 10 11 05 22 32 36            1
008      14 0A 10 11 05 22 32 37            1
008      0A 0A 00 00 00 22 32 37            1
008      0A 0A 00 00 00 22 32 39            1
008      0A 0A 00 00 00 22 32 40            1
008      0A 0A 00 00 00 22 32 43            1
008      14 0A 10 11 05 22 32 43            1
008      14 0A 10 11 05 22 32 44            1
008      0A 0A 02 68 00 22 32 44            1
008      14 0A 10 11 05 22 32 46            1
008      14 0A 10 11 05 22 32 47            1
008      0A 0A 02 BD 02 22 32 47            1
008      14 0A 10 11 05 22 32 48            1
008      14 0A 10 11 05 22 32 49            1
008      0A 0A 02 C8 03 22 32 49            1
008      14 0A 10 11 05 22 32 50            1
008      14 0A 10 11 05 22 32 51            1
008      0A 0A 02 BF 05 22 32 51            1
008      14 0A 10 11 05 22 32 52            1
008      14 0A 10 11 05 22 32 53            1
008      0A 0A 00 00 06 22 32 53            1
008      14 0A 10 11 05 22 32 55            1
008      14 0A 10 11 05 22 32 56            1
008      0A 0A 00 00 06 22 32 56            1
008      14 0A 10 11 05 22 32 57            1
008      14 0A 10 11 05 22 32 58            1
008      0A 0A 00 00 06 22 32 58            1
008      0A 0A 00 00 06 22 33 00            1
008      14 0A 10 11 05 22 33 01            1
008      14 0A 10 11 05 22 33 02            1
008      0A 0A 00 00 06 22 33 02            1
008      14 0A 10 11 05 22 33 03            1
008      14 0A 10 11 05 22 33 04            1
008      0A 0A 00 00 06 22 33 04            1
008      14 0A 10 11 05 22 33 05            1
008      14 0A 10 11 05 22 33 06            1
008      0A 0A FD 77 05 22 33 06            1
008      14 0A 10 11 05 22 33 07            1
008      14 0A 10 11 05 22 33 08            1
008      0A 0A FF 88 04 22 33 08            1
008      0A 0A 00 00 04 22 33 11            1
008      14 0A 10 11 05 22 33 12            1
008      14 0A 10 11 05 22 33 13            1
008      0A 0A 00 00 04 22 33 13            1
008      14 0A 10 11 05 22 33 14            1
008      14 0A 10 11 05 22 33 15            1
008      0A 0A 00 00 04 22 33 15            1
008      14 0A 10 11 05 22 33 16            1
008      14 0A 10 11 05 22 33 17            1
008      0A 0A 00 00 04 22 33 17            1
008      00 01 03 08 00 03 0C 00            1
008      0A 0A 00 00 04 22 33 19            1
008      14 0A 10 11 05 22 33 20            1
008      14 0A 10 11 05 22 33 21            1
008      0A 0A 00 00 04 22 33 21            1
008      0A 0A 00 00 04 22 33 23            1
008      14 0A 10 11 05 22 33 24            1
008      14 0A 10 11 05 22 33 25            1
008      0A 0A 00 00 04 22 33 25            1
008      0A 0A 00 00 04 22 33 27            1
008      14 0A 10 11 05 22 33 27            1
008      14 0A 10 11 05 22 33 28            1
008      0A 0A 00 00 04 22 33 28            1
008      14 0A 10 11 05 22 33 29            1
008      14 0A 10 11 05 22 33 30            1
008      0A 0A 00 00 04 22 33 30            1
008      0A 0A 00 00 04 22 33 32            1
008      0A 0A 00 00 04 22 33 34            1
008      14 0A 10 11 05 22 33 34            1
008      14 0A 10 11 05 22 33 35            1
008      0A 0A 00 00 04 22 33 36            1
008      14 0A 10 11 05 22 29 31            1
008      0A 0A 00 00 04 22 33 37            1
008      14 0A 10 11 05 22 33 38            1
008      14 0A 10 11 05 22 33 39            1
008      0A 0A 00 00 04 22 33 39            1
008      14 0A 10 11 05 22 33 40            1
008      14 0A 10 11 05 22 33 41            1
008      0A 0A 00 00 04 22 33 41            1
008      14 0A 10 11 05 22 29 32            1
008      0A 0A 00 00 04 22 33 43            1
008      0A 0A 00 00 04 22 29 32            1
008      0A 0A 00 00 04 22 33 44            1
008      14 0A 10 11 05 22 33 45            1
008      14 0A 10 11 05 22 33 46            1
008      0A 0A 00 00 04 22 33 46            1
008      14 0A 10 11 05 22 33 47            1
008      14 0A 10 11 05 22 33 48            1
008      0A 0A 00 00 04 22 33 48            1
008      14 0A 10 11 05 22 29 33            1
008      0A 0A 00 00 04 22 33 50            1
008      14 0A 10 11 05 22 33 50            1
008      14 0A 10 11 05 22 33 51            1
008      0A 0A 00 00 04 22 33 51            1
008      14 0A 10 11 05 22 33 52            1
008      14 0A 10 11 05 22 33 53            1
008      0A 0A 00 00 04 22 33 54            1
008      14 0A 10 11 05 22 29 34            1
008      0A 0A 00 00 04 22 33 56            1
008      0A 0A 00 00 04 22 29 34            1
008      0A 0A 00 00 04 22 33 58            1
008      14 0A 10 11 05 22 33 59            1
008      14 0A 10 11 05 22 34 00            1
008      0A 0A 00 00 04 22 34 00            1
008      0A 0A 00 00 04 22 29 36            1
008      0A 0A 00 00 04 22 34 02            1
008      14 0A 10 11 05 22 34 03            1
008      14 0A 10 11 05 22 34 04            1
008      0A 0A 00 00 04 22 34 04            1
008      0A 0A 00 00 04 22 29 38            1
008      0A 0A FD 7E 03 22 34 06            1
008      14 0A 10 11 05 22 29 38            1
008      0A 0A FF 6D 02 22 34 08            1
008      14 0A 10 11 05 22 34 09            1
008      14 0A 10 11 05 22 34 10            1
008      0A 0A 00 00 02 22 34 11            1
008      14 0A 10 11 05 22 29 39            1
008      0A 0A 00 00 02 22 34 13            1
008      14 0A 10 11 05 22 34 14            1
008      14 0A 10 11 05 22 34 15            1
008      0A 0A 00 00 02 22 34 15            1
008      0A 0A 00 00 04 22 29 39            1
008      0A 0A 00 00 02 22 34 17            1
008      14 0A 10 11 05 22 29 40            1
008      0A 0A 00 00 02 22 34 19            1
008      14 0A 10 11 05 22 34 19            1
008      14 0A 10 11 05 22 34 20            1
008      0A 0A 00 00 02 22 34 21            1
008      14 0A 10 11 05 22 34 21            1
008      14 0A 10 11 05 22 34 22            1
008      0A 0A FF 19 02 22 34 22            1
008      14 0A 10 11 05 22 34 23            1
008      14 0A 10 11 05 22 34 24            1
008      0A 0A FD 7A 01 22 34 24            1
008      14 0A 10 11 05 22 34 26            1
008      14 0A 10 11 05 22 34 27            1
008      0A 0A 00 00 00 22 34 27            1
008      14 0A 10 11 05 22 34 29            1
008      14 0A 10 11 05 22 34 30            1
008      0A 0A 00 00 00 22 34 30            1
008      14 0A 10 11 05 22 29 41            1
008      0A 0A 00 00 00 22 34 32            1
008      14 0A 10 11 05 22 34 33            1
008      14 0A 10 11 05 22 34 34            1
008      0A 0A 00 00 00 22 34 34            1
008      14 0A 10 11 05 22 34 35            1
008      14 0A 10 11 05 22 34 36            1
008      0A 0A 00 00 04 22 29 41            1
021      03 AB 03 00 00 00 00 00            1
008      14 0A 10 11 05 22 29 42            1
008      14 0A 10 11 05 22 29 43            1
008      0A 0A 00 00 00 22 34 36            1
008      0A 0A 01 FE 04 22 29 43            1
008      0A 0A 00 00 00 22 34 38            1
008      14 0A 10 11 05 22 29 44            1
008      0A 0A 02 AC 01 22 34 40            1
008      14 0A 10 11 05 22 29 45            1
008      0A 0A 02 BE 02 22 34 42            1
008      14 0A 10 11 05 22 34 43            1
008      14 0A 10 11 05 22 34 44            1
008      04 0A 05 00 00 01 03 25            1
008      00 01 03 02 00 03 59 00            1
008      0A 0A 01 BA 04 22 34 44            1
008      00 01 03 02 00 03 49 00            1
008      0A 0A 02 20 05 22 29 45            1
008      00 01 03 02 00 03 5D 00            1
008      14 0A 10 11 05 22 34 45            1
008      04 0A 05 00 00 00 03 25            1
008      00 01 03 01 00 03 0D 00            1
008      00 01 03 01 00 03 1D 00            1
008      14 0A 10 11 05 22 34 46            1
008      14 0A 10 11 05 22 29 46            1
008      0A 0A 00 00 04 22 34 46            1
008      14 0A 10 11 05 22 29 47            1
008      0A 0A 00 00 06 22 29 48            1
008      14 0A 10 11 05 22 29 49            1
008      0A 0A 00 00 04 22 34 49            1
008      14 0A 10 11 05 22 29 50            1
008      0A 0A 00 00 06 22 29 50            1
008      14 0A 10 11 05 22 29 51            1
008      0A 0A 00 00 04 22 34 51            1
008      14 0A 10 11 05 22 34 52            1
008      14 0A 10 11 05 22 34 53            1
008      0A 0A 00 00 04 22 34 53            1
008      14 0A 10 11 05 22 29 52            1
008      0A 0A 00 00 04 22 34 55            1
008      00 86 00 00 00 03 01 15            1
008      00 86 00 00 00 03 01 11            1
008      00 86 00 00 00 03 01 10            1
008      14 0A 10 11 05 22 34 56            1
008      14 0A 10 11 05 22 34 57            1
008      0A 0A 00 00 04 22 34 57            1
008      14 0A 10 11 05 22 34 58            1
008      14 0A 10 11 05 22 34 59            1
008      0A 0A 00 00 04 22 35 00            1
008      14 0A 10 11 05 22 35 00            1
008      14 0A 10 11 05 22 35 01            1
008      0A 0A 00 00 04 22 35 02            1
008      14 0A 10 11 05 22 35 02            1
008      14 0A 10 11 05 22 35 03            1
008      0A 0A FF 5B 04 22 35 03            1
008      14 0A 10 11 05 22 35 04            1
008      14 0A 10 11 05 22 35 05            1
008      0A 0A FD 7A 03 22 35 05            1
008      14 0A 10 11 05 22 35 06            1
008      14 0A 10 11 05 22 35 07            1
008      0A 0A FF F0 02 22 35 07            1
008      04 0A 06 00 00 00 02 25            1
008      14 0A 10 11 05 22 35 09            1
008      14 0A 10 11 05 22 35 10            1
008      0A 0A 00 00 02 22 35 10            1
008      14 0A 10 11 05 22 35 11            1
008      14 0A 10 11 05 22 35 12            1
008      0A 0A 00 00 02 22 35 12            1
008      0A 0A 00 00 06 22 29 53            1
008      0A 0A 00 00 02 22 35 15            1
008      14 0A 10 11 05 22 29 53            1
008      0A 0A 00 00 02 22 35 17            1
008      14 0A 10 11 05 22 29 54            1
008      0A 0A 00 00 02 22 35 19            1
008      14 0A 10 11 05 22 35 19            1
008      14 0A 10 11 05 22 35 20            1
008      0A 0A 00 00 02 22 35 20            1
008      14 0A 10 11 05 22 35 21            1
008      14 0A 10 11 05 22 35 22            1
008      0A 0A 00 00 02 22 35 22            1
008      0A 0A 00 00 06 22 29 54            1
008      0A 0A 00 00 02 22 35 24            1
008      14 0A 10 11 05 22 29 55            1
008      0A 0A 00 00 02 22 35 25            1
008      14 0A 10 11 05 22 35 26            1
008      14 0A 10 11 05 22 35 27            1
008      0A 0A 00 00 02 22 35 27            1
008      14 0A 10 11 05 22 35 28            1
008      14 0A 10 11 05 22 35 29            1
008      0A 0A 00 00 02 22 35 29            1
008      14 0A 10 11 05 22 29 56            1
008      0A 0A 00 00 02 22 35 31            1
008      14 0A 10 11 05 22 35 31            1
008      14 0A 10 11 05 22 35 32            1
008      0A 0A 00 00 02 22 35 32            1
008      14 0A 10 11 05 22 35 33            1
008      14 0A 10 11 05 22 35 34            1
008      0A 0A 00 00 02 22 35 34            1
008      14 0A 10 11 05 22 35 35            1
008      14 0A 10 11 05 22 35 36            1
008      0A 0A 00 00 02 22 35 36            1
008      0A 0A 00 00 06 22 29 56            1
008      0A 0A 00 00 02 22 35 38            1
008      14 0A 10 11 05 22 35 38            1
008      14 0A 10 11 05 22 35 39            1
008      0A 0A 00 00 02 22 35 39            1
008      14 0A 10 11 05 22 35 40            1
008      14 0A 10 11 05 22 35 41            1
008      0A 0A 00 00 02 22 35 41            1
008      0A 0A 00 00 06 22 29 58            1
008      0A 0A 00 00 02 22 35 43            1
008      0A 0A 00 00 06 22 29 59            1
008      0A 0A 00 00 02 22 35 45            1
008      14 0A 10 11 05 22 35 45            1
008      14 0A 10 11 05 22 35 46            1
008      0A 0A 00 00 02 22 35 46            1
008      14 0A 10 11 05 22 35 47            1
008      14 0A 10 11 05 22 35 48            1
008      0A 0A 00 00 02 22 35 48            1
008      14 0A 10 11 05 22 30 00            1
008      0A 0A 00 00 02 22 35 50            1
008      14 0A 10 11 05 22 30 01            1
008      0A 0A 00 00 02 22 35 51            1
008      14 0A 10 11 05 22 35 52            1
008      14 0A 10 11 05 22 35 53            1
008      0A 0A 00 00 02 22 35 53            1
008      14 0A 10 11 05 22 35 54            1
008      14 0A 10 11 05 22 35 55            1
008      0A 0A 00 00 02 22 35 55            1
008      0A 0A 00 00 06 22 30 01            1
008      0A 0A 00 00 02 22 35 57            1
008      14 0A 10 11 05 22 35 57            1
008      14 0A 10 11 05 22 35 58            1
008      0A 0A 00 00 02 22 35 58            1
008      14 0A 10 11 05 22 35 59            1
008      14 0A 10 11 05 22 36 00            1
008      0A 0A 00 00 02 22 36 00            1
008      14 0A 10 11 05 22 30 02            1
008      0A 0A 00 00 02 22 36 02            1
008      14 0A 10 11 05 22 30 03            1
008      0A 0A 00 00 02 22 36 04            1
008      14 0A 10 11 05 22 36 04            1
008      14 0A 10 11 05 22 36 05            1
008      0A 0A 00 00 02 22 36 06            1
008      0A 0A 00 00 06 22 30 03            1
008      0A 0A 00 00 02 22 36 08            1
008      14 0A 10 11 05 22 36 08            1
008      14 0A 10 11 05 22 36 09            1
008      0A 0A 00 00 02 22 36 09            1
008      00 01 02 01 00 02 0C 00            1
008      14 0A 10 11 05 22 36 10            1
008      14 0A 10 11 05 22 36 11            1
008      0A 0A 00 00 02 22 36 11            1
008      14 0A 10 11 05 22 36 12            1
008      14 0A 10 11 05 22 36 13            1
008      0A 0A 02 91 03 22 36 13            1
008      14 0A 10 11 05 22 36 14            1
008      14 0A 10 11 05 22 36 15            1
008      0A 0A 02 BB 04 22 36 15            1
008      14 0A 10 11 05 22 36 16            1
008      14 0A 10 11 05 22 36 17            1
008      0A 0A 02 0C 05 22 36 18            1
008      0A 0A 00 00 06 22 30 05            1
008      0A 0A 00 00 06 22 36 20            1
008      14 0A 10 11 05 22 36 21            1
008      14 0A 10 11 05 22 36 22            1
008      0A 0A 00 00 06 22 36 22            1
008      14 0A 10 11 05 22 36 23            1
008      14 0A 10 11 05 22 36 24            1
008      0A 0A 00 00 06 22 36 25            1
008      0A 0A 00 00 06 22 30 06            1
008      0A 0A 00 00 06 22 36 26            1
008      14 0A 10 11 05 22 36 27            1
008      14 0A 10 11 05 22 36 28            1
008      0A 0A 00 00 06 22 36 28            1
008      14 0A 10 11 05 22 36 29            1
008      14 0A 10 11 05 22 36 30            1
008      0A 0A 00 00 06 22 36 30            1
008      14 0A 10 11 05 22 30 07            1
008      0A 0A 00 00 06 22 36 32            1
008      14 0A 10 11 05 22 36 32            1
008      14 0A 10 11 05 22 36 33            1
008      0A 0A 00 00 06 22 36 33            1
008      14 0A 10 11 05 22 36 34            1
008      14 0A 10 11 05 22 36 35            1
008      0A 0A 00 00 06 22 36 35            1
008      14 0A 10 11 05 22 36 36            1
008      14 0A 10 11 05 22 36 37            1
008      0A 0A 00 00 06 22 36 37            1
008      14 0A 10 11 05 22 30 08            1
008      0A 0A 00 00 06 22 36 39            1
008      14 0A 10 11 05 22 36 39            1
008      14 0A 10 11 05 22 36 40            1
008      0A 0A 00 00 06 22 36 40            1
008      14 0A 10 11 05 22 36 41            1
008      14 0A 10 11 05 22 36 42            1
008      0A 0A 00 00 06 22 36 42            1
008      14 0A 10 11 05 22 30 09            1
008      0A 0A 00 00 06 22 36 44            1
008      14 0A 10 11 05 22 30 10            1
008      0A 0A 00 00 06 22 36 46            1
008      14 0A 10 11 05 22 36 46            1
008      14 0A 10 11 05 22 36 47            1
008      0A 0A 00 00 06 22 36 47            1
008      14 0A 10 11 05 22 36 48            1
008      14 0A 10 11 05 22 36 49            1
008      0A 0A 00 00 06 22 36 49            1
008      0A 0A 00 00 06 22 30 10            1
008      0A 0A 00 00 06 22 36 51            1
008      0A 0A 00 00 06 22 30 12            1
008      0A 0A 00 00 06 22 36 52            1
008      14 0A 10 11 05 22 36 53            1
008      14 0A 10 11 05 22 36 54            1
008      0A 0A 00 00 06 22 36 54            1
008      14 0A 10 11 05 22 36 55            1
008      14 0A 10 11 05 22 36 56            1
008      0A 0A 00 00 06 22 36 56            1
008      14 0A 10 11 05 22 36 57            1
008      14 0A 10 11 05 22 36 58            1
008      0A 0A 00 00 06 22 36 58            1
008      14 0A 10 11 05 22 36 59            1
008      14 0A 10 11 05 22 37 00            1
008      0A 0A 00 00 06 22 37 00            1
008      0A 0A FF F8 06 22 30 14            1
008      0A 0A 00 00 06 22 37 02            1
008      14 0A 10 11 05 22 37 02            1
008      14 0A 10 11 05 22 37 03            1
008      0A 0A 00 00 06 22 37 03            1
008      14 0A 10 11 05 22 37 04            1
008      14 0A 10 11 05 22 37 05            1
008      0A 0A 00 00 06 22 37 05            1
008      14 0A 10 11 05 22 30 15            1
008      0A 0A 00 00 06 22 37 07            1
008      14 0A 10 11 05 22 30 16            1
008      0A 0A 00 00 06 22 37 09            1
008      14 0A 10 11 05 22 37 09            1
008      14 0A 10 11 05 22 37 10            1
008      0A 0A 00 00 06 22 37 10            1
008      14 0A 10 11 05 22 37 11            1
008      14 0A 10 11 05 22 37 12            1
008      0A 0A 00 00 06 22 37 12            1
008      14 0A 10 11 05 22 37 13            1
008      14 0A 10 11 05 22 37 14            1
008      0A 0A FE 96 06 22 37 14            1
008      14 0A 10 11 05 22 37 15            1
008      14 0A 10 11 05 22 37 16            1
008      0A 0A FD 7F 04 22 37 16            1
008      14 0A 10 11 05 22 37 17            1
008      14 0A 10 11 05 22 37 18            1
008      0A 0A 00 00 04 22 37 18            1
008      14 0A 10 11 05 22 37 20            1
008      14 0A 10 11 05 22 37 21            1
008      0A 0A 00 00 04 22 37 21            1
008      14 0A 10 11 05 22 37 22            1
008      14 0A 10 11 05 22 37 23            1
008      0A 0A 00 00 04 22 37 23            1
008      14 0A 10 11 05 22 37 24            1
008      14 0A 10 11 05 22 37 25            1
008      0A 0A 00 00 04 22 37 25            1
008      14 0A 10 11 05 22 37 26            1
008      14 0A 10 11 05 22 37 27            1
008      0A 0A 00 00 04 22 37 27            1
008      0A 0A FD 7B 05 22 30 16            1
008      0A 0A 00 00 04 22 37 29            1
008      14 0A 10 11 05 22 30 17            1
008      0A 0A 00 00 04 22 37 30            1
008      14 0A 10 11 05 22 37 31            1
008      14 0A 10 11 05 22 37 32            1
008      0A 0A 00 00 04 22 37 32            1
008      14 0A 10 11 05 22 37 33            1
008      14 0A 10 11 05 22 37 34            1
008      0A 0A 00 00 04 22 37 34            1
008      14 0A 10 11 05 22 30 18            1
008      0A 0A 00 00 04 22 37 36            1
008      0A 0A FF 99 04 22 30 18            1
008      0A 0A 00 00 04 22 37 37            1
008      14 0A 10 11 05 22 37 38            1
008      14 0A 10 11 05 22 37 39            1
008      0A 0A 00 00 04 22 37 39            1
008      14 0A 10 11 05 22 37 40            1
008      14 0A 10 11 05 22 37 41            1
008      0A 0A 00 00 04 22 37 41            1
008      04 0A 06 00 00 00 03 25            1
008      0A 0A 00 00 04 22 37 43            1
008      14 0A 10 11 05 22 30 19            1
008      0A 0A 00 00 04 22 37 45            1
008      14 0A 10 11 05 22 37 46            1
008      14 0A 10 11 05 22 37 47            1
008      0A 0A FD 7B 03 22 37 47            1
008      14 0A 10 11 05 22 37 48            1
008      14 0A 10 11 05 22 37 49            1
008      0A 0A FF 7E 02 22 37 49            1
008      14 0A 10 11 05 22 37 50            1
008      14 0A 10 11 05 22 37 51            1
008      0A 0A 00 00 02 22 37 52            1
008      14 0A 10 11 05 22 37 53            1
008      14 0A 10 11 05 22 37 54            1
008      0A 0A 00 00 02 22 37 54            1
008      14 0A 10 11 05 22 37 55            1
008      14 0A 10 11 05 22 37 56            1
008      0A 0A 00 00 02 22 37 56            1
008      14 0A 10 11 05 22 37 57            1
008      14 0A 10 11 05 22 37 58            1
008      0A 0A 00 00 02 22 37 58            1
008      14 0A 10 11 05 22 30 21            1
008      0A 0A 00 00 02 22 38 00            1
008      0A 0A 00 00 04 22 30 21            1
008      0A 0A 00 00 02 22 38 02            1
008      14 0A 10 11 05 22 38 02            1
008      14 0A 10 11 05 22 38 03            1
008      0A 0A 00 00 02 22 38 03            1
008      14 0A 10 11 05 22 38 04            1
008      14 0A 10 11 05 22 38 05            1
008      0A 0A 00 00 02 22 38 05            1
008      14 0A 10 11 05 22 30 22            1
008      0A 0A 00 00 02 22 38 07            1
008      14 0A 10 11 05 22 30 23            1
008      0A 0A 00 00 02 22 38 08            1
008      14 0A 10 11 05 22 38 09            1
008      14 0A 10 11 05 22 38 10            1
008      0A 0A 00 00 02 22 38 10            1
008      14 0A 10 11 05 22 38 11            1
008      14 0A 10 11 05 22 38 12            1
008      0A 0A 00 00 02 22 38 12            1
008      0A 0A 00 00 04 22 30 23            1
008      0A 0A 00 00 02 22 38 14            1
008      14 0A 10 11 05 22 38 14            1
008      14 0A 10 11 05 22 38 15            1
008      0A 0A 00 00 02 22 38 15            1
008      14 0A 10 11 05 22 38 16            1
008      14 0A 10 11 05 22 38 17            1
008      0A 0A 00 00 02 22 38 17            1
008      14 0A 10 11 05 22 30 24            1
008      0A 0A 00 00 02 22 38 19            1
008      14 0A 10 11 05 22 30 25            1
008      0A 0A 00 00 02 22 38 21            1
008      14 0A 10 11 05 22 38 21            1
008      14 0A 10 11 05 22 38 22            1
008      0A 0A 00 00 02 22 38 22            1
008      14 0A 10 11 05 22 38 23            1
008      14 0A 10 11 05 22 38 24            1
008      0A 0A 00 00 02 22 38 24            1
008      0A 0A 00 00 04 22 30 25            1
008      0A 0A 00 00 02 22 38 26            1
008      14 0A 10 11 05 22 30 26            1
008      0A 0A 00 00 02 22 38 28            1
008      14 0A 10 11 05 22 38 28            1
008      14 0A 10 11 05 22 38 29            1
008      0A 0A 00 00 02 22 38 29            1
008      14 0A 10 11 05 22 38 30            1
008      14 0A 10 11 05 22 38 31            1
008      0A 0A 00 00 02 22 38 31            1
008      14 0A 10 11 05 22 30 27            1
008      0A 0A 00 00 02 22 38 33            1
008      0A 0A 00 00 04 22 30 27            1
008      0A 0A 00 00 02 22 38 34            1
008      14 0A 10 11 05 22 38 35            1
008      14 0A 10 11 05 22 38 36            1
008      0A 0A 00 00 02 22 38 37            1
008      0A 0A 00 00 04 22 30 29            1
008      0A 0A 00 00 02 22 38 38            1
008      14 0A 10 11 05 22 38 39            1
008      14 0A 10 11 05 22 38 40            1
008      0A 0A 00 00 02 22 38 40            1
008      14 0A 10 11 05 22 38 41            1
008      14 0A 10 11 05 22 38 42            1
008      0A 0A 00 00 02 22 38 42            1
008      0A 0A 00 00 04 22 30 31            1
008      0A 0A 00 00 02 22 38 44            1
008      14 0A 10 11 05 22 38 44            1
008      14 0A 10 11 05 22 38 45            1
008      0A 0A 00 00 02 22 38 45            1
008      14 0A 10 11 05 22 38 46            1
008      14 0A 10 11 05 22 38 47            1
008      0A 0A 00 00 02 22 38 47            1
008      14 0A 10 11 05 22 30 31            1
008      0A 0A 00 00 02 22 38 49            1
008      14 0A 10 11 05 22 30 32            1
008      0A 0A 00 00 02 22 38 51            1
008      14 0A 10 11 05 22 38 51            1
008      14 0A 10 11 05 22 38 52            1
008      0A 0A 00 00 02 22 38 52            1
008      14 0A 10 11 05 22 38 53            1
008      14 0A 10 11 05 22 38 54            1
008      0A 0A 00 00 02 22 38 54            1
008      0A 0A 00 00 04 22 30 32            1
008      0A 0A 00 00 02 22 38 56            1
008      14 0A 10 11 05 22 30 33            1
008      0A 0A 00 00 02 22 38 57            1
008      14 0A 10 11 05 22 38 58            1
008      14 0A 10 11 05 22 38 59            1
008      0A 0A 00 00 02 22 38 59            1
008      14 0A 10 11 05 22 39 00            1
008      14 0A 10 11 05 22 39 01            1
008      0A 0A 00 00 02 22 39 01            1
008      14 0A 10 11 05 22 30 34            1
008      0A 0A 00 00 02 22 39 03            1
008      14 0A 10 11 05 22 39 03            1
008      14 0A 10 11 05 22 39 04            1
008      0A 0A 00 00 02 22 39 04            1
008      14 0A 10 11 05 22 39 05            1
008      14 0A 10 11 05 22 39 06            1
008      0A 0A 00 00 02 22 39 06            1
008      14 0A 10 11 05 22 39 07            1
008      14 0A 10 11 05 22 39 08            1
008      0A 0A 00 00 02 22 39 08            1
008      14 0A 10 11 05 22 39 09            1
008      14 0A 10 11 05 22 39 10            1
008      0A 0A FD 98 01 22 39 10            1
008      14 0A 10 11 05 22 39 11            1
008      14 0A 10 11 05 22 39 12            1
008      0A 0A FE CB 00 22 39 12            1
008      14 0A 10 11 05 22 39 13            1
008      14 0A 10 11 05 22 39 14            1
008      0A 0A 00 00 00 22 39 15            1
008      14 0A 10 11 05 22 39 16            1
008      14 0A 10 11 05 22 39 17            1
008      0A 0A 00 00 00 22 39 17            1
008      14 0A 10 11 05 22 39 18            1
008      14 0A 10 11 05 22 39 19            1
008      0A 0A 00 00 00 22 39 19            1
008      14 0A 10 11 05 22 39 20            1
008      14 0A 10 11 05 22 39 21            1
008      0A 0A 00 00 00 22 39 21            1
008      14 0A 10 11 05 22 39 22            1
008      14 0A 10 11 05 22 39 23            1
008      0A 0A 00 00 00 22 39 23            1
008      0A 0A 00 00 04 22 30 34            1
008      0A 0A 00 00 00 22 39 25            1
008      14 0A 10 11 05 22 39 25            1
008      14 0A 10 11 05 22 39 26            1
008      0A 0A 00 00 00 22 39 27            1
008      0A 0A 00 00 04 22 30 36            1
008      0A 0A 00 00 00 22 39 29            1
008      14 0A 10 11 05 22 39 29            1
008      14 0A 10 11 05 22 39 30            1
008      0A 0A 00 00 00 22 39 30            1
008      14 0A 10 11 05 22 39 31            1
008      14 0A 10 11 05 22 39 32            1
008      0A 0A 00 00 00 22 39 32            1
008      0A 0A 00 00 04 22 30 38            1
008      0A 0A 00 00 00 22 39 34            1
008      14 0A 10 11 05 22 30 38            1
008      0A 0A 00 00 00 22 39 35            1
008      14 0A 10 11 05 22 39 36            1
008      14 0A 10 11 05 22 39 37            1
008      0A 0A 00 00 00 22 39 37            1
008      14 0A 10 11 05 22 39 38            1
008      14 0A 10 11 05 22 39 39            1
008      0A 0A 00 00 00 22 39 39            1
