249      0D 00 AE 10 
249      0D 00 AE 10 
781      11 00 50 0A 09 E5 
249      0D 00 AE 10 
249      0D 00 AE 10 
249      0D 00 AE 10 
180      15 00 20 10 10 55 
180      15 00 36 01 01 56 
781      11 00 50 0A 09 E5 
180      15 00 20 10 00 57 
180      15 00 36 01 00 58 
200      15 00 01 04 04 
200      19 00 01 04 04 
749      05 00 AE 40 01 00 00 
749      09 00 AE 40 01 00 00 
740      1D 00 48 FF 00 FF 02 
749      0D 00 AE 05 00 02 
748      0D 00 AE 05 00 02 
100      1D 00 71 FF 90 51 
740      1D 00 47 10 04 64 00 00 
600      1D 00 40 64 00 00 10 
500      1D 00 40 64 00 00 10 
749      0D 00 AE 03 32 00 
748      0D 00 AE 03 32 00 
749      0D 00 AE 04 01 00 
748      0D 00 AE 04 01 00 
749      0D 00 AE 05 00 02 
748      0D 00 AE 05 00 02 
749      05 04 AE 40 01 00 00 
200      15 04 01 04 04 
249      0D 00 AE 10 
200      15 04 01 04 00 
749      05 04 AE 40 00 00 00 
200      15 00 01 04 04 
200      19 00 01 04 04 
100      1D 00 71 FF 10 52 
749      05 00 AE 40 01 00 00 
749      09 00 AE 40 01 00 00 
781      11 00 50 0A 09 E5 
249      0D 00 AE 10 
741      1D 00 42 
100      1D 00 E9 01 00 53 
249      0D 00 AE 10 
740      1D 00 48 FF 00 FF 02 
740      1D 00 47 11 04 64 00 00 
600      1D 00 40 64 00 00 10 
500      1D 00 40 64 00 00 10 
749      0D 00 AE 03 32 00 
748      0D 00 AE 03 32 00 
749      0D 00 AE 04 01 00 
748      0D 00 AE 04 01 00 
749      0D 00 AE 05 00 02 
748      0D 00 AE 05 00 02 
100      1D 00 73 FF 08 54 
742      1D 00 50 FF 08 
249      0D 00 AE 10 
249      0D 00 AE 10 
249      0D 00 AE 10 
249      0D 00 AE 10 
740      1D 00 47 11 05 66 00 00 
600      1D 00 40 66 00 00 10 
500      1D 00 40 66 00 00 10 
749      0D 00 AE 03 33 00 
748      0D 00 AE 03 33 00 
749      0D 00 AE 04 01 00 
748      0D 00 AE 04 01 00 
749      0D 00 AE 05 00 02 
748      0D 00 AE 05 00 02 
200      15 00 01 04 00 
200      19 00 01 04 00 
749      05 00 AE 40 00 00 00 
749      09 00 AE 40 00 00 00 
740      1D 00 48 FF 00 FF 00 
749      0D 00 AE 05 00 00 
748      0D 00 AE 05 00 00 
100      1D 00 71 FF 00 55 
740      1D 00 47 01 05 66 00 00 
600      1D 00 40 66 00 00 00 
500      1D 00 40 66 00 00 00 
749      0D 00 AE 03 33 00 
748      0D 00 AE 03 33 00 
749      0D 00 AE 04 00 00 
748      0D 00 AE 04 00 00 
749      0D 00 AE 05 00 00 
748      0D 00 AE 05 00 00 
100      15 00 60 10 00 56 
24A      0D 00 AE 0B 05 00 
748      0D 00 AE 0B 05 00 
749      0D 00 AE 0B 05 00 
249      0D 00 AE 10 
249      0D 00 AE 10 
249      0D 00 AE 10 
249      0D 00 AE 10 
100      1D 00 E9 01 01 57 
180      14 00 34 08 E0 59 
249      0D 00 AE 10 
180      14 00 34 08 E8 5A 
180      14 00 34 08 E0 5B 
100      1D 00 73 FF 04 58 
742      1D 00 20 FF 04 
249      0D 00 AE 10 
740      1D 00 48 FF 00 FF 00 
740      1D 00 47 01 05 66 00 00 
600      1D 00 40 66 00 00 00 
500      1D 00 40 66 00 00 00 
749      0D 00 AE 03 33 00 
748      0D 00 AE 03 33 00 
749      0D 00 AE 04 00 00 
748      0D 00 AE 04 00 00 
749      0D 00 AE 05 00 00 
748      0D 00 AE 05 00 00 
100      1D 00 73 FF 04 59 
742      1D 00 50 FF 04 
180      14 00 34 08 E8 5C 
249      0D 00 AE 10 
249      0D 00 AE 10 
741      1D 00 40 09 96 
741      1D 00 41 
249      0D 00 AE 10 
781      11 00 50 0B 0B 03 
249      0D 00 AE 10 
781      11 00 50 0B 0B 03 
249      0D 00 AE 10 
781      11 00 50 0B 0B 03 
249      0D 00 AE 0D FF FF 00 00 
180      15 00 30 04 04 5D 
249      0D 00 AE 10 
180      15 00 32 01 31 5E 
781      11 00 50 0B 0B 03 
249      0D 00 AE 10 
249      0D 00 AE 10 
781      11 00 50 0C 0C 76 
249      0D 00 AE 10 
781      11 00 50 0D 0C F1 
740      1D 00 48 FF 00 FF 00 
740      1D 00 47 00 05 66 00 00 
600      1D 00 40 66 00 00 00 
500      1D 00 40 66 00 00 00 
749      0D 00 AE 03 33 00 
748      0D 00 AE 03 33 00 
749      0D 00 AE 04 00 00 
748      0D 00 AE 04 00 00 
749      0D 00 AE 05 00 00 
748      0D 00 AE 05 00 00 
100      1D 00 73 FF 04 5A 
742      1D 00 50 FF 04 
249      0D 00 AE 10 
781      11 00 50 0C 0B FA 
249      0D 00 AE 10 
249      0D 00 AE 10 
781      11 00 50 0B 0B 03 
249      0D 00 AE 10 
249      0D 00 AE 10 
249      0D 00 AE 10 
781      11 00 FA 04 
249      0D 00 AE 10 
249      0D 00 AE 10 
249      0D 00 AE 10 
249      0D 00 AE 10 
740      1D 00 48 FF 00 FF 00 
740      1D 00 47 00 05 66 00 00 
600      1D 00 40 66 00 00 00 
500      1D 00 40 66 00 00 00 
749      0D 00 AE 03 33 00 
748      0D 00 AE 03 33 00 
749      0D 00 AE 04 00 00 
748      0D 00 AE 04 00 00 
749      0D 00 AE 05 00 00 
748      0D 00 AE 05 00 00 
100      1D 00 73 FF 04 5B 
742      1D 00 50 FF 04 
249      0D 00 AE 10 
249      0D 00 AE 10 
781      11 00 50 0C 0B FA 
249      0D 00 AE 10 
249      0D 00 AE 10 
781      11 00 50 0C 0C 76 
249      0D 00 AE 10 
249      0D 00 AE 10 
781      11 00 50 0C 0C 76 
249      0D 00 AE 10 
249      0D 00 AE 10 
249      0D 00 AE 10 
781      11 00 50 0C 0C 76 
249      0D 00 AE 10 
740      1D 00 48 FF 00 FF 00 
740      1D 00 47 00 05 66 00 00 
600      1D 00 40 66 00 00 00 
781      11 00 50 0C 0C 76 
500      1D 00 40 66 00 00 00 
749      0D 00 AE 03 33 00 
748      0D 00 AE 03 33 00 
749      0D 00 AE 04 00 00 
748      0D 00 AE 04 00 00 
749      0D 00 AE 05 00 00 
748      0D 00 AE 05 00 00 
100      1D 00 73 FF 04 5C 
742      1D 00 50 FF 04 
249      0D 00 AE 10 
781      11 00 50 0C 0C 76 
249      0D 00 AE 10 
781      11 00 50 0C 0B FA 
249      0D 00 AE 10 
781      11 00 50 0C 0B FA 
249      0D 00 AE 10 
249      0D 00 AE 10 
781      11 00 50 0C 0B FA 
249      0D 00 AE 10 
249      0D 00 AE 10 
249      0D 00 AE 10 
249      0D 00 AE 10 
249      0D 00 AE 10 
740      1D 00 48 FF 00 FF 00 
740      1D 00 47 00 05 66 00 00 
600      1D 00 40 66 00 00 00 
500      1D 00 40 66 00 00 00 
749      0D 00 AE 03 33 00 
748      0D 00 AE 03 33 00 
749      0D 00 AE 04 00 00 
748      0D 00 AE 04 00 00 
749      0D 00 AE 05 00 00 
748      0D 00 AE 05 00 00 
100      1D 00 73 FF 04 5D 
742      1D 00 50 FF 04 
781      11 00 50 0C 0B FA 
249      0D 00 AE 10 
781      11 00 50 0C 0B FA 
249      0D 00 AE 10 
249      0D 00 AE 10 
781      11 00 50 0C 0B FA 
249      0D 00 AE 10 
781      11 00 50 0C 0B FA 
249      0D 00 AE 10 
249      0D 00 AE 10 
781      11 00 50 0D 0C F1 
249      0D 00 AE 10 
249      0D 00 AE 10 
781      11 00 50 0A 0A 0A 
249      0D 00 AE 10 
249      0D 00 AE 10       0D 00 AE 10 
