249      0D 00 AE 10 
1C0      15 00 22 40 40 
200      15 00 01 08 08 
200      19 00 01 08 08 
749      05 00 AE 40 02 00 00 
749      09 00 AE 40 02 00 00 
740      1D 00 48 FF 00 FF 01 
749      0D 00 AE 05 00 01 
748      0D 00 AE 05 00 01 
100      1D 00 71 FF 02 3E 
740      1D 00 47 20 22 64 66 00 
600      1D 00 40 64 66 00 20 
500      1D 00 40 64 66 00 20 
1C0      15 00 22 40 00 
749      0D 00 AE 03 32 33 
748      0D 00 AE 03 32 33 
749      0D 00 AE 04 02 00 
748      0D 00 AE 04 02 00 
749      0D 00 AE 05 00 01 
748      0D 00 AE 05 00 01 
741      1D 00 42 
100      1D 00 E9 01 00 3F 
249      0D 00 AE 10 
180      15 00 20 10 10 AB 
180      15 00 36 01 01 AC 
180      15 00 20 10 00 AD 
180      15 00 36 01 00 AE 
249      0D 00 AE 10 
180      15 00 20 04 04 AF 
180      15 00 36 01 01 B0 
180      15 00 20 04 00 B1 
180      15 00 36 01 00 B2 
249      0D 00 AE 10 
249      0D 00 AE 10 
249      0D 00 AE 10 
740      1D 00 47 21 21 D8 66 00 
600      1D 00 40 D8 66 00 20 
500      1D 00 40 D8 66 00 20 
749      0D 00 AE 03 6C 33 
748      0D 00 AE 03 6C 33 
749      0D 00 AE 04 02 00 
748      0D 00 AE 04 02 00 
749      0D 00 AE 05 00 01 
748      0D 00 AE 05 00 01 
249      0D 00 AE 10 
249      0D 00 AE 10 
740      1D 00 48 FF 00 FF 01 
740      1D 00 47 21 21 D8 66 00 
600      1D 00 40 D8 66 00 20 
500      1D 00 40 D8 66 00 20 
749      0D 00 AE 03 6C 33 
748      0D 00 AE 03 6C 33 
749      0D 00 AE 04 02 00 
748      0D 00 AE 04 02 00 
749      0D 00 AE 05 00 01 
748      0D 00 AE 05 00 01 
100      1D 00 73 FF 08 40 
742      1D 00 50 FF 08 
740      1D 00 47 21 20 9E 66 00 
600      1D 00 40 9E 66 00 20 
500      1D 00 40 9E 66 00 20 
749      0D 00 AE 03 4F 33 
748      0D 00 AE 03 4F 33 
749      0D 00 AE 04 02 00 
748      0D 00 AE 04 02 00 
749      0D 00 AE 05 00 01 
748      0D 00 AE 05 00 01 
249      0D 00 AE 10 
740      1D 00 47 21 1F 72 64 00 
600      1D 00 40 72 64 00 20 
500      1D 00 40 72 64 00 20 
749      0D 00 AE 03 39 32 
748      0D 00 AE 03 39 32 
749      0D 00 AE 04 02 00 
748      0D 00 AE 04 02 00 
749      0D 00 AE 05 00 01 
748      0D 00 AE 05 00 01 
249      0D 00 AE 10 
249      0D 00 AE 10 
249      0D 00 AE 10 
249      0D 00 AE 0D FF FF 00 00 
249      0D 00 AE 10 
249      0D 00 AE 10 
740      1D 00 47 21 1E 70 64 00 
600      1D 00 40 70 64 00 20 
500      1D 00 40 70 64 00 20 
749      0D 00 AE 03 38 32 
748      0D 00 AE 03 38 32 
749      0D 00 AE 04 02 00 
748      0D 00 AE 04 02 00 
749      0D 00 AE 05 00 01 
748      0D 00 AE 05 00 01 
249      0D 00 AE 10 
249      0D 00 AE 10 
249      0D 00 AE 10 
740      1D 00 47 21 1D 6E 64 00 
600      1D 00 40 6E 64 00 20 
500      1D 00 40 6E 64 00 20 
749      0D 00 AE 03 37 32 
748      0D 00 AE 03 37 32 
749      0D 00 AE 04 02 00 
748      0D 00 AE 04 02 00 
749      0D 00 AE 05 00 01 
748      0D 00 AE 05 00 01 
249      0D 00 AE 10 
740      1D 00 48 FF 00 FF 01 
740      1D 00 47 21 1D 6E 64 00 
600      1D 00 40 6E 64 00 20 
500      1D 00 40 6E 64 00 20 
749      0D 00 AE 03 37 32 
748      0D 00 AE 03 37 32 
749      0D 00 AE 04 02 00 
748      0D 00 AE 04 02 00 
749      0D 00 AE 05 00 01 
748      0D 00 AE 05 00 01 
100      1D 00 73 FF 08 41 
742      1D 00 50 FF 08 
249      0D 00 AE 10 
249      0D 00 AE 10 
740      1D 00 47 21 1C 6C 64 00 
600      1D 00 40 6C 64 00 20 
500      1D 00 40 6C 64 00 20 
749      0D 00 AE 03 36 32 
748      0D 00 AE 03 36 32 
749      0D 00 AE 04 02 00 
748      0D 00 AE 04 02 00 
749      0D 00 AE 05 00 01 
748      0D 00 AE 05 00 01 
249      0D 00 AE 10 
249      0D 00 AE 10 
249      0D 00 AE 10 
740      1D 00 47 21 1B 6A 64 00 
600      1D 00 40 6A 64 00 20 
500      1D 00 40 6A 64 00 20 
749      0D 00 AE 03 35 32 
748      0D 00 AE 03 35 32 
749      0D 00 AE 04 02 00 
748      0D 00 AE 04 02 00 
749      0D 00 AE 05 00 01 
748      0D 00 AE 05 00 01 
249      0D 00 AE 10 
249      0D 00 AE 10 
249      0D 00 AE 10 
740      1D 00 47 21 1A 68 64 00 
600      1D 00 40 68 64 00 20 
500      1D 00 40 68 64 00 20 
749      0D 00 AE 03 34 32 
748      0D 00 AE 03 34 32 
749      0D 00 AE 04 02 00 
748      0D 00 AE 04 02 00 
749      0D 00 AE 05 00 01 
748      0D 00 AE 05 00 01 
249      0D 00 AE 10 
740      1D 00 48 FF 00 FF 01 
740      1D 00 47 21 1A 68 64 00 
600      1D 00 40 68 64 00 20 
500      1D 00 40 68 64 00 20 
749      0D 00 AE 03 34 32 
748      0D 00 AE 03 34 32 
749      0D 00 AE 04 02 00 
748      0D 00 AE 04 02 00 
749      0D 00 AE 05 00 01 
748      0D 00 AE 05 00 01 
100      1D 00 73 FF 08 42 
742      1D 00 50 FF 08 
249      0D 00 AE 10 
249      0D 00 AE 10 
740      1D 00 47 21 19 66 64 00 
600      1D 00 40 66 64 00 20 
500      1D 00 40 66 64 00 20 
749      0D 00 AE 03 33 32 
748      0D 00 AE 03 33 32 
749      0D 00 AE 04 02 00 
748      0D 00 AE 04 02 00 
749      0D 00 AE 05 00 01 
748      0D 00 AE 05 00 01 
249      0D 00 AE 10 
249      0D 00 AE 10 
249      0D 00 AE 10 
740      1D 00 47 21 18 64 64 00 
600      1D 00 40 64 64 00 20 
500      1D 00 40 64 64 00 20 
749      0D 00 AE 03 32 32 
748      0D 00 AE 03 32 32 
749      0D 00 AE 04 02 00 
748      0D 00 AE 04 02 00 
749      0D 00 AE 05 00 01 
748      0D 00 AE 05 00 01 
249      0D 00 AE 10 
249      0D 00 AE 10 
740      1D 00 47 21 17 D8 64 00 
600      1D 00 40 D8 64 00 20 
500      1D 00 40 D8 64 00 20 
749      0D 00 AE 03 6C 32 
748      0D 00 AE 03 6C 32 
749      0D 00 AE 04 02 00 
748      0D 00 AE 04 02 00 
749      0D 00 AE 05 00 01 
748      0D 00 AE 05 00 01 
100      15 00 62 40 00 43 
200      15 17 01 08 08 
749      05 17 AE 40 02 00 00 
24A      0D 00 AE 0B 17 00 
748      0D 00 AE 0B 17 00 
749      0D 00 AE 0B 17 00 
100      1D 00 71 FF 42 44 
249      0D 00 AE 10 
249      0D 00 AE 10 
249      0D 00 AE 10 
740      1D 00 48 FF 00 FF 01 
740      1D 00 47 21 17 D8 64 00 
600      1D 00 40 D8 64 00 20 
500      1D 00 40 D8 64 00 20 
749      0D 00 AE 03 6C 32 
748      0D 00 AE 03 6C 32 
749      0D 00 AE 04 02 00 
748      0D 00 AE 04 02 00 
749      0D 00 AE 05 00 01 
748      0D 00 AE 05 00 01 
100      1D 00 73 FF 08 45 
742      1D 00 50 FF 08 
249      0D 00 AE 10 
249      0D 00 AE 10 
249      0D 00 AE 10 
100      1D 00 E9 01 01 46 
180      14 00 34 08 E0 B3 
180      14 00 34 08 E8 B4 
180      14 00 34 08 E0 B5 
180      14 00 34 08 E8 B6 
180      14 00 34 08 E0 B7 
249      0D 00 AE 10 
180      14 00 34 08 E8 B8 
100      1D 00 73 FF 04 47 
742      1D 00 20 FF 04 
180      14 00 34 08 E0 B9 
249      0D 00 AE 10 
249      0D 00 AE 10 
249      0D 00 AE 10 
180      14 00 34 08 E8 BA 
741      1D 00 40 22 2F 
741      1D 00 41 
781      11 00 50 09 08 91 
249      0D 00 AE 10 
781      11 00 50 09 09 0F 
249      0D 00 AE 10 
781      11 00 50 09 08 91 
249      0D 00 AE 10 
740      1D 00 48 FF 00 FF 01 
740      1D 00 47 21 17 D8 64 00 
600      1D 00 40 D8 64 00 20 
500      1D 00 40 D8 64 00 20 
749      0D 00 AE 03 6C 32 
748      0D 00 AE 03 6C 32 
749      0D 00 AE 04 02 00 
748      0D 00 AE 04 02 00 
749      0D 00 AE 05 00 01 
748      0D 00 AE 05 00 01 
100      1D 00 73 FF 04 48 
742      1D 00 50 FF 04 
180      15 00 32 01 31 BB 
249      0D 00 AE 10 
781      11 00 50 09 09 0F 
249      0D 00 AE 10 
781      11 00 50 09 09 0F 
249      0D 00 AE 10 
781      11 00 50 09 09 0F 
249      0D 00 AE 10 
781      11 00 50 09 09 0F 
249      0D 00 AE 10 
781      11 00 50 09 09 0F 
249      0D 00 AE 10 
100      1D 00 73 FF 08 49 
742      1D 00 20 FF 08 
249      0D 00 AE 10 
249      0D 00 AE 10 
180      15 00 32 01 30 BC 
249      0D 00 AE 10 
781      11 00 50 09 08 91 
249      0D 00 AE 10 
740      1D 00 48 FF 00 FF 01 
740      1D 00 47 20 17 D8 64 00 
600      1D 00 40 D8 64 00 20 
500      1D 00 40 D8 64 00 20 
749      0D 00 AE 03 6C 32 
748      0D 00 AE 03 6C 32 
749      0D 00 AE 04 02 00 
748      0D 00 AE 04 02 00 
749      0D 00 AE 05 00 01 
748      0D 00 AE 05 00 01 
100      1D 00 73 FF 08 4A 
742      1D 00 50 FF 08 
249      0D 00 AE 10 
249      0D 00 AE 10 
249      0D 00 AE 10 
781      11 00 50 09 09 0F 
249      0D 00 AE 10 
781      11 00 50 09 09 0F 
249      0D 00 AE 10 
200      15 17 01 08 00 
749      05 17 AE 40 00 00 00 
200      15 00 01 08 08 
200      19 00 01 08 08 
100      1D 00 71 FF 02 4B 
749      05 00 AE 40 02 00 00 
749      09 00 AE 40 02 00 00 
249      0D 00 AE 10 
781      11 00 50 09 09 0F 
741      1D 00 42 
100      1D 00 E9 01 00 4C 
249      0D 00 AE 10 
249      0D 00 AE 10 
249      0D 00 AE 10 
740      1D 00 48 FF 00 FF 01 
740      1D 00 47 21 17 D8 64 00 
600      1D 00 40 D8 64 00 20 
500      1D 00 40 D8 64 00 20 
749      0D 00 AE 03 6C 32 
748      0D 00 AE 03 6C 32 
749      0D 00 AE 04 02 00 
748      0D 00 AE 04 02 00 
749      0D 00 AE 05 00 01 
748      0D 00 AE 05 00 01 
100      1D 00 73 FF 08 4D 
742      1D 00 50 FF 08 
249      0D 00 AE 10 
249      0D 00 AE 10 
740      1D 00 47 21 16 9E 64 00 
600      1D 00 40 9E 64 00 20 
500      1D 00 40 9E 64 00 20 
749      0D 00 AE 03 4F 32 
748      0D 00 AE 03 4F 32 
749      0D 00 AE 04 02 00 
748      0D 00 AE 04 02 00 
749      0D 00 AE 05 00 01 
748      0D 00 AE 05 00 01 
249      0D 00 AE 10 
249      0D 00 AE 0D 2E 15 00 00 
249      0D 00 AE 31 F6 08 00 00 
249      0D 00 AE 10 
740      1D 00 47 21 15 72 D8 00 
600      1D 00 40 72 D8 00 20 
500      1D 00 40 72 D8 00 20 
749      0D 00 AE 03 39 6C 
748      0D 00 AE 03 39 6C 
749      0D 00 AE 04 02 00 
748      0D 00 AE 04 02 00 
749      0D 00 AE 05 00 01 
748      0D 00 AE 05 00 01 
249      0D 00 AE 10 
740      1D 00 47 21 14 70 D8 00 
600      1D 00 40 70 D8 00 20 
500      1D 00 40 70 D8 00 20 
749      0D 00 AE 03 38 6C 
748      0D 00 AE 03 38 6C 
749      0D 00 AE 04 02 00 
748      0D 00 AE 04 02 00 
749      0D 00 AE 05 00 01 
748      0D 00 AE 05 00 01 
249      0D 00 AE 10 
249      0D 00 AE 10 
249      0D 00 AE 10 
249      0D 00 AE 10 
249      0D 00 AE 10 
740      1D 00 48 FF 00 FF 01 
740      1D 00 47 21 14 70 D8 00 
600      1D 00 40 70 D8 00 20 
500      1D 00 40 70 D8 00 20 
749      0D 00 AE 03 38 6C 
748      0D 00 AE 03 38 6C 
749      0D 00 AE 04 02 00 
748      0D 00 AE 04 02 00 
749      0D 00 AE 05 00 01 
748      0D 00 AE 05 00 01 
100      1D 00 73 FF 08 4E 
742      1D 00 50 FF 08 
740      1D 00 47 21 13 6E D8 00 
600      1D 00 40 6E D8 00 20 
500      1D 00 40 6E D8 00 20 
749      0D 00 AE 03 37 6C 
748      0D 00 AE 03 37 6C 
749      0D 00 AE 04 02 00 
748      0D 00 AE 04 02 00 
749      0D 00 AE 05 00 01 
748      0D 00 AE 05 00 01 
249      0D 00 AE 10 
249      0D 00 AE 10 
249      0D 00 AE 10 
740      1D 00 47 21 12 6C D8 00 
600      1D 00 40 6C D8 00 20 
500      1D 00 40 6C D8 00 20 
749      0D 00 AE 03 36 6C 
748      0D 00 AE 03 36 6C 
749      0D 00 AE 04 02 00 
748      0D 00 AE 04 02 00 
749      0D 00 AE 05 00 01 
748      0D 00 AE 05 00 01 
249      0D 00 AE 10 
249      0D 00 AE 10 
249      0D 00 AE 10 
740      1D 00 47 21 11 6A D8 00 
600      1D 00 40 6A D8 00 20 
500      1D 00 40 6A D8 00 20 
749      0D 00 AE 03 35 6C 
748      0D 00 AE 03 35 6C 
749      0D 00 AE 04 02 00 
748      0D 00 AE 04 02 00 
749      0D 00 AE 05 00 01 
748      0D 00 AE 05 00 01 
249      0D 00 AE 10 
249      0D 00 AE 10 
249      0D 00 AE 10 
740      1D 00 47 21 10 68 D8 00 
600      1D 00 40 68 D8 00 20 
500      1D 00 40 68 D8 00 20 
749      0D 00 AE 03 34 6C 
748      0D 00 AE 03 34 6C 
749      0D 00 AE 04 02 00 
748      0D 00 AE 04 02 00 
749      0D 00 AE 05 00 01 
748      0D 00 AE 05 00 01 
249      0D 00 AE 10 
740      1D 00 48 FF 00 FF 01 
740      1D 00 47 21 10 68 D8 00 
600      1D 00 40 68 D8 00 20 
500      1D 00 40 68 D8 00 20 
749      0D 00 AE 03 34 6C 
748      0D 00 AE 03 34 6C 
749      0D 00 AE 04 02 00 
748      0D 00 AE 04 02 00 
749      0D 00 AE 05 00 01 
748      0D 00 AE 05 00 01 
100      1D 00 73 FF 08 4F 
742      1D 00 50 FF 08 
249      0D 00 AE 10 
249      0D 00 AE 10 
740      1D 00 47 21 0F 66 D8 00 
600      1D 00 40 66 D8 00 20 
500      1D 00 40 66 D8 00 20 
749      0D 00 AE 03 33 6C 
748      0D 00 AE 03 33 6C 
749      0D 00 AE 04 02 00 
748      0D 00 AE 04 02 00 
749      0D 00 AE 05 00 01 
748      0D 00 AE 05 00 01 
249      0D 00 AE 10 
249      0D 00 AE 10 
249      0D 00 AE 10 
740      1D 00 47 21 0E 64 D8 00 
600      1D 00 40 64 D8 00 20 
500      1D 00 40 64 D8 00 20 
749      0D 00 AE 03 32 6C 
748      0D 00 AE 03 32 6C 
749      0D 00 AE 04 02 00 
748      0D 00 AE 04 02 00 
749      0D 00 AE 05 00 01 
748      0D 00 AE 05 00 01 
249      0D 00 AE 10 
249      0D 00 AE 10 
740      1D 00 47 21 0D D8 D8 00 
600      1D 00 40 D8 D8 00 20 
500      1D 00 40 D8 D8 00 20 
749      0D 00 AE 03 6C 6C 
748      0D 00 AE 03 6C 6C 
749      0D 00 AE 04 02 00 
748      0D 00 AE 04 02 00 
749      0D 00 AE 05 00 01 
748      0D 00 AE 05 00 01 
249      0D 00 AE 10 
249      0D 00 AE 10 
249      0D 00 AE 10 
740      1D 00 48 FF 00 FF 01 
740      1D 00 47 21 0D D8 D8 00 
600      1D 00 40 D8 D8 00 20 
500      1D 00 40 D8 D8 00 20 
749      0D 00 AE 03 6C 6C 
748      0D 00 AE 03 6C 6C 
749      0D 00 AE 04 02 00 
748      0D 00 AE 04 02 00 
749      0D 00 AE 05 00 01 
748      0D 00 AE 05 00 01 
100      1D 00 73 FF 08 50 
742      1D 00 50 FF 08 
740      1D 00 47 21 0C 9E D8 00 
600      1D 00 40 9E D8 00 20 
500      1D 00 40 9E D8 00 20 
749      0D 00 AE 03 4F 6C 
748      0D 00 AE 03 4F 6C 
749      0D 00 AE 04 02 00 
748      0D 00 AE 04 02 00 
749      0D 00 AE 05 00 01 
748      0D 00 AE 05 00 01 
249      0D 00 AE 10 
249      0D 00 AE 10 
249      0D 00 AE 10 
740      1D 00 47 21 0B 72 00 00 
600      1D 00 40 72 00 00 20 
500      1D 00 40 72 00 00 20 
749      0D 00 AE 03 39 00 
748      0D 00 AE 03 39 00 
749      0D 00 AE 04 02 00 
748      0D 00 AE 04 02 00 
749      0D 00 AE 05 00 01 
748      0D 00 AE 05 00 01 
249      0D 00 AE 10 
249      0D 00 AE 10 
249      0D 00 AE 10 
740      1D 00 47 21 0A 70 00 00 
600      1D 00 40 70 00 00 20 
500      1D 00 40 70 00 00 20 
749      0D 00 AE 03 38 00 
748      0D 00 AE 03 38 00 
749      0D 00 AE 04 02 00 
748      0D 00 AE 04 02 00 
749      0D 00 AE 05 00 01 
748      0D 00 AE 05 00 01 
249      0D 00 AE 10 
249      0D 00 AE 10 
249      0D 00 AE 10 
740      1D 00 47 21 09 6E 00 00 
600      1D 00 40 6E 00 00 20 
500      1D 00 40 6E 00 00 20 
749      0D 00 AE 03 37 00 
748      0D 00 AE 03 37 00 
749      0D 00 AE 04 02 00 
748      0D 00 AE 04 02 00 
749      0D 00 AE 05 00 01 
748      0D 00 AE 05 00 01 
740      1D 00 48 FF 00 FF 01 
740      1D 00 47 21 09 6E 00 00 
600      1D 00 40 6E 00 00 20 
500      1D 00 40 6E 00 00 20 
749      0D 00 AE 03 37 00 
748      0D 00 AE 03 37 00 
749      0D 00 AE 04 02 00 
748      0D 00 AE 04 02 00 
749      0D 00 AE 05 00 01 
748      0D 00 AE 05 00 01 
100      1D 00 73 FF 08 51 
742      1D 00 50 FF 08 
249      0D 00 AE 10 
249      0D 00 AE 10 
249      0D 00 AE 10 
740      1D 00 47 21 08 6C 00 00 
600      1D 00 40 6C 00 00 20 
500      1D 00 40 6C 00 00 20 
749      0D 00 AE 03 36 00 
748      0D 00 AE 03 36 00 
749      0D 00 AE 04 02 00 
748      0D 00 AE 04 02 00 
749      0D 00 AE 05 00 01 
748      0D 00 AE 05 00 01 
249      0D 00 AE 10 
249      0D 00 AE 10 
249      0D 00 AE 10 
740      1D 00 47 21 07 6A 00 00 
600      1D 00 40 6A 00 00 20 
500      1D 00 40 6A 00 00 20 
749      0D 00 AE 03 35 00 
748      0D 00 AE 03 35 00 
749      0D 00 AE 04 02 00 
748      0D 00 AE 04 02 00 
749      0D 00 AE 05 00 01 
748      0D 00 AE 05 00 01 
249      0D 00 AE 10 
249      0D 00 AE 10 
740      1D 00 47 21 06 68 00 00 
600      1D 00 40 68 00 00 20 
500      1D 00 40 68 00 00 20 
749      0D 00 AE 03 34 00 
748      0D 00 AE 03 34 00 
749      0D 00 AE 04 02 00 
748      0D 00 AE 04 02 00 
749      0D 00 AE 05 00 01 
748      0D 00 AE 05 00 01 
249      0D 00 AE 10 
249      0D 00 AE 10 
740      1D 00 48 FF 00 FF 01 
740      1D 00 47 21 06 68 00 00 
600      1D 00 40 68 00 00 20 
500      1D 00 40 68 00 00 20 
749      0D 00 AE 03 34 00 
748      0D 00 AE 03 34 00 
749      0D 00 AE 04 02 00 
748      0D 00 AE 04 02 00 
749      0D 00 AE 05 00 01 
748      0D 00 AE 05 00 01 
100      1D 00 73 FF 08 52 
742      1D 00 50 FF 08 
249      0D 00 AE 10 
740      1D 00 47 21 05 66 00 00 
600      1D 00 40 66 00 00 20 
500      1D 00 40 66 00 00 20 
749      0D 00 AE 03 33 00 
748      0D 00 AE 03 33 00 
749      0D 00 AE 04 02 00 
748      0D 00 AE 04 02 00 
749      0D 00 AE 05 00 01 
748      0D 00 AE 05 00 01 
100      15 00 60 10 00 53 
200      15 05 01 08 08 
749      05 05 AE 40 02 00 00 
24A      0D 00 AE 0B 05 00 
748      0D 00 AE 0B 05 00 
749      0D 00 AE 0B 05 00 
100      1D 00 71 FF 42 54 
249      0D 00 AE 10 
249      0D 00 AE 10 
249      0D 00 AE 10 
249      0D 00 AE 10 
249      0D 00 AE 10 
249      0D 00 AE 10 
100      1D 00 E9 01 01 55 
180      14 00 34 08 E0 BD 
180      14 00 34 08 E8 BE 
180      14 00 34 08 E0 BF 
180      14 00 34 08 E8 C0 
249      0D 00 AE 10 
180      14 00 34 08 E0 C1 
100      1D 00 73 FF 04 56 
742      1D 00 20 FF 04 
249      0D 00 AE 10 
249      0D 00 AE 10 
740      1D 00 48 FF 00 FF 01 
740      1D 00 47 21 05 66 00 00 
600      1D 00 40 66 00 00 20 
500      1D 00 40 66 00 00 20 
749      0D 00 AE 03 33 00 
748      0D 00 AE 03 33 00 
749      0D 00 AE 04 02 00 
748      0D 00 AE 04 02 00 
749      0D 00 AE 05 00 01 
748      0D 00 AE 05 00 01 
100      1D 00 73 FF 04 57 
742      1D 00 50 FF 04 
249      0D 00 AE 0D FF FF 00 00 
249      0D 00 AE 10 
741      1D 00 40 09 9E 
741      1D 00 41 
180      14 00 34 08 E8 C2 
781      11 00 50 09 09 0F 
249      0D 00 AE 10 
781      11 00 50 09 09 0F 
249      0D 00 AE 10 
781      11 00 50 09 09 0F 
249      0D 00 AE 10 
180      15 00 32 01 31 C3 
249      0D 00 AE 10 
781      11 00 50 09 09 0F 
249      0D 00 AE 10 
781      11 00 50 09 09 0F 
249      0D 00 AE 10 
249      0D 00 AE 10 
781      11 00 50 08 08 13 
249      0D 00 AE 10 
781      11 00 50 09 08 91 
249      0D 00 AE 10 
740      1D 00 48 FF 00 FF 01 
740      1D 00 47 20 05 66 00 00 
600      1D 00 40 66 00 00 20 
500      1D 00 40 66 00 00 20 
749      0D 00 AE 03 33 00 
748      0D 00 AE 03 33 00 
749      0D 00 AE 04 02 00 
748      0D 00 AE 04 02 00 
749      0D 00 AE 05 00 01 
748      0D 00 AE 05 00 01 
100      1D 00 73 FF 04 58 
742      1D 00 50 FF 04 
100      1D 00 73 FF 08 59 
742      1D 00 20 FF 08 
249      0D 00 AE 10 
249      0D 00 AE 10 
781      11 00 50 09 08 91 
180      15 00 32 01 30 C4 
249      0D 00 AE 10 
249      0D 00 AE 10 
781      11 00 50 09 08 91 
249      0D 00 AE 10 
249      0D 00 AE 10 
781      11 00 50 09 08 91 
249      0D 00 AE 10 
249      0D 00 AE 10 
249      0D 00 AE 10 
781      11 00 50 09 08 91 
200      15 05 01 08 00 
749      05 05 AE 40 00 00 00 
200      15 00 01 08 08 
200      19 00 01 08 08 
100      1D 00 71 FF 02 5A 
749      05 00 AE 40 02 00 00 
749      09 00 AE 40 02 00 00 
740      1D 00 48 FF 00 FF 01 
740      1D 00 47 20 05 66 00 00 
600      1D 00 40 66 00 00 20 
500      1D 00 40 66 00 00 20 
749      0D 00 AE 03 33 00 
748      0D 00 AE 03 33 00 
749      0D 00 AE 04 02 00 
748      0D 00 AE 04 02 00 
749      0D 00 AE 05 00 01 
748      0D 00 AE 05 00 01 
100      1D 00 73 FF 08 5B 
742      1D 00 50 FF 08 
249      0D 00 AE 10 
781      11 00 50 09 08 91 
741      1D 00 42 
100      1D 00 E9 01 00 5C 
249      0D 00 AE 10 
249      0D 00 AE 10 
249      0D 00 AE 10 
249      0D 00 AE 10 
249      0D 00 AE 10 
740      1D 00 47 21 04 64 00 00 
600      1D 00 40 64 00 00 20 
500      1D 00 40 64 00 00 20 
749      0D 00 AE 03 32 00 
748      0D 00 AE 03 32 00 
749      0D 00 AE 04 02 00 
748      0D 00 AE 04 02 00 
749      0D 00 AE 05 00 01 
748      0D 00 AE 05 00 01 
249      0D 00 AE 10 
249      0D 00 AE 10 
249      0D 00 AE 10 
100      15 00 60 04 00 5D 
24A      0D 00 AE 0B 03 00 
748      0D 00 AE 0B 03 00 
749      0D 00 AE 0B 03 00 
200      15 00 01 08 00 
749      05 00 AE 40 00 00 00 
749      09 00 AE 40 00 00 00 
200      19 00 01 08 00 
740      1D 00 48 FF 00 FF 00 
749      0D 00 AE 05 00 00 
748      0D 00 AE 05 00 00 
100      1D 00 71 FF 00 5E 
740      1D 00 47 01 03 D8 00 00 
600      1D 00 40 D8 00 00 00 
500      1D 00 40 D8 00 00 00 
749      0D 00 AE 03 6C 00 
748      0D 00 AE 03 6C 00 
749      0D 00 AE 04 00 00 
748      0D 00 AE 04 00 00 
749      0D 00 AE 05 00 00 
748      0D 00 AE 05 00 00 
249      0D 00 AE 10 
740      1D 00 48 FF 00 FF 00 
740      1D 00 47 01 03 D8 00 00 
600      1D 00 40 D8 00 00 00 
500      1D 00 40 D8 00 00 00 
749      0D 00 AE 03 6C 00 
748      0D 00 AE 03 6C 00 
749      0D 00 AE 04 00 00 
748      0D 00 AE 04 00 00 
749      0D 00 AE 05 00 00 
748      0D 00 AE 05 00 00 
100      1D 00 73 FF 08 5F 
742      1D 00 50 FF 08 
249      0D 00 AE 10 
249      0D 00 AE 10 
249      0D 00 AE 10 
249      0D 00 AE 10 
249      0D 00 AE 10 
249      0D 00 AE 10 
249      0D 00 AE 10 
100      1D 00 E9 01 01 60 
180      14 00 34 08 E0 C5 
180      14 00 34 08 E8 C6 
180      14 00 34 08 E0 C7 
249      0D 00 AE 10 
180      14 00 34 08 E8 C8 
100      1D 00 73 FF 04 61 
742      1D 00 20 FF 04 
180      14 00 34 08 E0 C9 
249      0D 00 AE 10 
249      0D 00 AE 10 
740      1D 00 48 FF 00 FF 00 
740      1D 00 47 01 03 D8 00 00 
600      1D 00 40 D8 00 00 00 
500      1D 00 40 D8 00 00 00 
749      0D 00 AE 03 6C 00 
748      0D 00 AE 03 6C 00 
749      0D 00 AE 04 00 00 
748      0D 00 AE 04 00 00 
749      0D 00 AE 05 00 00 
748      0D 00 AE 05 00 00 
100      1D 00 73 FF 04 62 
742      1D 00 50 FF 04 
741      1D 00 40 05 88 
741      1D 00 41 
249      0D 00 AE 10 
180      14 00 34 08 E8 CA 
781      11 00 FA 04 
249      0D 00 AE 10 
781      11 00 50 09 0A 8D 
249      0D 00 AE 10 
249      0D 00 AE 10 
180      15 00 32 01 31 CB 
249      0D 00 AE 10 
781      11 00 50 09 0A 8D 
249      0D 00 AE 10 
249      0D 00 AE 10 
249      0D 00 AE 10 
249      0D 00 AE 10 
249      0D 00 AE 10 
740      1D 00 48 FF 00 FF 00 
740      1D 00 47 00 03 D8 00 00 
600      1D 00 40 D8 00 00 00 
500      1D 00 40 D8 00 00 00 
749      0D 00 AE 03 6C 00 
748      0D 00 AE 03 6C 00 
749      0D 00 AE 04 00 00 
748      0D 00 AE 04 00 00 
749      0D 00 AE 05 00 00 
748      0D 00 AE 05 00 00 
100      1D 00 73 FF 04 63 
742      1D 00 50 FF 04 
100      1D 00 73 FF 08 64 
742      1D 00 20 FF 08 
249      0D 00 AE 10 
781      11 00 50 09 0A 8D 
249      0D 00 AE 10 
180      15 00 32 01 30 CC 
781      11 00 50 09 0A 8D 
249      0D 00 AE 10 
249      0D 00 AE 10 
781      11 00 50 09 0A 8D 
249      0D 00 AE 10 
249      0D 00 AE 10 
781      11 00 50 09 0A 8D 
249      0D 00 AE 10 
249      0D 00 AE 10 
249      0D 00 AE 0D 2F 15 00 00 
249      0D 00 AE 31 F6 08 00 00 
249      0D 00 AE 10 
781      11 00 50 09 0A 8D 
249      0D 00 AE 10 
740      1D 00 48 FF 00 FF 00 
740      1D 00 47 00 03 D8 00 00 
600      1D 00 40 D8 00 00 00 
500      1D 00 40 D8 00 00 00 
749      0D 00 AE 03 6C 00 
748      0D 00 AE 03 6C 00 
749      0D 00 AE 04 00 00 
748      0D 00 AE 04 00 00 
749      0D 00 AE 05 00 00 
748      0D 00 AE 05 00 00 
100      1D 00 73 FF 08 65 
742      1D 00 50 FF 08 
249      0D 00 AE 10 
249      0D 00 AE 10 
781      11 00 50 09 0A 8D 
249      0D 00 AE 10 
781      11 00 50 09 0A 8D 
249      0D 00 AE 10 
249      0D 00 AE 10 
781      11 00 50 09 0A 8D 
249      0D 00 AE 10 
249      0D 00 AE 10 
249      0D 00 AE 10       0D 00 AE 10 
