249      0D 00 AE 10 
249      0D 00 AE 10 
781      11 00 50 0A 0C 05 
249      0D 00 AE 10 
781      11 00 50 0A 0B 88 
249      0D 00 AE 10 
180      15 00 20 08 08 19 
180      15 00 36 01 01 1A 
249      0D 00 AE 10 
200      15 00 01 04 04 
200      19 00 01 04 04 
740      1D 00 48 FF 00 FF 02 
749      0D 00 AE 05 00 02 
748      0D 00 AE 05 00 02 
100      1D 00 71 FF 10 DC 
740      1D 00 47 10 03 D8 00 00 
600      1D 00 40 D8 00 00 10 
500      1D 00 40 D8 00 00 10 
180      15 00 20 08 00 1B 
180      15 00 36 01 00 1C 
749      0D 00 AE 03 6C 00 
748      0D 00 AE 03 6C 00 
749      0D 00 AE 04 01 00 
748      0D 00 AE 04 01 00 
749      0D 00 AE 05 00 02 
748      0D 00 AE 05 00 02 
749      05 00 AE 40 01 00 00 
749      09 00 AE 40 01 00 00 
781      11 00 50 0A 0C 05 
741      1D 00 42 
100      1D 00 E9 01 00 DD 
249      0D 00 AE 10 
740      1D 00 48 FF 00 FF 02 
740      1D 00 47 11 03 D8 00 00 
600      1D 00 40 D8 00 00 10 
500      1D 00 40 D8 00 00 10 
749      0D 00 AE 03 6C 00 
748      0D 00 AE 03 6C 00 
749      0D 00 AE 04 01 00 
748      0D 00 AE 04 01 00 
749      0D 00 AE 05 00 02 
748      0D 00 AE 05 00 02 
100      1D 00 73 FF 08 DE 
742      1D 00 50 FF 08 
249      0D 00 AE 10 
249      0D 00 AE 10 
249      0D 00 AE 10 
249      0D 00 AE 10 
249      0D 00 AE 10 
249      0D 00 AE 10 
200      15 00 01 04 00 
749      05 00 AE 40 00 00 00 
749      09 00 AE 40 00 00 00 
200      19 00 01 04 00 
740      1D 00 48 FF 00 FF 00 
749      0D 00 AE 05 00 00 
748      0D 00 AE 05 00 00 
100      1D 00 71 FF 00 DF 
740      1D 00 47 01 04 64 00 00 
600      1D 00 40 64 00 00 00 
500      1D 00 40 64 00 00 00 
749      0D 00 AE 03 32 00 
748      0D 00 AE 03 32 00 
749      0D 00 AE 04 00 00 
748      0D 00 AE 04 00 00 
749      0D 00 AE 05 00 00 
748      0D 00 AE 05 00 00 
100      15 00 60 08 00 E0 
24A      0D 00 AE 0B 04 00 
748      0D 00 AE 0B 04 00 
749      0D 00 AE 0B 04 00 
249      0D 00 AE 10 
249      0D 00 AE 10 
249      0D 00 AE 10 
249      0D 00 AE 10 
740      1D 00 48 FF 00 FF 00 
740      1D 00 47 01 04 64 00 00 
600      1D 00 40 64 00 00 00 
500      1D 00 40 64 00 00 00 
749      0D 00 AE 03 32 00 
748      0D 00 AE 03 32 00 
749      0D 00 AE 04 00 00 
748      0D 00 AE 04 00 00 
749      0D 00 AE 05 00 00 
748      0D 00 AE 05 00 00 
100      1D 00 73 FF 08 E1 
742      1D 00 50 FF 08 
249      0D 00 AE 10 
249      0D 00 AE 10 
100      1D 00 E9 01 01 E2 
180      14 00 34 08 E0 1D 
249      0D 00 AE 10 
180      14 00 34 08 E8 1E 
100      1D 00 73 FF 04 E3 
742      1D 00 20 FF 04 
180      14 00 34 08 E0 1F 
249      0D 00 AE 10 
180      14 00 34 08 E8 20 
249      0D 00 AE 10 
249      0D 00 AE 10 
741      1D 00 40 08 38 
741      1D 00 41 
249      0D 00 AE 10 
781      11 00 50 0B 0B D7 
249      0D 00 AE 10 
781      11 00 50 0A 0A 62 
249      0D 00 AE 10 
781      11 00 50 0A 09 E5 
740      1D 00 48 FF 00 FF 00 
740      1D 00 47 01 04 64 00 00 
600      1D 00 40 64 00 00 00 
500      1D 00 40 64 00 00 00 
749      0D 00 AE 03 32 00 
748      0D 00 AE 03 32 00 
749      0D 00 AE 04 00 00 
748      0D 00 AE 04 00 00 
749      0D 00 AE 05 00 00 
748      0D 00 AE 05 00 00 
100      1D 00 73 FF 04 E4 
742      1D 00 50 FF 04 
249      0D 00 AE 10 
180      15 00 32 01 31 21 
781      11 00 50 0A 09 E5 
249      0D 00 AE 10 
781      11 00 50 0A 09 E5 
249      0D 00 AE 10 
781      11 00 50 0A 09 E5 
249      0D 00 AE 10 
781      11 00 50 0A 09 E5 
249      0D 00 AE 10 
781      11 00 50 0A 09 E5 
249      0D 00 AE 10 
781      11 00 50 0A 09 E5 
100      1D 00 73 FF 08 E5 
742      1D 00 20 FF 08 
249      0D 00 AE 10 
249      0D 00 AE 10 
180      15 00 32 01 30 22 
781      11 00 50 0A 09 E5 
249      0D 00 AE 10 
781      11 00 50 0A 09 E5 
249      0D 00 AE 10 
740      1D 00 48 FF 00 FF 00 
740      1D 00 47 00 04 64 00 00 
600      1D 00 40 64 00 00 00 
500      1D 00 40 64 00 00 00 
749      0D 00 AE 03 32 00 
748      0D 00 AE 03 32 00 
749      0D 00 AE 04 00 00 
748      0D 00 AE 04 00 00 
749      0D 00 AE 05 00 00 
748      0D 00 AE 05 00 00 
100      1D 00 73 FF 08 E6 
742      1D 00 50 FF 08 
249      0D 00 AE 10 
249      0D 00 AE 10 
249      0D 00 AE 10 
781      11 00 50 0A 09 E5 
249      0D 00 AE 10 
249      0D 00 AE 10 
249      0D 00 AE 10 
249      0D 00 AE 10 
249      0D 00 AE 10 
249      0D 00 AE 10 
781      11 00 50 0A 09 E5 
249      0D 00 AE 10 
740      1D 00 48 FF 00 FF 00 
740      1D 00 47 00 04 64 00 00 
600      1D 00 40 64 00 00 00 
500      1D 00 40 64 00 00 00 
749      0D 00 AE 03 32 00 
748      0D 00 AE 03 32 00 
749      0D 00 AE 04 00 00 
748      0D 00 AE 04 00 00 
749      0D 00 AE 05 00 00 
748      0D 00 AE 05 00 00 
100      1D 00 73 FF 08 E7 
742      1D 00 50 FF 08 
781      11 00 50 0A 09 E5 
249      0D 00 AE 0D FF FF 00 00 
249      0D 00 AE 10 
781      11 00 50 0A 09 E5 
249      0D 00 AE 10 
781      11 00 50 0A 09 E5 
249      0D 00 AE 10 
249      0D 00 AE 10 
781      11 00 50 0A 09 E5 
249      0D 00 AE 10 
781      11 00 50 0A 09 E5 
249      0D 00 AE 10 
781      11 00 50 0A 09 E5 
249      0D 00 AE 10 
781      11 00 50 0A 09 E5 
249      0D 00 AE 10 
249      0D 00 AE 10 
249      0D 00 AE 10       
249      0D 00 AE 10 
