249      0D 00 AE 10 
180      15 00 32 01 30 68 
249      0D 00 AE 10 
249      0D 00 AE 10 
740      1D 00 48 FF 00 FF 01 
740      1D 00 47 20 23 66 66 00 
600      1D 00 40 66 66 00 20 
500      1D 00 40 66 66 00 20 
749      0D 00 AE 03 33 33 
748      0D 00 AE 03 33 33 
749      0D 00 AE 04 02 00 
748      0D 00 AE 04 02 00 
749      0D 00 AE 05 00 01 
748      0D 00 AE 05 00 01 
100      1D 00 73 FF 08 7C 
742      1D 00 50 FF 08 
249      0D 00 AE 10 
249      0D 00 AE 10 
1C1      15 00 24 02 02 
1C1      15 00 24 02 00 
781      11 00 50 0C 0C 76 
249      0D 00 AE 10 
1C0      15 00 22 20 20 
1C0      15 00 22 20 00 
249      0D 00 AE 10 
781      11 00 50 0C 0C 76 
249      0D 00 AE 10 
180      15 00 20 08 08 69 
180      15 00 36 01 01 6A 
180      15 00 20 08 00 6B 
180      15 00 36 01 00 6C 
180      15 00 20 04 04 6D 
180      15 00 36 01 01 6E 
200      15 23 01 08 00 
200      15 00 01 08 08 
749      05 23 AE 40 00 00 00 
749      05 00 AE 40 02 00 00 
749      09 00 AE 40 02 00 00 
200      19 00 01 08 08 
100      1D 00 71 FF 02 7D 
180      15 00 20 04 00 6F 
180      15 00 36 01 00 70 
249      0D 00 AE 10 
741      1D 00 42 
100      1D 00 E9 01 00 7E 
249      0D 00 AE 10 
249      0D 00 AE 10 
249      0D 00 AE 10 
249      0D 00 AE 10 
740      1D 00 48 FF 00 FF 01 
740      1D 00 47 21 23 66 66 00 
600      1D 00 40 66 66 00 20 
500      1D 00 40 66 66 00 20 
749      0D 00 AE 03 33 33 
748      0D 00 AE 03 33 33 
749      0D 00 AE 04 02 00 
748      0D 00 AE 04 02 00 
749      0D 00 AE 05 00 01 
748      0D 00 AE 05 00 01 
100      1D 00 73 FF 08 7F 
742      1D 00 50 FF 08 
249      0D 00 AE 10 
740      1D 00 47 21 22 64 66 00 
600      1D 00 40 64 66 00 20 
500      1D 00 40 64 66 00 20 
749      0D 00 AE 03 32 33 
748      0D 00 AE 03 32 33 
749      0D 00 AE 04 02 00 
748      0D 00 AE 04 02 00 
749      0D 00 AE 05 00 01 
748      0D 00 AE 05 00 01 
100      1D 00 71 FF 42 80 
100      15 00 64 02 00 81 
200      15 22 01 08 08 
749      05 22 AE 40 02 00 00 
24A      0D 00 AE 0B 22 00 
748      0D 00 AE 0B 22 00 
749      0D 00 AE 0B 22 00 
249      0D 00 AE 10 
249      0D 00 AE 10 
249      0D 00 AE 10 
249      0D 00 AE 10 
249      0D 00 AE 10 
100      1D 00 E9 01 01 82 
180      14 00 34 08 E0 71 
180      14 00 34 08 E8 72 
180      14 00 34 08 E0 73 
180      14 00 34 08 E8 74 
180      14 00 34 08 E0 75 
180      14 00 34 08 E8 76 
249      0D 00 AE 10 
100      1D 00 73 FF 04 83 
742      1D 00 20 FF 04 
180      14 00 34 08 E0 77 
249      0D 00 AE 10 
249      0D 00 AE 10 
180      14 00 34 08 E8 78 
740      1D 00 48 FF 00 FF 01 
740      1D 00 47 21 22 64 66 00 
600      1D 00 40 64 66 00 20 
500      1D 00 40 64 66 00 20 
749      0D 00 AE 03 32 33 
748      0D 00 AE 03 32 33 
749      0D 00 AE 04 02 00 
748      0D 00 AE 04 02 00 
749      0D 00 AE 05 00 01 
748      0D 00 AE 05 00 01 
100      1D 00 73 FF 04 84 
742      1D 00 50 FF 04 
741      1D 00 40 31 30 
741      1D 00 41 
249      0D 00 AE 10 
781      11 00 50 0D 0C F1 
249      0D 00 AE 10 
781      11 00 50 0C 0C 76 
249      0D 00 AE 10 
781      11 00 50 0B 0B 7F 
249      0D 00 AE 10 
781      11 00 50 0B 0B 03 
180      15 00 32 01 31 79 
249      0D 00 AE 10 
249      0D 00 AE 10 
249      0D 00 AE 10 
781      11 00 50 0A 0A 0A 
249      0D 00 AE 10 
249      0D 00 AE 10 
781      11 00 50 0A 09 8C 
100      1D 00 73 FF 08 85 
742      1D 00 20 FF 08 
249      0D 00 AE 10 
781      11 00 50 0A 09 8C 
740      1D 00 48 FF 00 FF 01 
740      1D 00 47 20 22 64 66 00 
600      1D 00 40 64 66 00 20 
500      1D 00 40 64 66 00 20 
749      0D 00 AE 03 32 33 
748      0D 00 AE 03 32 33 
749      0D 00 AE 04 02 00 
748      0D 00 AE 04 02 00 
749      0D 00 AE 05 00 01 
748      0D 00 AE 05 00 01 
100      1D 00 73 FF 08 86 
742      1D 00 50 FF 08 
249      0D 00 AE 10 
180      15 00 32 01 30 7A 
249      0D 00 AE 10 
249      0D 00 AE 10 
781      11 00 50 0A 09 8C 
249      0D 00 AE 10 
249      0D 00 AE 10 
249      0D 00 AE 10 
249      0D 00 AE 10 
781      11 00 50 0A 09 8C 
249      0D 00 AE 10 
249      0D 00 AE 10 
781      11 00 50 0A 09 8C 
249      0D 00 AE 10 
200      15 22 01 08 00 
749      05 22 AE 40 00 00 00 
749      05 00 AE 40 02 00 00 
749      09 00 AE 40 02 00 00 
200      15 00 01 08 08 
200      19 00 01 08 08 
100      1D 00 71 FF 02 87 
740      1D 00 48 FF 00 FF 01 
740      1D 00 47 20 22 64 66 00 
600      1D 00 40 64 66 00 20 
500      1D 00 40 64 66 00 20 
749      0D 00 AE 03 32 33 
748      0D 00 AE 03 32 33 
749      0D 00 AE 04 02 00 
748      0D 00 AE 04 02 00 
749      0D 00 AE 05 00 01 
748      0D 00 AE 05 00 01 
100      1D 00 73 FF 08 88 
742      1D 00 50 FF 08 
741      1D 00 42 
100      1D 00 E9 01 00 89 
249      0D 00 AE 10 
249      0D 00 AE 10 
249      0D 00 AE 10 
249      0D 00 AE 10 
249      0D 00 AE 10 
249      0D 00 AE 0D 3E 15 00 00 
249      0D 00 AE 31 F6 08 00 00 
740      1D 00 47 21 21 D8 66 00 
600      1D 00 40 D8 66 00 20 
500      1D 00 40 D8 66 00 20 
749      0D 00 AE 03 6C 33 
748      0D 00 AE 03 6C 33 
749      0D 00 AE 04 02 00 
748      0D 00 AE 04 02 00 
749      0D 00 AE 05 00 01 
748      0D 00 AE 05 00 01 
249      0D 00 AE 10 
249      0D 00 AE 10 
740      1D 00 47 21 20 9E 66 00 
600      1D 00 40 9E 66 00 20 
500      1D 00 40 9E 66 00 20 
749      0D 00 AE 03 4F 33 
748      0D 00 AE 03 4F 33 
749      0D 00 AE 04 02 00 
748      0D 00 AE 04 02 00 
749      0D 00 AE 05 00 01 
748      0D 00 AE 05 00 01 
249      0D 00 AE 10 
740      1D 00 47 21 1F 72 64 00 
600      1D 00 40 72 64 00 20 
500      1D 00 40 72 64 00 20 
749      0D 00 AE 03 39 32 
748      0D 00 AE 03 39 32 
749      0D 00 AE 04 02 00 
748      0D 00 AE 04 02 00 
749      0D 00 AE 05 00 01 
748      0D 00 AE 05 00 01 
249      0D 00 AE 10 
249      0D 00 AE 10 
740      1D 00 48 FF 00 FF 01 
740      1D 00 47 21 1F 72 64 00 
600      1D 00 40 72 64 00 20 
500      1D 00 40 72 64 00 20 
749      0D 00 AE 03 39 32 
748      0D 00 AE 03 39 32 
749      0D 00 AE 04 02 00 
748      0D 00 AE 04 02 00 
749      0D 00 AE 05 00 01 
748      0D 00 AE 05 00 01 
100      1D 00 73 FF 08 8A 
742      1D 00 50 FF 08 
249      0D 00 AE 10 
249      0D 00 AE 10 
249      0D 00 AE 10 
740      1D 00 47 21 1E 70 64 00 
600      1D 00 40 70 64 00 20 
500      1D 00 40 70 64 00 20 
749      0D 00 AE 03 38 32 
748      0D 00 AE 03 38 32 
749      0D 00 AE 04 02 00 
748      0D 00 AE 04 02 00 
749      0D 00 AE 05 00 01 
748      0D 00 AE 05 00 01 
249      0D 00 AE 10 
249      0D 00 AE 10 
249      0D 00 AE 10 
740      1D 00 47 21 1D 6E 64 00 
600      1D 00 40 6E 64 00 20 
500      1D 00 40 6E 64 00 20 
749      0D 00 AE 03 37 32 
748      0D 00 AE 03 37 32 
749      0D 00 AE 04 02 00 
748      0D 00 AE 04 02 00 
749      0D 00 AE 05 00 01 
748      0D 00 AE 05 00 01 
249      0D 00 AE 10 
249      0D 00 AE 10 
249      0D 00 AE 10 
740      1D 00 47 21 1C 6C 64 00 
600      1D 00 40 6C 64 00 20 
500      1D 00 40 6C 64 00 20 
749      0D 00 AE 03 36 32 
748      0D 00 AE 03 36 32 
749      0D 00 AE 04 02 00 
748      0D 00 AE 04 02 00 
749      0D 00 AE 05 00 01 
748      0D 00 AE 05 00 01 
740      1D 00 48 FF 00 FF 01 
740      1D 00 47 21 1C 6C 64 00 
600      1D 00 40 6C 64 00 20 
500      1D 00 40 6C 64 00 20 
749      0D 00 AE 03 36 32 
748      0D 00 AE 03 36 32 
749      0D 00 AE 04 02 00 
748      0D 00 AE 04 02 00 
749      0D 00 AE 05 00 01 
748      0D 00 AE 05 00 01 
100      1D 00 73 FF 08 8B 
742      1D 00 50 FF 08 
249      0D 00 AE 10 
249      0D 00 AE 10 
249      0D 00 AE 10 
740      1D 00 47 21 1B 6A 64 00 
600      1D 00 40 6A 64 00 20 
500      1D 00 40 6A 64 00 20 
749      0D 00 AE 03 35 32 
748      0D 00 AE 03 35 32 
749      0D 00 AE 04 02 00 
748      0D 00 AE 04 02 00 
749      0D 00 AE 05 00 01 
748      0D 00 AE 05 00 01 
249      0D 00 AE 10 
249      0D 00 AE 10 
249      0D 00 AE 10 
740      1D 00 47 21 1A 68 64 00 
600      1D 00 40 68 64 00 20 
500      1D 00 40 68 64 00 20 
749      0D 00 AE 03 34 32 
748      0D 00 AE 03 34 32 
749      0D 00 AE 04 02 00 
748      0D 00 AE 04 02 00 
749      0D 00 AE 05 00 01 
748      0D 00 AE 05 00 01 
249      0D 00 AE 10 
249      0D 00 AE 10 
249      0D 00 AE 10 
740      1D 00 47 21 19 66 64 00 
600      1D 00 40 66 64 00 20 
500      1D 00 40 66 64 00 20 
749      0D 00 AE 03 33 32 
748      0D 00 AE 03 33 32 
749      0D 00 AE 04 02 00 
748      0D 00 AE 04 02 00 
749      0D 00 AE 05 00 01 
748      0D 00 AE 05 00 01 
249      0D 00 AE 10 
740      1D 00 48 FF 00 FF 01 
740      1D 00 47 21 19 66 64 00 
600      1D 00 40 66 64 00 20 
500      1D 00 40 66 64 00 20 
749      0D 00 AE 03 33 32 
748      0D 00 AE 03 33 32 
749      0D 00 AE 04 02 00 
748      0D 00 AE 04 02 00 
749      0D 00 AE 05 00 01 
748      0D 00 AE 05 00 01 
100      1D 00 73 FF 08 8C 
742      1D 00 50 FF 08 
249      0D 00 AE 10 
740      1D 00 47 21 18 64 64 00 
600      1D 00 40 64 64 00 20 
500      1D 00 40 64 64 00 20 
749      0D 00 AE 03 32 32 
748      0D 00 AE 03 32 32 
749      0D 00 AE 04 02 00 
748      0D 00 AE 04 02 00 
749      0D 00 AE 05 00 01 
748      0D 00 AE 05 00 01 
249      0D 00 AE 10 
249      0D 00 AE 10 
249      0D 00 AE 10 
740      1D 00 47 21 17 D8 64 00 
600      1D 00 40 D8 64 00 20 
500      1D 00 40 D8 64 00 20 
749      0D 00 AE 03 6C 32 
748      0D 00 AE 03 6C 32 
749      0D 00 AE 04 02 00 
748      0D 00 AE 04 02 00 
749      0D 00 AE 05 00 01 
748      0D 00 AE 05 00 01 
249      0D 00 AE 10 
249      0D 00 AE 10 
249      0D 00 AE 10 
740      1D 00 47 21 16 9E 64 00 
600      1D 00 40 9E 64 00 20 
500      1D 00 40 9E 64 00 20 
749      0D 00 AE 03 4F 32 
748      0D 00 AE 03 4F 32 
749      0D 00 AE 04 02 00 
748      0D 00 AE 04 02 00 
749      0D 00 AE 05 00 01 
748      0D 00 AE 05 00 01 
100      15 00 62 20 00 8D 
200      15 16 01 08 08 
749      05 16 AE 40 02 00 00 
24A      0D 00 AE 0B 16 00 
748      0D 00 AE 0B 16 00 
749      0D 00 AE 0B 16 00 
100      1D 00 71 FF 42 8E 
249      0D 00 AE 10 
249      0D 00 AE 10 
249      0D 00 AE 10 
740      1D 00 48 FF 00 FF 01 
740      1D 00 47 21 16 9E 64 00 
600      1D 00 40 9E 64 00 20 
500      1D 00 40 9E 64 00 20 
749      0D 00 AE 03 4F 32 
748      0D 00 AE 03 4F 32 
749      0D 00 AE 04 02 00 
748      0D 00 AE 04 02 00 
749      0D 00 AE 05 00 01 
748      0D 00 AE 05 00 01 
100      1D 00 73 FF 08 8F 
742      1D 00 50 FF 08 
249      0D 00 AE 10 
249      0D 00 AE 10 
249      0D 00 AE 10 
100      1D 00 E9 01 01 90 
180      14 00 34 08 E0 7B 
180      14 00 34 08 E8 7C 
180      14 00 34 08 E0 7D 
180      14 00 34 08 E8 7E 
180      14 00 34 08 E0 7F 
180      14 00 34 08 E8 80 
180      14 00 34 08 E0 81 
249      0D 00 AE 10 
100      1D 00 73 FF 04 91 
742      1D 00 20 FF 04 
180      14 00 34 08 E8 82 
180      14 00 34 08 E0 83 
249      0D 00 AE 10 
249      0D 00 AE 10 
180      14 00 34 08 E8 84 
741      1D 00 40 20 D3 
741      1D 00 41 
249      0D 00 AE 10 
781      11 00 50 0A 0A 0A 
249      0D 00 AE 10 
781      11 00 50 0A 0A 0A 
249      0D 00 AE 10 
781      11 00 50 0A 0A 0A 
249      0D 00 AE 10 
740      1D 00 48 FF 00 FF 01 
740      1D 00 47 21 16 9E 64 00 
600      1D 00 40 9E 64 00 20 
500      1D 00 40 9E 64 00 20 
749      0D 00 AE 03 4F 32 
748      0D 00 AE 03 4F 32 
749      0D 00 AE 04 02 00 
748      0D 00 AE 04 02 00 
749      0D 00 AE 05 00 01 
748      0D 00 AE 05 00 01 
100      1D 00 73 FF 04 92 
742      1D 00 50 FF 04 
180      15 00 32 01 31 85 
781      11 00 50 0A 0A 0A 
249      0D 00 AE 10 
781      11 00 50 0A 09 8C 
249      0D 00 AE 10 
781      11 00 50 0A 0A 0A 
249      0D 00 AE 10 
781      11 00 50 0A 0A 0A 
249      0D 00 AE 10 
781      11 00 50 0B 0B 03 
249      0D 00 AE 10 
781      11 00 50 0D 0C F1 
249      0D 00 AE 10 
100      1D 00 73 FF 08 93 
742      1D 00 20 FF 08 
781      11 00 50 0C 0C 76 
249      0D 00 AE 10 
781      11 00 50 0C 0C 76 
249      0D 00 AE 10 
180      15 00 32 01 30 86 
781      11 00 50 0B 0B 03 
249      0D 00 AE 10 
781      11 00 50 0B 0A 86 
249      0D 00 AE 10 
740      1D 00 48 FF 00 FF 01 
740      1D 00 47 20 16 9E 64 00 
600      1D 00 40 9E 64 00 20 
500      1D 00 40 9E 64 00 20 
749      0D 00 AE 03 4F 32 
748      0D 00 AE 03 4F 32 
749      0D 00 AE 04 02 00 
748      0D 00 AE 04 02 00 
749      0D 00 AE 05 00 01 
748      0D 00 AE 05 00 01 
100      1D 00 73 FF 08 94 
742      1D 00 50 FF 08 
781      11 00 50 0B 0B 7F 
249      0D 00 AE 10 
249      0D 00 AE 10 
249      0D 00 AE 0D FF FF 00 00 
249      0D 00 AE 10 
781      11 00 50 0A 0A 0A 
249      0D 00 AE 10 
249      0D 00 AE 10 
781      11 00 50 0A 0A 0A 
100      1D 00 71 FF 02 95 
200      15 16 01 08 00 
749      05 16 AE 40 00 00 00 
200      15 00 01 08 08 
200      19 00 01 08 08 
749      05 00 AE 40 02 00 00 
749      09 00 AE 40 02 00 00 
249      0D 00 AE 10 
741      1D 00 42 
100      1D 00 E9 01 00 96 
249      0D 00 AE 10 
249      0D 00 AE 10 
249      0D 00 AE 10 
740      1D 00 48 FF 00 FF 01 
740      1D 00 47 21 16 9E 64 00 
600      1D 00 40 9E 64 00 20 
500      1D 00 40 9E 64 00 20 
749      0D 00 AE 03 4F 32 
748      0D 00 AE 03 4F 32 
749      0D 00 AE 04 02 00 
748      0D 00 AE 04 02 00 
749      0D 00 AE 05 00 01 
748      0D 00 AE 05 00 01 
100      1D 00 73 FF 08 97 
742      1D 00 50 FF 08 
249      0D 00 AE 10 
249      0D 00 AE 10 
740      1D 00 47 21 15 72 D8 00 
600      1D 00 40 72 D8 00 20 
500      1D 00 40 72 D8 00 20 
749      0D 00 AE 03 39 6C 
748      0D 00 AE 03 39 6C 
749      0D 00 AE 04 02 00 
748      0D 00 AE 04 02 00 
749      0D 00 AE 05 00 01 
748      0D 00 AE 05 00 01 
249      0D 00 AE 10 
249      0D 00 AE 10 
740      1D 00 47 21 14 70 D8 00 
600      1D 00 40 70 D8 00 20 
500      1D 00 40 70 D8 00 20 
749      0D 00 AE 03 38 6C 
748      0D 00 AE 03 38 6C 
749      0D 00 AE 04 02 00 
748      0D 00 AE 04 02 00 
749      0D 00 AE 05 00 01 
748      0D 00 AE 05 00 01 
249      0D 00 AE 10 
740      1D 00 47 21 13 6E D8 00 
600      1D 00 40 6E D8 00 20 
500      1D 00 40 6E D8 00 20 
749      0D 00 AE 03 37 6C 
748      0D 00 AE 03 37 6C 
749      0D 00 AE 04 02 00 
748      0D 00 AE 04 02 00 
749      0D 00 AE 05 00 01 
748      0D 00 AE 05 00 01 
249      0D 00 AE 10 
249      0D 00 AE 10 
249      0D 00 AE 10 
249      0D 00 AE 10 
249      0D 00 AE 10 
740      1D 00 47 21 12 6C D8 00 
600      1D 00 40 6C D8 00 20 
500      1D 00 40 6C D8 00 20 
749      0D 00 AE 03 36 6C 
748      0D 00 AE 03 36 6C 
749      0D 00 AE 04 02 00 
748      0D 00 AE 04 02 00 
749      0D 00 AE 05 00 01 
748      0D 00 AE 05 00 01 
740      1D 00 48 FF 00 FF 01 
740      1D 00 47 21 12 6C D8 00 
600      1D 00 40 6C D8 00 20 
500      1D 00 40 6C D8 00 20 
749      0D 00 AE 03 36 6C 
748      0D 00 AE 03 36 6C 
749      0D 00 AE 04 02 00 
748      0D 00 AE 04 02 00 
749      0D 00 AE 05 00 01 
748      0D 00 AE 05 00 01 
100      1D 00 73 FF 08 98 
742      1D 00 50 FF 08 
249      0D 00 AE 10 
249      0D 00 AE 10 
249      0D 00 AE 10 
740      1D 00 47 21 11 6A D8 00 
600      1D 00 40 6A D8 00 20 
500      1D 00 40 6A D8 00 20 
749      0D 00 AE 03 35 6C 
748      0D 00 AE 03 35 6C 
749      0D 00 AE 04 02 00 
748      0D 00 AE 04 02 00 
749      0D 00 AE 05 00 01 
748      0D 00 AE 05 00 01 
249      0D 00 AE 10 
249      0D 00 AE 10 
249      0D 00 AE 10 
740      1D 00 47 21 10 68 D8 00 
600      1D 00 40 68 D8 00 20 
500      1D 00 40 68 D8 00 20 
749      0D 00 AE 03 34 6C 
748      0D 00 AE 03 34 6C 
749      0D 00 AE 04 02 00 
748      0D 00 AE 04 02 00 
749      0D 00 AE 05 00 01 
748      0D 00 AE 05 00 01 
249      0D 00 AE 10 
249      0D 00 AE 10 
249      0D 00 AE 10 
740      1D 00 47 21 0F 66 D8 00 
600      1D 00 40 66 D8 00 20 
500      1D 00 40 66 D8 00 20 
749      0D 00 AE 03 33 6C 
748      0D 00 AE 03 33 6C 
749      0D 00 AE 04 02 00 
748      0D 00 AE 04 02 00 
749      0D 00 AE 05 00 01 
748      0D 00 AE 05 00 01 
249      0D 00 AE 10 
740      1D 00 48 FF 00 FF 01 
740      1D 00 47 21 0F 66 D8 00 
600      1D 00 40 66 D8 00 20 
500      1D 00 40 66 D8 00 20 
749      0D 00 AE 03 33 6C 
748      0D 00 AE 03 33 6C 
749      0D 00 AE 04 02 00 
748      0D 00 AE 04 02 00 
749      0D 00 AE 05 00 01 
748      0D 00 AE 05 00 01 
100      1D 00 73 FF 08 99 
742      1D 00 50 FF 08 
249      0D 00 AE 10 
249      0D 00 AE 10 
740      1D 00 47 21 0E 64 D8 00 
600      1D 00 40 64 D8 00 20 
500      1D 00 40 64 D8 00 20 
749      0D 00 AE 03 32 6C 
748      0D 00 AE 03 32 6C 
749      0D 00 AE 04 02 00 
748      0D 00 AE 04 02 00 
749      0D 00 AE 05 00 01 
748      0D 00 AE 05 00 01 
249      0D 00 AE 10 
249      0D 00 AE 10 
740      1D 00 47 21 0D D8 D8 00 
600      1D 00 40 D8 D8 00 20 
500      1D 00 40 D8 D8 00 20 
749      0D 00 AE 03 6C 6C 
748      0D 00 AE 03 6C 6C 
749      0D 00 AE 04 02 00 
748      0D 00 AE 04 02 00 
749      0D 00 AE 05 00 01 
748      0D 00 AE 05 00 01 
249      0D 00 AE 10 
249      0D 00 AE 10 
249      0D 00 AE 10 
740      1D 00 47 21 0C 9E D8 00 
600      1D 00 40 9E D8 00 20 
500      1D 00 40 9E D8 00 20 
749      0D 00 AE 03 4F 6C 
748      0D 00 AE 03 4F 6C 
749      0D 00 AE 04 02 00 
748      0D 00 AE 04 02 00 
749      0D 00 AE 05 00 01 
748      0D 00 AE 05 00 01 
249      0D 00 AE 10 
249      0D 00 AE 10 
249      0D 00 AE 10 
740      1D 00 48 FF 00 FF 01 
740      1D 00 47 21 0C 9E D8 00 
600      1D 00 40 9E D8 00 20 
500      1D 00 40 9E D8 00 20 
749      0D 00 AE 03 4F 6C 
748      0D 00 AE 03 4F 6C 
749      0D 00 AE 04 02 00 
748      0D 00 AE 04 02 00 
749      0D 00 AE 05 00 01 
748      0D 00 AE 05 00 01 
100      1D 00 73 FF 08 9A 
742      1D 00 50 FF 08 
740      1D 00 47 21 0B 72 00 00 
600      1D 00 40 72 00 00 20 
500      1D 00 40 72 00 00 20 
749      0D 00 AE 03 39 00 
748      0D 00 AE 03 39 00 
749      0D 00 AE 04 02 00 
748      0D 00 AE 04 02 00 
749      0D 00 AE 05 00 01 
748      0D 00 AE 05 00 01 
249      0D 00 AE 10 
249      0D 00 AE 10 
249      0D 00 AE 10 
740      1D 00 47 21 0A 70 00 00 
600      1D 00 40 70 00 00 20 
500      1D 00 40 70 00 00 20 
749      0D 00 AE 03 38 00 
748      0D 00 AE 03 38 00 
749      0D 00 AE 04 02 00 
748      0D 00 AE 04 02 00 
749      0D 00 AE 05 00 01 
748      0D 00 AE 05 00 01 
249      0D 00 AE 10 
249      0D 00 AE 10 
249      0D 00 AE 10 
740      1D 00 47 21 09 6E 00 00 
600      1D 00 40 6E 00 00 20 
500      1D 00 40 6E 00 00 20 
749      0D 00 AE 03 37 00 
748      0D 00 AE 03 37 00 
749      0D 00 AE 04 02 00 
748      0D 00 AE 04 02 00 
749      0D 00 AE 05 00 01 
748      0D 00 AE 05 00 01 
249      0D 00 AE 10 
249      0D 00 AE 10 
249      0D 00 AE 10 
740      1D 00 47 21 08 6C 00 00 
600      1D 00 40 6C 00 00 20 
500      1D 00 40 6C 00 00 20 
749      0D 00 AE 03 36 00 
748      0D 00 AE 03 36 00 
749      0D 00 AE 04 02 00 
748      0D 00 AE 04 02 00 
749      0D 00 AE 05 00 01 
748      0D 00 AE 05 00 01 
740      1D 00 48 FF 00 FF 01 
740      1D 00 47 21 08 6C 00 00 
600      1D 00 40 6C 00 00 20 
500      1D 00 40 6C 00 00 20 
749      0D 00 AE 03 36 00 
748      0D 00 AE 03 36 00 
749      0D 00 AE 04 02 00 
748      0D 00 AE 04 02 00 
749      0D 00 AE 05 00 01 
748      0D 00 AE 05 00 01 
100      1D 00 73 FF 08 9B 
742      1D 00 50 FF 08 
249      0D 00 AE 10 
249      0D 00 AE 10 
740      1D 00 47 21 07 6A 00 00 
600      1D 00 40 6A 00 00 20 
500      1D 00 40 6A 00 00 20 
749      0D 00 AE 03 35 00 
748      0D 00 AE 03 35 00 
749      0D 00 AE 04 02 00 
748      0D 00 AE 04 02 00 
749      0D 00 AE 05 00 01 
748      0D 00 AE 05 00 01 
249      0D 00 AE 10 
249      0D 00 AE 10 
249      0D 00 AE 10 
740      1D 00 47 21 06 68 00 00 
600      1D 00 40 68 00 00 20 
500      1D 00 40 68 00 00 20 
749      0D 00 AE 03 34 00 
748      0D 00 AE 03 34 00 
749      0D 00 AE 04 02 00 
748      0D 00 AE 04 02 00 
749      0D 00 AE 05 00 01 
748      0D 00 AE 05 00 01 
249      0D 00 AE 10 
249      0D 00 AE 10 
249      0D 00 AE 10 
740      1D 00 47 21 05 66 00 00 
600      1D 00 40 66 00 00 20 
500      1D 00 40 66 00 00 20 
749      0D 00 AE 03 33 00 
748      0D 00 AE 03 33 00 
749      0D 00 AE 04 02 00 
748      0D 00 AE 04 02 00 
749      0D 00 AE 05 00 01 
748      0D 00 AE 05 00 01 
249      0D 00 AE 10 
249      0D 00 AE 10 
740      1D 00 48 FF 00 FF 01 
740      1D 00 47 21 05 66 00 00 
600      1D 00 40 66 00 00 20 
500      1D 00 40 66 00 00 20 
749      0D 00 AE 03 33 00 
748      0D 00 AE 03 33 00 
749      0D 00 AE 04 02 00 
748      0D 00 AE 04 02 00 
749      0D 00 AE 05 00 01 
748      0D 00 AE 05 00 01 
100      1D 00 73 FF 08 9C 
742      1D 00 50 FF 08 
249      0D 00 AE 10 
249      0D 00 AE 0D 3F 15 00 00 
249      0D 00 AE 31 F6 08 00 00 
740      1D 00 47 21 04 64 00 00 
600      1D 00 40 64 00 00 20 
500      1D 00 40 64 00 00 20 
749      0D 00 AE 03 32 00 
748      0D 00 AE 03 32 00 
749      0D 00 AE 04 02 00 
748      0D 00 AE 04 02 00 
749      0D 00 AE 05 00 01 
748      0D 00 AE 05 00 01 
100      1D 00 71 FF 42 9D 
100      15 00 60 08 00 9E 
749      05 04 AE 40 02 00 00 
24A      0D 00 AE 0B 04 00 
748      0D 00 AE 0B 04 00 
749      0D 00 AE 0B 04 00 
200      15 04 01 08 08 
249      0D 00 AE 10 
249      0D 00 AE 10 
249      0D 00 AE 10 
249      0D 00 AE 10 
249      0D 00 AE 10 
249      0D 00 AE 10 
100      1D 00 E9 01 01 9F 
180      14 00 34 08 E0 87 
180      14 00 34 08 E8 88 
180      14 00 34 08 E0 89 
180      14 00 34 08 E8 8A 
249      0D 00 AE 10 
100      1D 00 73 FF 04 A0 
742      1D 00 20 FF 04 
180      14 00 34 08 E0 8B 
249      0D 00 AE 10 
249      0D 00 AE 10 
740      1D 00 48 FF 00 FF 01 
740      1D 00 47 21 04 64 00 00 
600      1D 00 40 64 00 00 20 
500      1D 00 40 64 00 00 20 
749      0D 00 AE 03 32 00 
748      0D 00 AE 03 32 00 
749      0D 00 AE 04 02 00 
748      0D 00 AE 04 02 00 
749      0D 00 AE 05 00 01 
748      0D 00 AE 05 00 01 
100      1D 00 73 FF 04 A1 
742      1D 00 50 FF 04 
180      14 00 34 08 E8 8C 
741      1D 00 40 08 40 
741      1D 00 41 
249      0D 00 AE 10 
781      11 00 50 09 09 63 
249      0D 00 AE 10 
781      11 00 50 09 09 63 
249      0D 00 AE 10 
249      0D 00 AE 10 
180      15 00 32 01 31 8D 
249      0D 00 AE 10 
249      0D 00 AE 10 
249      0D 00 AE 10 
249      0D 00 AE 10 
781      11 00 50 09 09 63 
249      0D 00 AE 10 
249      0D 00 AE 10 
740      1D 00 48 FF 00 FF 01 
740      1D 00 47 20 04 64 00 00 
600      1D 00 40 64 00 00 20 
500      1D 00 40 64 00 00 20 
749      0D 00 AE 03 32 00 
748      0D 00 AE 03 32 00 
749      0D 00 AE 04 02 00 
748      0D 00 AE 04 02 00 
749      0D 00 AE 05 00 01 
748      0D 00 AE 05 00 01 
100      1D 00 73 FF 04 A2 
742      1D 00 50 FF 04 
100      1D 00 73 FF 08 A3 
742      1D 00 20 FF 08 
781      11 00 50 0A 09 E0 
249      0D 00 AE 10 
781      11 00 50 0A 09 E0 
180      15 00 32 01 30 8E 
249      0D 00 AE 10 
781      11 00 50 0A 09 E0 
249      0D 00 AE 10 
249      0D 00 AE 10 
249      0D 00 AE 10 
781      11 00 50 0A 09 E0 
249      0D 00 AE 10 
781      11 00 50 09 09 63 
249      0D 00 AE 10 
781      11 00 50 09 09 63 
249      0D 00 AE 10 
249      0D 00 AE 10 
781      11 00 50 0A 09 E0 
200      15 04 01 08 00 
749      05 04 AE 40 00 00 00 
200      15 00 01 08 08 
200      19 00 01 08 08 
100      1D 00 71 FF 02 A4 
749      05 00 AE 40 02 00 00 
749      09 00 AE 40 02 00 00 
740      1D 00 48 FF 00 FF 01 
740      1D 00 47 20 04 64 00 00 
600      1D 00 40 64 00 00 20 
500      1D 00 40 64 00 00 20 
749      0D 00 AE 03 32 00 
748      0D 00 AE 03 32 00 
749      0D 00 AE 04 02 00 
748      0D 00 AE 04 02 00 
749      0D 00 AE 05 00 01 
748      0D 00 AE 05 00 01 
100      1D 00 73 FF 08 A5 
742      1D 00 50 FF 08 
249      0D 00 AE 10 
741      1D 00 42 
100      1D 00 E9 01 00 A6 
249      0D 00 AE 10 
249      0D 00 AE 10 
249      0D 00 AE 10 
249      0D 00 AE 10 
249      0D 00 AE 10 
249      0D 00 AE 10 
249      0D 00 AE 10 
100      1D 00 71 FF 42 A7 
740      1D 00 47 21 03 D8 00 00 
600      1D 00 40 D8 00 00 20 
500      1D 00 40 D8 00 00 20 
749      0D 00 AE 03 6C 00 
748      0D 00 AE 03 6C 00 
749      0D 00 AE 04 02 00 
748      0D 00 AE 04 02 00 
749      0D 00 AE 05 00 01 
748      0D 00 AE 05 00 01 
100      15 00 60 04 00 A8 
200      15 03 01 08 08 
749      05 03 AE 40 02 00 00 
24A      0D 00 AE 0B 03 00 
748      0D 00 AE 0B 03 00 
749      0D 00 AE 0B 03 00 
249      0D 00 AE 10 
249      0D 00 AE 10 
740      1D 00 48 FF 00 FF 01 
740      1D 00 47 21 03 D8 00 00 
600      1D 00 40 D8 00 00 20 
500      1D 00 40 D8 00 00 20 
749      0D 00 AE 03 6C 00 
748      0D 00 AE 03 6C 00 
749      0D 00 AE 04 02 00 
748      0D 00 AE 04 02 00 
749      0D 00 AE 05 00 01 
748      0D 00 AE 05 00 01 
100      1D 00 73 FF 08 A9 
742      1D 00 50 FF 08 
249      0D 00 AE 10 
249      0D 00 AE 10 
249      0D 00 AE 10 
249      0D 00 AE 10 
100      1D 00 E9 01 01 AA 
180      14 00 34 08 E0 8F 
180      14 00 34 08 E8 90 
180      14 00 34 08 E0 91 
249      0D 00 AE 10 
180      14 00 34 08 E8 92 
100      1D 00 73 FF 04 AB 
742      1D 00 20 FF 04 
180      14 00 34 08 E0 93 
249      0D 00 AE 10 
249      0D 00 AE 10 
249      0D 00 AE 10 
741      1D 00 40 05 88 
741      1D 00 41 
180      14 00 34 08 E8 94 
781      11 00 FA 04 
249      0D 00 AE 10 
249      0D 00 AE 10 
740      1D 00 48 FF 00 FF 01 
740      1D 00 47 21 03 D8 00 00 
600      1D 00 40 D8 00 00 20 
500      1D 00 40 D8 00 00 20 
749      0D 00 AE 03 6C 00 
748      0D 00 AE 03 6C 00 
749      0D 00 AE 04 02 00 
748      0D 00 AE 04 02 00 
749      0D 00 AE 05 00 01 
748      0D 00 AE 05 00 01 
100      1D 00 73 FF 04 AC 
742      1D 00 50 FF 04 
781      11 00 50 0A 0B 88 
249      0D 00 AE 10 
180      15 00 32 01 31 95 
249      0D 00 AE 10 
249      0D 00 AE 10 
781      11 00 50 0C 0E 71 
249      0D 00 AE 10 
249      0D 00 AE 10 
249      0D 00 AE 10 
249      0D 00 AE 10 
100      1D 00 73 FF 08 AD 
742      1D 00 20 FF 08 
249      0D 00 AE 10 
781      11 00 50 0C 0D F6 
249      0D 00 AE 0D FF FF 00 00 
249      0D 00 AE 10 
180      15 00 32 01 30 96 
781      11 00 50 0C 0D F6 
249      0D 00 AE 10 
740      1D 00 48 FF 00 FF 01 
740      1D 00 47 20 03 D8 00 00 
600      1D 00 40 D8 00 00 20 
500      1D 00 40 D8 00 00 20 
749      0D 00 AE 03 6C 00 
748      0D 00 AE 03 6C 00 
749      0D 00 AE 04 02 00 
748      0D 00 AE 04 02 00 
749      0D 00 AE 05 00 01 
748      0D 00 AE 05 00 01 
100      1D 00 73 FF 08 AE 
742      1D 00 50 FF 08 
249      0D 00 AE 10 
249      0D 00 AE 10 
249      0D 00 AE 10 
249      0D 00 AE 10 
781      11 00 50 0C 0D F6 
249      0D 00 AE 10 
781      11 00 50 0C 0D F6 
249      0D 00 AE 10 
249      0D 00 AE 10 
200      15 03 01 08 00 
749      05 03 AE 40 00 00 00 
200      15 00 01 08 08 
200      19 00 01 08 08 
100      1D 00 71 FF 02 AF 
749      05 00 AE 40 02 00 00 
749      09 00 AE 40 02 00 00 
741      1D 00 42 
100      1D 00 E9 01 00 B0 
249      0D 00 AE 10 
249      0D 00 AE 10 
249      0D 00 AE 10 
740      1D 00 48 FF 00 FF 01 
740      1D 00 47 21 03 D8 00 00 
600      1D 00 40 D8 00 00 20 
500      1D 00 40 D8 00 00 20 
749      0D 00 AE 03 6C 00 
748      0D 00 AE 03 6C 00 
749      0D 00 AE 04 02 00 
748      0D 00 AE 04 02 00 
749      0D 00 AE 05 00 01 
748      0D 00 AE 05 00 01 
100      1D 00 73 FF 08 B1 
742      1D 00 50 FF 08 
249      0D 00 AE 10 
249      0D 00 AE 10 
249      0D 00 AE 10 
249      0D 00 AE 10 
200      15 00 01 08 00 
749      05 00 AE 40 00 00 00 
749      09 00 AE 40 00 00 00 
200      19 00 01 08 00 
200      15 00 01 04 04 
200      19 00 01 04 04 
740      1D 00 48 FF 00 FF 02 
749      0D 00 AE 05 00 02 
748      0D 00 AE 05 00 02 
100      1D 00 71 FF 50 B2 
740      1D 00 47 11 02 D8 84 00 
600      1D 00 40 D8 84 00 10 
500      1D 00 40 D8 84 00 10 
749      0D 00 AE 03 6C 42 
748      0D 00 AE 03 6C 42 
749      0D 00 AE 04 01 00 
748      0D 00 AE 04 01 00 
749      0D 00 AE 05 00 02 
748      0D 00 AE 05 00 02 
749      05 00 AE 40 01 00 00 
749      09 00 AE 40 01 00 00 
749      05 02 AE 40 01 00 00 
200      15 02 01 01 00 
200      15 02 01 04 04 
249      0D 00 AE 10 
249      0D 00 AE 10 
249      0D 00 AE 10 
249      0D 00 AE 10 
249      0D 00 AE 10 
740      1D 00 48 FF 00 FF 02 
740      1D 00 47 11 02 D8 84 00 
600      1D 00 40 D8 84 00 10 
500      1D 00 40 D8 84 00 10 
749      0D 00 AE 03 6C 42 
748      0D 00 AE 03 6C 42 
749      0D 00 AE 04 01 00 
748      0D 00 AE 04 01 00 
749      0D 00 AE 05 00 02 
748      0D 00 AE 05 00 02 
100      1D 00 73 FF 08 B3 
742      1D 00 50 FF 08 
249      0D 00 AE 10 
100      1D 00 E9 01 01 B4 
180      14 00 34 08 E0 97 
180      14 00 34 08 E8 98 
180      14 00 34 08 E0 99 
249      0D 00 AE 10 
100      1D 00 73 FF 04 B5 
742      1D 00 20 FF 04 
180      14 00 34 08 E8 9A 
180      14 00 34 08 E0 9B 
249      0D 00 AE 10 
249      0D 00 AE 10 
249      0D 00 AE 10 
741      1D 00 40 02 E8 
741      1D 00 41 
180      14 00 34 08 E8 9C 
781      11 00 50 0A 0D 20 
249      0D 00 AE 10 
781      11 00 50 0B 0E 1A 
249      0D 00 AE 10 
249      0D 00 AE 10 
781      11 00 50 0A 0D 9E 
249      0D 00 AE 10 
180      15 00 32 01 31 9D 
781      11 00 50 0A 0D 9E 
249      0D 00 AE 10 
740      1D 00 48 FF 00 FF 02 
740      1D 00 47 10 02 D8 84 00 
600      1D 00 40 D8 84 00 10 
500      1D 00 40 D8 84 00 10 
749      0D 00 AE 03 6C 42 
748      0D 00 AE 03 6C 42 
749      0D 00 AE 04 01 00 
748      0D 00 AE 04 01 00 
749      0D 00 AE 05 00 02 
748      0D 00 AE 05 00 02 
100      1D 00 73 FF 04 B6 
742      1D 00 50 FF 04 
249      0D 00 AE 10 
781      11 00 50 0B 0F 13 
249      0D 00 AE 10 
249      0D 00 AE 10 
781      11 00 50 0B 0F 13 
249      0D 00 AE 10 
100      1D 00 73 FF 08 B7 
742      1D 00 20 FF 08 
249      0D 00 AE 10 
781      11 00 50 0A 0D 9E 
249      0D 00 AE 10 
180      15 00 32 01 30 9E 
249      0D 00 AE 10 
249      0D 00 AE 10 
781      11 00 50 0B 0E 1A 
249      0D 00 AE 10 
249      0D 00 AE 10 
740      1D 00 48 FF 00 FF 02 
740      1D 00 47 10 02 D8 84 00 
600      1D 00 40 D8 84 00 10 
500      1D 00 40 D8 84 00 10 
749      0D 00 AE 03 6C 42 
748      0D 00 AE 03 6C 42 
749      0D 00 AE 04 01 00 
748      0D 00 AE 04 01 00 
749      0D 00 AE 05 00 02 
748      0D 00 AE 05 00 02 
100      1D 00 73 FF 08 B8 
742      1D 00 50 FF 08 
249      0D 00 AE 10 
249      0D 00 AE 10 
249      0D 00 AE 10 
100      1D 00 71 FF 10 B9 
200      15 02 01 04 00 
749      05 02 AE 40 00 00 00 
249      0D 00 AE 10 
200      15 00 01 04 04 
200      19 00 01 04 04 
749      05 00 AE 40 01 00 00 
749      09 00 AE 40 01 00 00 
200      15 00 01 04 00 
200      19 00 01 04 00 
749      05 00 AE 40 00 00 00 
749      09 00 AE 40 00 00 00 
740      1D 00 48 FF 00 FF 00 
749      0D 00 AE 05 00 00 
748      0D 00 AE 05 00 00 
100      1D 00 71 FF 00 BA 
740      1D 00 47 00 02 D8 84 00 
600      1D 00 40 D8 84 00 00 
500      1D 00 40 D8 84 00 00 
749      0D 00 AE 03 6C 42 
748      0D 00 AE 03 6C 42 
749      0D 00 AE 04 00 00 
748      0D 00 AE 04 00 00 
749      0D 00 AE 05 00 00 
748      0D 00 AE 05 00 00 
249      0D 00 AE 10 
781      11 00 50 0B 0E 1A 
249      0D 00 AE 10 
781      11 00 50 0B 0E 1A 
249      0D 00 AE 10 
781      11 00 50 0B 0E 97 
249      0D 00 AE 10 
781      11 00 50 0C 0F 8E 
249      0D 00 AE 10 
249      0D 00 AE 10 
740      1D 00 48 FF 00 FF 00 
740      1D 00 47 00 02 D8 84 00 
600      1D 00 40 D8 84 00 00 
500      1D 00 40 D8 84 00 00 
749      0D 00 AE 03 6C 42 
748      0D 00 AE 03 6C 42 
749      0D 00 AE 04 00 00 
748      0D 00 AE 04 00 00 
749      0D 00 AE 05 00 00 
748      0D 00 AE 05 00 00 
100      1D 00 73 FF 08 BB 
742      1D 00 50 FF 08 
781      11 00 50 09 0C A3 
249      0D 00 AE 10 
249      0D 00 AE 10 
781      11 00 50 09 0C A3 
249      0D 00 AE 10 
249      0D 00 AE 10       0D 00 AE 10 
