249      0D 00 AE 10                       66
781      11 00 50 0A 09 E5                       3
180      15 00 20 10 10 55                       1
180      15 00 36 01 01 56                       1
180      15 00 20 10 00 57                       1
180      15 00 36 01 00 58                       1
200      15 00 01 04 04                       2
200      19 00 01 04 04                       2
749      05 00 AE 40 01 00 00                       2
749      09 00 AE 40 01 00 00                       2
740      1D 00 48 FF 00 FF 02                       2
749      0D 00 AE 05 00 02                       4
748      0D 00 AE 05 00 02                       4
100      1D 00 71 FF 90 51                       1
740      1D 00 47 10 04 64 00 00                       1
600      1D 00 40 64 00 00 10                       2
500      1D 00 40 64 00 00 10                       2
749      0D 00 AE 03 32 00                       2
748      0D 00 AE 03 32 00                       2
749      0D 00 AE 04 01 00                       3
748      0D 00 AE 04 01 00                       3
749      05 04 AE 40 01 00 00                       1
200      15 04 01 04 04                       1
200      15 04 01 04 00                       1
749      05 04 AE 40 00 00 00                       1
100      1D 00 71 FF 10 52                       1
741      1D 00 42                       1
100      1D 00 E9 01 00 53                       1
740      1D 00 47 11 04 64 00 00                       1
100      1D 00 73 FF 08 54                       1
742      1D 00 50 FF 08                       1
740      1D 00 47 11 05 66 00 00                       1
600      1D 00 40 66 00 00 10                       1
500      1D 00 40 66 00 00 10                       1
749      0D 00 AE 03 33 00                       7
748      0D 00 AE 03 33 00                       7
200      15 00 01 04 00                       1
200      19 00 01 04 00                       1
749      05 00 AE 40 00 00 00                       1
749      09 00 AE 40 00 00 00                       1
740      1D 00 48 FF 00 FF 00                       6
749      0D 00 AE 05 00 00                       7
748      0D 00 AE 05 00 00                       7
100      1D 00 71 FF 00 55                       1
740      1D 00 47 01 05 66 00 00                       2
600      1D 00 40 66 00 00 00                       6
500      1D 00 40 66 00 00 00                       6
749      0D 00 AE 04 00 00                       6
748      0D 00 AE 04 00 00                       6
100      15 00 60 10 00 56                       1
24A      0D 00 AE 0B 05 00                       1
748      0D 00 AE 0B 05 00                       1
749      0D 00 AE 0B 05 00                       1
100      1D 00 E9 01 01 57                       1
180      14 00 34 08 E0 59                       1
180      14 00 34 08 E8 5A                       1
180      14 00 34 08 E0 5B                       1
100      1D 00 73 FF 04 58                       1
742      1D 00 20 FF 04                       1
100      1D 00 73 FF 04 59                       1
742      1D 00 50 FF 04                       5
180      14 00 34 08 E8 5C                       1
741      1D 00 40 09 96                       1
741      1D 00 41                       1
781      11 00 50 0B 0B 03                       5
249      0D 00 AE 0D FF FF 00 00                       1
180      15 00 30 04 04 5D                       1
180      15 00 32 01 31 5E                       1
781      11 00 50 0C 0C 76                       6
781      11 00 50 0D 0C F1                       2
740      1D 00 47 00 05 66 00 00                       4
100      1D 00 73 FF 04 5A                       1
781      11 00 50 0C 0B FA                       9
781      11 00 FA 04                       1
100      1D 00 73 FF 04 5B                       1
100      1D 00 73 FF 04 5C                       1
100      1D 00 73 FF 04 5D                       1
781      11 00 50 0A 0A 0A                       1
