781      11 00 50 0B 0B 03                       2
249      0D 00 AE 10                       28
740      1D 00 48 FF 00 FF 00                       3
740      1D 00 47 00 05 66 00 00                       3
600      1D 00 40 66 00 00 00                       3
500      1D 00 40 66 00 00 00                       3
749      0D 00 AE 03 33 00                       4
748      0D 00 AE 03 33 00                       4
749      0D 00 AE 04 00 00                       3
748      0D 00 AE 04 00 00                       3
749      0D 00 AE 05 00 00                       3
748      0D 00 AE 05 00 00                       3
100      1D 00 73 FF 08 D1                       1
742      1D 00 50 FF 08                       3
781      11 00 50 0C 0B FA                       1
781      11 00 FA 04                       1
781      11 00 50 0D 0D 6B                       7
100      1D 00 73 FF 08 D2                       1
249      0D 00 AE 0D FF FF 00 00                       1
100      1D 00 73 FF 08 D3                       1
200      15 00 01 08 08                       1
200      19 00 01 08 08                       1
749      05 00 AE 40 02 00 00                       1
749      09 00 AE 40 02 00 00                       1
740      1D 00 48 FF 00 FF 01                       1
749      0D 00 AE 05 00 01                       2
748      0D 00 AE 05 00 01                       2
100      1D 00 71 FF 02 D4                       1
740      1D 00 47 20 05 66 00 00                       1
600      1D 00 40 66 00 00 20                       1
500      1D 00 40 66 00 00 20                       1
749      0D 00 AE 04 02 00                       1
748      0D 00 AE 04 02 00                       1
741      1D 00 42                       1
100      1D 00 E9 01 00 D5                       1
