249      0D 00 AE 10                       27
781      11 00 50 0A 0A 62                       13
740      1D 00 48 FF 00 FF 00                       3
740      1D 00 47 00 04 64 00 00                       3
600      1D 00 40 64 00 00 00                       3
500      1D 00 40 64 00 00 00                       3
749      0D 00 AE 03 32 00                       4
748      0D 00 AE 03 32 00                       4
749      0D 00 AE 04 00 00                       3
748      0D 00 AE 04 00 00                       3
749      0D 00 AE 05 00 00                       3
748      0D 00 AE 05 00 00                       3
100      1D 00 73 FF 08 B8                       1
742      1D 00 50 FF 08                       3
100      1D 00 73 FF 08 B9                       1
100      1D 00 73 FF 08 BA                       1
781      11 00 50 0B 0A DF                       1
200      15 00 01 08 08                       1
749      05 00 AE 40 02 00 00                       1
749      09 00 AE 40 02 00 00                       1
200      19 00 01 08 08                       1
740      1D 00 48 FF 00 FF 01                       1
749      0D 00 AE 05 00 01                       2
748      0D 00 AE 05 00 01                       2
100      1D 00 71 FF 02 BB                       1
740      1D 00 47 20 04 64 00 00                       1
600      1D 00 40 64 00 00 20                       1
500      1D 00 40 64 00 00 20                       1
749      0D 00 AE 04 02 00                       1
748      0D 00 AE 04 02 00                       1
741      1D 00 42                       1
100      1D 00 E9 01 00 BC                       1
