781      11 00 50 0A 0C 07                       2
249      0D 00 AE 10                       190
781      11 00 50 0A 0B 8A                       2
180      15 00 20 08 08 29                       1
180      15 00 36 01 01 2A                       1
200      15 00 01 04 04                       3
200      19 00 01 04 04                       3
740      1D 00 48 FF 00 FF 02                       16
749      0D 00 AE 05 00 02                       45
748      0D 00 AE 05 00 02                       45
100      1D 00 71 FF 10 F5                       1
740      1D 00 47 10 03 D8 00 00                       1
600      1D 00 40 D8 00 00 10                       2
500      1D 00 40 D8 00 00 10                       2
749      0D 00 AE 03 6C 00                       2
748      0D 00 AE 03 6C 00                       2
749      0D 00 AE 04 01 00                       44
748      0D 00 AE 04 01 00                       44
749      05 00 AE 40 01 00 00                       3
749      09 00 AE 40 01 00 00                       3
180      15 00 20 08 00 2B                       1
180      15 00 36 01 00 2C                       1
741      1D 00 42                       3
100      1D 00 E9 01 00 F6                       1
1C0      15 00 22 20 20                       1
1C0      15 00 22 20 00                       1
1C1      15 00 23 80 80                       1
1C1      15 00 23 80 00                       1
740      1D 00 47 11 03 D8 00 00                       1
100      1D 00 73 FF 08 F7                       1
742      1D 00 50 FF 08                       16
740      1D 00 47 11 04 64 00 00                       2
600      1D 00 40 64 00 00 10                       4
500      1D 00 40 64 00 00 10                       4
749      0D 00 AE 03 32 00                       4
748      0D 00 AE 03 32 00                       4
100      15 00 60 08 00 F8                       1
200      15 04 01 04 04                       1
749      05 04 AE 40 01 00 00                       1
24A      0D 00 AE 0B 04 00                       1
748      0D 00 AE 0B 04 00                       1
749      0D 00 AE 0B 04 00                       1
100      1D 00 71 FF 90 F9                       1
100      1D 00 73 FF 08 FA                       1
100      1D 00 E9 01 01 FB                       1
180      14 00 34 08 E0 2D                       1
180      14 00 34 08 E8 2E                       1
100      1D 00 73 FF 04 FC                       1
742      1D 00 20 FF 04                       3
180      14 00 34 08 E0 2F                       1
180      14 00 34 08 E8 30                       1
741      1D 00 40 08 38                       1
741      1D 00 41                       3
781      11 00 50 0A 09 E5                       3
249      0D 00 AE 0D FF FF 00 00                       2
781      11 00 FA 04                       2
180      15 00 32 01 31 31                       1
781      11 00 50 0A 0A 62                       4
740      1D 00 47 10 04 64 00 00                       2
100      1D 00 73 FF 04 FD                       1
742      1D 00 50 FF 04                       3
100      1D 00 73 FF 08 FE                       1
742      1D 00 20 FF 08                       3
180      15 00 32 01 30 32                       1
100      1D 00 73 FF 08 FF                       1
200      15 04 01 04 00                       1
749      05 04 AE 40 00 00 00                       1
100      1D 00 71 FF 10 00                       1
100      1D 00 E9 01 00 01                       1
740      1D 00 47 11 05 66 00 00                       2
600      1D 00 40 66 00 00 10                       2
500      1D 00 40 66 00 00 10                       2
749      0D 00 AE 03 33 00                       2
748      0D 00 AE 03 33 00                       2
100      1D 00 73 FF 08 02                       1
740      1D 00 47 11 06 68 00 00                       1
600      1D 00 40 68 00 00 10                       1
500      1D 00 40 68 00 00 10                       1
749      0D 00 AE 03 34 00                       1
748      0D 00 AE 03 34 00                       1
740      1D 00 47 11 07 6A 00 00                       1
600      1D 00 40 6A 00 00 10                       1
500      1D 00 40 6A 00 00 10                       1
749      0D 00 AE 03 35 00                       1
748      0D 00 AE 03 35 00                       1
740      1D 00 47 11 08 6C 00 00                       2
600      1D 00 40 6C 00 00 10                       2
500      1D 00 40 6C 00 00 10                       2
749      0D 00 AE 03 36 00                       2
748      0D 00 AE 03 36 00                       2
100      1D 00 73 FF 08 03                       1
740      1D 00 47 11 09 6E 00 00                       1
600      1D 00 40 6E 00 00 10                       1
500      1D 00 40 6E 00 00 10                       1
749      0D 00 AE 03 37 00                       1
748      0D 00 AE 03 37 00                       1
740      1D 00 47 11 0A 70 00 00                       1
600      1D 00 40 70 00 00 10                       1
500      1D 00 40 70 00 00 10                       1
749      0D 00 AE 03 38 00                       1
748      0D 00 AE 03 38 00                       1
740      1D 00 47 11 0B 72 00 00                       1
600      1D 00 40 72 00 00 10                       1
500      1D 00 40 72 00 00 10                       1
749      0D 00 AE 03 39 00                       1
748      0D 00 AE 03 39 00                       1
740      1D 00 47 11 0C 9E D8 00                       2
600      1D 00 40 9E D8 00 10                       2
500      1D 00 40 9E D8 00 10                       2
749      0D 00 AE 03 4F 6C                       2
748      0D 00 AE 03 4F 6C                       2
100      1D 00 73 FF 08 04                       1
740      1D 00 47 11 0D D8 D8 00                       1
600      1D 00 40 D8 D8 00 10                       1
500      1D 00 40 D8 D8 00 10                       1
749      0D 00 AE 03 6C 6C                       1
748      0D 00 AE 03 6C 6C                       1
740      1D 00 47 11 0E 64 D8 00                       1
600      1D 00 40 64 D8 00 10                       1
500      1D 00 40 64 D8 00 10                       1
749      0D 00 AE 03 32 6C                       1
748      0D 00 AE 03 32 6C                       1
740      1D 00 47 11 0F 66 D8 00                       2
600      1D 00 40 66 D8 00 10                       2
500      1D 00 40 66 D8 00 10                       2
749      0D 00 AE 03 33 6C                       2
748      0D 00 AE 03 33 6C                       2
100      1D 00 73 FF 08 05                       1
740      1D 00 47 11 10 68 D8 00                       1
600      1D 00 40 68 D8 00 10                       1
500      1D 00 40 68 D8 00 10                       1
749      0D 00 AE 03 34 6C                       1
748      0D 00 AE 03 34 6C                       1
249      0D 00 AE 0D 37 15 00 00                       1
249      0D 00 AE 31 F6 08 00 00                       1
740      1D 00 47 11 11 6A D8 00                       1
600      1D 00 40 6A D8 00 10                       1
500      1D 00 40 6A D8 00 10                       1
749      0D 00 AE 03 35 6C                       1
748      0D 00 AE 03 35 6C                       1
740      1D 00 47 11 12 6C D8 00                       2
600      1D 00 40 6C D8 00 10                       2
500      1D 00 40 6C D8 00 10                       2
749      0D 00 AE 03 36 6C                       2
748      0D 00 AE 03 36 6C                       2
100      1D 00 73 FF 08 06                       1
740      1D 00 47 11 13 6E D8 00                       1
600      1D 00 40 6E D8 00 10                       1
500      1D 00 40 6E D8 00 10                       1
749      0D 00 AE 03 37 6C                       1
748      0D 00 AE 03 37 6C                       1
740      1D 00 47 11 14 70 D8 00                       1
600      1D 00 40 70 D8 00 10                       1
500      1D 00 40 70 D8 00 10                       1
749      0D 00 AE 03 38 6C                       1
748      0D 00 AE 03 38 6C                       1
740      1D 00 47 11 15 72 D8 00                       1
600      1D 00 40 72 D8 00 10                       1
500      1D 00 40 72 D8 00 10                       1
749      0D 00 AE 03 39 6C                       1
748      0D 00 AE 03 39 6C                       1
740      1D 00 47 11 16 9E 64 00                       4
600      1D 00 40 9E 64 00 10                       5
500      1D 00 40 9E 64 00 10                       5
749      0D 00 AE 03 4F 32                       5
748      0D 00 AE 03 4F 32                       5
100      1D 00 71 FF 90 07                       1
100      15 00 62 20 00 08                       1
200      15 16 01 04 04                       1
749      05 16 AE 40 01 00 00                       1
24A      0D 00 AE 0B 16 00                       1
748      0D 00 AE 0B 16 00                       1
749      0D 00 AE 0B 16 00                       1
100      1D 00 73 FF 08 09                       1
100      1D 00 E9 01 01 0A                       1
180      14 00 34 08 E0 33                       1
180      14 00 34 08 E8 34                       1
180      14 00 34 08 E0 35                       1
180      14 00 34 08 E8 36                       1
180      14 00 34 08 E0 37                       1
180      14 00 34 08 E8 38                       1
100      1D 00 73 FF 04 0B                       1
180      14 00 34 08 E0 39                       1
180      14 00 34 08 E8 3A                       1
741      1D 00 40 20 CB                       1
781      11 00 50 09 08 91                       9
100      1D 00 73 FF 04 0C                       1
180      15 00 32 01 31 3B                       1
781      11 00 50 08 08 13                       3
100      1D 00 73 FF 08 0D                       1
180      15 00 32 01 30 3C                       1
740      1D 00 47 10 16 9E 64 00                       1
100      1D 00 73 FF 08 0E                       1
781      11 00 50 09 09 0F                       17
100      1D 00 71 FF 10 0F                       1
200      15 16 01 04 00                       1
749      05 16 AE 40 00 00 00                       1
100      1D 00 E9 01 00 10                       1
100      1D 00 73 FF 08 11                       1
740      1D 00 47 11 17 D8 64 00                       1
600      1D 00 40 D8 64 00 10                       1
500      1D 00 40 D8 64 00 10                       1
749      0D 00 AE 03 6C 32                       1
748      0D 00 AE 03 6C 32                       1
740      1D 00 47 11 18 64 64 00                       1
600      1D 00 40 64 64 00 10                       1
500      1D 00 40 64 64 00 10                       1
749      0D 00 AE 03 32 32                       1
748      0D 00 AE 03 32 32                       1
740      1D 00 47 11 19 66 64 00                       2
600      1D 00 40 66 64 00 10                       2
500      1D 00 40 66 64 00 10                       2
749      0D 00 AE 03 33 32                       2
748      0D 00 AE 03 33 32                       2
100      1D 00 73 FF 08 12                       1
740      1D 00 47 11 1A 68 64 00                       1
600      1D 00 40 68 64 00 10                       1
500      1D 00 40 68 64 00 10                       1
749      0D 00 AE 03 34 32                       1
748      0D 00 AE 03 34 32                       1
740      1D 00 47 11 1B 6A 64 00                       1
600      1D 00 40 6A 64 00 10                       1
500      1D 00 40 6A 64 00 10                       1
749      0D 00 AE 03 35 32                       1
748      0D 00 AE 03 35 32                       1
740      1D 00 47 11 1C 6C 64 00                       2
600      1D 00 40 6C 64 00 10                       2
500      1D 00 40 6C 64 00 10                       2
749      0D 00 AE 03 36 32                       2
748      0D 00 AE 03 36 32                       2
100      1D 00 73 FF 08 13                       1
740      1D 00 47 11 1D 6E 64 00                       1
600      1D 00 40 6E 64 00 10                       1
500      1D 00 40 6E 64 00 10                       1
749      0D 00 AE 03 37 32                       1
748      0D 00 AE 03 37 32                       1
740      1D 00 47 11 1E 70 64 00                       1
600      1D 00 40 70 64 00 10                       1
500      1D 00 40 70 64 00 10                       1
749      0D 00 AE 03 38 32                       1
748      0D 00 AE 03 38 32                       1
740      1D 00 47 11 1F 72 64 00                       1
600      1D 00 40 72 64 00 10                       1
500      1D 00 40 72 64 00 10                       1
749      0D 00 AE 03 39 32                       1
748      0D 00 AE 03 39 32                       1
200      15 00 01 04 00                       1
200      19 00 01 04 00                       1
749      05 00 AE 40 00 00 00                       1
749      09 00 AE 40 00 00 00                       1
740      1D 00 48 FF 00 FF 00                       5
749      0D 00 AE 05 00 00                       6
748      0D 00 AE 05 00 00                       6
100      1D 00 71 FF 00 14                       1
740      1D 00 47 01 20 9E 66 00                       3
600      1D 00 40 9E 66 00 00                       5
500      1D 00 40 9E 66 00 00                       5
749      0D 00 AE 03 4F 33                       5
748      0D 00 AE 03 4F 33                       5
749      0D 00 AE 04 00 00                       5
748      0D 00 AE 04 00 00                       5
100      15 00 63 80 00 15                       1
24A      0D 00 AE 0B 20 00                       1
748      0D 00 AE 0B 20 00                       1
749      0D 00 AE 0B 20 00                       1
100      1D 00 73 FF 08 16                       1
100      1D 00 E9 01 01 17                       1
180      14 00 34 08 E0 3D                       1
100      1D 00 73 FF 04 18                       1
180      14 00 34 08 E8 3E                       1
741      1D 00 40 2E 6B                       1
100      1D 00 73 FF 04 19                       1
180      15 00 32 01 31 3F                       1
100      1D 00 73 FF 08 1A                       1
740      1D 00 47 00 20 9E 66 00                       2
180      15 00 32 01 30 40                       1
100      1D 00 73 FF 08 1B                       1
781      11 00 50 0A 09 8C                       2
100      1D 00 73 FF 08 1C                       1
