249      0D 00 AE 10                       270
180      15 00 32 01 30 68                       1
740      1D 00 48 FF 00 FF 01                       24
740      1D 00 47 20 23 66 66 00                       1
600      1D 00 40 66 66 00 20                       2
500      1D 00 40 66 66 00 20                       2
749      0D 00 AE 03 33 33                       2
748      0D 00 AE 03 33 33                       2
749      0D 00 AE 04 02 00                       56
748      0D 00 AE 04 02 00                       56
749      0D 00 AE 05 00 01                       56
748      0D 00 AE 05 00 01                       56
100      1D 00 73 FF 08 7C                       1
742      1D 00 50 FF 08                       22
1C1      15 00 24 02 02                       1
1C1      15 00 24 02 00                       1
781      11 00 50 0C 0C 76                       5
1C0      15 00 22 20 20                       1
1C0      15 00 22 20 00                       1
180      15 00 20 08 08 69                       1
180      15 00 36 01 01 6A                       1
180      15 00 20 08 00 6B                       1
180      15 00 36 01 00 6C                       1
180      15 00 20 04 04 6D                       1
180      15 00 36 01 01 6E                       1
200      15 23 01 08 00                       1
200      15 00 01 08 08                       5
749      05 23 AE 40 00 00 00                       1
749      05 00 AE 40 02 00 00                       5
749      09 00 AE 40 02 00 00                       5
200      19 00 01 08 08                       5
100      1D 00 71 FF 02 7D                       1
180      15 00 20 04 00 6F                       1
180      15 00 36 01 00 70                       1
741      1D 00 42                       5
100      1D 00 E9 01 00 7E                       1
740      1D 00 47 21 23 66 66 00                       1
100      1D 00 73 FF 08 7F                       1
740      1D 00 47 21 22 64 66 00                       2
600      1D 00 40 64 66 00 20                       4
500      1D 00 40 64 66 00 20                       4
749      0D 00 AE 03 32 33                       4
748      0D 00 AE 03 32 33                       4
100      1D 00 71 FF 42 80                       1
100      15 00 64 02 00 81                       1
200      15 22 01 08 08                       1
749      05 22 AE 40 02 00 00                       1
24A      0D 00 AE 0B 22 00                       1
748      0D 00 AE 0B 22 00                       1
749      0D 00 AE 0B 22 00                       1
100      1D 00 E9 01 01 82                       1
180      14 00 34 08 E0 71                       1
180      14 00 34 08 E8 72                       1
180      14 00 34 08 E0 73                       1
180      14 00 34 08 E8 74                       1
180      14 00 34 08 E0 75                       1
180      14 00 34 08 E8 76                       1
100      1D 00 73 FF 04 83                       1
742      1D 00 20 FF 04                       5
180      14 00 34 08 E0 77                       1
180      14 00 34 08 E8 78                       1
100      1D 00 73 FF 04 84                       1
742      1D 00 50 FF 04                       6
741      1D 00 40 31 30                       1
741      1D 00 41                       5
781      11 00 50 0D 0C F1                       2
781      11 00 50 0B 0B 7F                       2
781      11 00 50 0B 0B 03                       3
180      15 00 32 01 31 79                       1
781      11 00 50 0A 0A 0A                       9
781      11 00 50 0A 09 8C                       6
100      1D 00 73 FF 08 85                       1
742      1D 00 20 FF 08                       5
740      1D 00 47 20 22 64 66 00                       2
100      1D 00 73 FF 08 86                       1
180      15 00 32 01 30 7A                       1
200      15 22 01 08 00                       1
749      05 22 AE 40 00 00 00                       1
100      1D 00 71 FF 02 87                       1
100      1D 00 73 FF 08 88                       1
100      1D 00 E9 01 00 89                       1
249      0D 00 AE 0D 3E 15 00 00                       1
249      0D 00 AE 31 F6 08 00 00                       2
740      1D 00 47 21 21 D8 66 00                       1
600      1D 00 40 D8 66 00 20                       1
500      1D 00 40 D8 66 00 20                       1
749      0D 00 AE 03 6C 33                       1
748      0D 00 AE 03 6C 33                       1
740      1D 00 47 21 20 9E 66 00                       1
600      1D 00 40 9E 66 00 20                       1
500      1D 00 40 9E 66 00 20                       1
749      0D 00 AE 03 4F 33                       1
748      0D 00 AE 03 4F 33                       1
740      1D 00 47 21 1F 72 64 00                       2
600      1D 00 40 72 64 00 20                       2
500      1D 00 40 72 64 00 20                       2
749      0D 00 AE 03 39 32                       2
748      0D 00 AE 03 39 32                       2
100      1D 00 73 FF 08 8A                       1
740      1D 00 47 21 1E 70 64 00                       1
600      1D 00 40 70 64 00 20                       1
500      1D 00 40 70 64 00 20                       1
749      0D 00 AE 03 38 32                       1
748      0D 00 AE 03 38 32                       1
740      1D 00 47 21 1D 6E 64 00                       1
600      1D 00 40 6E 64 00 20                       1
500      1D 00 40 6E 64 00 20                       1
749      0D 00 AE 03 37 32                       1
748      0D 00 AE 03 37 32                       1
740      1D 00 47 21 1C 6C 64 00                       2
600      1D 00 40 6C 64 00 20                       2
500      1D 00 40 6C 64 00 20                       2
749      0D 00 AE 03 36 32                       2
748      0D 00 AE 03 36 32                       2
100      1D 00 73 FF 08 8B                       1
740      1D 00 47 21 1B 6A 64 00                       1
600      1D 00 40 6A 64 00 20                       1
500      1D 00 40 6A 64 00 20                       1
749      0D 00 AE 03 35 32                       1
748      0D 00 AE 03 35 32                       1
740      1D 00 47 21 1A 68 64 00                       1
600      1D 00 40 68 64 00 20                       1
500      1D 00 40 68 64 00 20                       1
749      0D 00 AE 03 34 32                       1
748      0D 00 AE 03 34 32                       1
740      1D 00 47 21 19 66 64 00                       2
600      1D 00 40 66 64 00 20                       2
500      1D 00 40 66 64 00 20                       2
749      0D 00 AE 03 33 32                       2
748      0D 00 AE 03 33 32                       2
100      1D 00 73 FF 08 8C                       1
740      1D 00 47 21 18 64 64 00                       1
600      1D 00 40 64 64 00 20                       1
500      1D 00 40 64 64 00 20                       1
749      0D 00 AE 03 32 32                       1
748      0D 00 AE 03 32 32                       1
740      1D 00 47 21 17 D8 64 00                       1
600      1D 00 40 D8 64 00 20                       1
500      1D 00 40 D8 64 00 20                       1
749      0D 00 AE 03 6C 32                       1
748      0D 00 AE 03 6C 32                       1
740      1D 00 47 21 16 9E 64 00                       4
600      1D 00 40 9E 64 00 20                       5
500      1D 00 40 9E 64 00 20                       5
749      0D 00 AE 03 4F 32                       5
748      0D 00 AE 03 4F 32                       5
100      15 00 62 20 00 8D                       1
200      15 16 01 08 08                       1
749      05 16 AE 40 02 00 00                       1
24A      0D 00 AE 0B 16 00                       1
748      0D 00 AE 0B 16 00                       1
749      0D 00 AE 0B 16 00                       1
100      1D 00 71 FF 42 8E                       1
100      1D 00 73 FF 08 8F                       1
100      1D 00 E9 01 01 90                       1
180      14 00 34 08 E0 7B                       1
180      14 00 34 08 E8 7C                       1
180      14 00 34 08 E0 7D                       1
180      14 00 34 08 E8 7E                       1
180      14 00 34 08 E0 7F                       1
180      14 00 34 08 E8 80                       1
180      14 00 34 08 E0 81                       1
100      1D 00 73 FF 04 91                       1
180      14 00 34 08 E8 82                       1
180      14 00 34 08 E0 83                       1
180      14 00 34 08 E8 84                       1
741      1D 00 40 20 D3                       1
100      1D 00 73 FF 04 92                       1
180      15 00 32 01 31 85                       1
100      1D 00 73 FF 08 93                       1
180      15 00 32 01 30 86                       1
781      11 00 50 0B 0A 86                       1
740      1D 00 47 20 16 9E 64 00                       1
100      1D 00 73 FF 08 94                       1
249      0D 00 AE 0D FF FF 00 00                       2
100      1D 00 71 FF 02 95                       1
200      15 16 01 08 00                       1
749      05 16 AE 40 00 00 00                       1
100      1D 00 E9 01 00 96                       1
100      1D 00 73 FF 08 97                       1
740      1D 00 47 21 15 72 D8 00                       1
600      1D 00 40 72 D8 00 20                       1
500      1D 00 40 72 D8 00 20                       1
749      0D 00 AE 03 39 6C                       1
748      0D 00 AE 03 39 6C                       1
740      1D 00 47 21 14 70 D8 00                       1
600      1D 00 40 70 D8 00 20                       1
500      1D 00 40 70 D8 00 20                       1
749      0D 00 AE 03 38 6C                       1
748      0D 00 AE 03 38 6C                       1
740      1D 00 47 21 13 6E D8 00                       1
600      1D 00 40 6E D8 00 20                       1
500      1D 00 40 6E D8 00 20                       1
749      0D 00 AE 03 37 6C                       1
748      0D 00 AE 03 37 6C                       1
740      1D 00 47 21 12 6C D8 00                       2
600      1D 00 40 6C D8 00 20                       2
500      1D 00 40 6C D8 00 20                       2
749      0D 00 AE 03 36 6C                       2
748      0D 00 AE 03 36 6C                       2
100      1D 00 73 FF 08 98                       1
740      1D 00 47 21 11 6A D8 00                       1
600      1D 00 40 6A D8 00 20                       1
500      1D 00 40 6A D8 00 20                       1
749      0D 00 AE 03 35 6C                       1
748      0D 00 AE 03 35 6C                       1
740      1D 00 47 21 10 68 D8 00                       1
600      1D 00 40 68 D8 00 20                       1
500      1D 00 40 68 D8 00 20                       1
749      0D 00 AE 03 34 6C                       1
748      0D 00 AE 03 34 6C                       1
740      1D 00 47 21 0F 66 D8 00                       2
600      1D 00 40 66 D8 00 20                       2
500      1D 00 40 66 D8 00 20                       2
749      0D 00 AE 03 33 6C                       2
748      0D 00 AE 03 33 6C                       2
100      1D 00 73 FF 08 99                       1
740      1D 00 47 21 0E 64 D8 00                       1
600      1D 00 40 64 D8 00 20                       1
500      1D 00 40 64 D8 00 20                       1
749      0D 00 AE 03 32 6C                       1
748      0D 00 AE 03 32 6C                       1
740      1D 00 47 21 0D D8 D8 00                       1
600      1D 00 40 D8 D8 00 20                       1
500      1D 00 40 D8 D8 00 20                       1
749      0D 00 AE 03 6C 6C                       1
748      0D 00 AE 03 6C 6C                       1
740      1D 00 47 21 0C 9E D8 00                       2
600      1D 00 40 9E D8 00 20                       2
500      1D 00 40 9E D8 00 20                       2
749      0D 00 AE 03 4F 6C                       2
748      0D 00 AE 03 4F 6C                       2
100      1D 00 73 FF 08 9A                       1
740      1D 00 47 21 0B 72 00 00                       1
600      1D 00 40 72 00 00 20                       1
500      1D 00 40 72 00 00 20                       1
749      0D 00 AE 03 39 00                       1
748      0D 00 AE 03 39 00                       1
740      1D 00 47 21 0A 70 00 00                       1
600      1D 00 40 70 00 00 20                       1
500      1D 00 40 70 00 00 20                       1
749      0D 00 AE 03 38 00                       1
748      0D 00 AE 03 38 00                       1
740      1D 00 47 21 09 6E 00 00                       1
600      1D 00 40 6E 00 00 20                       1
500      1D 00 40 6E 00 00 20                       1
749      0D 00 AE 03 37 00                       1
748      0D 00 AE 03 37 00                       1
740      1D 00 47 21 08 6C 00 00                       2
600      1D 00 40 6C 00 00 20                       2
500      1D 00 40 6C 00 00 20                       2
749      0D 00 AE 03 36 00                       2
748      0D 00 AE 03 36 00                       2
100      1D 00 73 FF 08 9B                       1
740      1D 00 47 21 07 6A 00 00                       1
600      1D 00 40 6A 00 00 20                       1
500      1D 00 40 6A 00 00 20                       1
749      0D 00 AE 03 35 00                       1
748      0D 00 AE 03 35 00                       1
740      1D 00 47 21 06 68 00 00                       1
600      1D 00 40 68 00 00 20                       1
500      1D 00 40 68 00 00 20                       1
749      0D 00 AE 03 34 00                       1
748      0D 00 AE 03 34 00                       1
740      1D 00 47 21 05 66 00 00                       2
600      1D 00 40 66 00 00 20                       2
500      1D 00 40 66 00 00 20                       2
749      0D 00 AE 03 33 00                       2
748      0D 00 AE 03 33 00                       2
100      1D 00 73 FF 08 9C                       1
249      0D 00 AE 0D 3F 15 00 00                       1
740      1D 00 47 21 04 64 00 00                       2
600      1D 00 40 64 00 00 20                       4
500      1D 00 40 64 00 00 20                       4
749      0D 00 AE 03 32 00                       4
748      0D 00 AE 03 32 00                       4
100      1D 00 71 FF 42 9D                       1
100      15 00 60 08 00 9E                       1
749      05 04 AE 40 02 00 00                       1
24A      0D 00 AE 0B 04 00                       1
748      0D 00 AE 0B 04 00                       1
749      0D 00 AE 0B 04 00                       1
200      15 04 01 08 08                       1
100      1D 00 E9 01 01 9F                       1
180      14 00 34 08 E0 87                       1
180      14 00 34 08 E8 88                       1
180      14 00 34 08 E0 89                       1
180      14 00 34 08 E8 8A                       1
100      1D 00 73 FF 04 A0                       1
180      14 00 34 08 E0 8B                       1
100      1D 00 73 FF 04 A1                       1
180      14 00 34 08 E8 8C                       1
741      1D 00 40 08 40                       1
781      11 00 50 09 09 63                       5
180      15 00 32 01 31 8D                       1
740      1D 00 47 20 04 64 00 00                       2
100      1D 00 73 FF 04 A2                       1
100      1D 00 73 FF 08 A3                       1
781      11 00 50 0A 09 E0                       5
180      15 00 32 01 30 8E                       1
200      15 04 01 08 00                       1
749      05 04 AE 40 00 00 00                       1
100      1D 00 71 FF 02 A4                       1
100      1D 00 73 FF 08 A5                       1
100      1D 00 E9 01 00 A6                       1
100      1D 00 71 FF 42 A7                       1
740      1D 00 47 21 03 D8 00 00                       4
600      1D 00 40 D8 00 00 20                       5
500      1D 00 40 D8 00 00 20                       5
749      0D 00 AE 03 6C 00                       5
748      0D 00 AE 03 6C 00                       5
100      15 00 60 04 00 A8                       1
200      15 03 01 08 08                       1
749      05 03 AE 40 02 00 00                       1
24A      0D 00 AE 0B 03 00                       1
748      0D 00 AE 0B 03 00                       1
749      0D 00 AE 0B 03 00                       1
100      1D 00 73 FF 08 A9                       1
100      1D 00 E9 01 01 AA                       1
180      14 00 34 08 E0 8F                       1
180      14 00 34 08 E8 90                       1
180      14 00 34 08 E0 91                       1
180      14 00 34 08 E8 92                       1
100      1D 00 73 FF 04 AB                       1
180      14 00 34 08 E0 93                       1
741      1D 00 40 05 88                       1
180      14 00 34 08 E8 94                       1
781      11 00 FA 04                       1
100      1D 00 73 FF 04 AC                       1
781      11 00 50 0A 0B 88                       1
180      15 00 32 01 31 95                       1
781      11 00 50 0C 0E 71                       1
100      1D 00 73 FF 08 AD                       1
781      11 00 50 0C 0D F6                       4
180      15 00 32 01 30 96                       1
740      1D 00 47 20 03 D8 00 00                       1
100      1D 00 73 FF 08 AE                       1
200      15 03 01 08 00                       1
749      05 03 AE 40 00 00 00                       1
100      1D 00 71 FF 02 AF                       1
100      1D 00 E9 01 00 B0                       1
100      1D 00 73 FF 08 B1                       1
200      15 00 01 08 00                       1
749      05 00 AE 40 00 00 00                       2
749      09 00 AE 40 00 00 00                       2
200      19 00 01 08 00                       1
200      15 00 01 04 04                       2
200      19 00 01 04 04                       2
740      1D 00 48 FF 00 FF 02                       4
749      0D 00 AE 05 00 02                       5
748      0D 00 AE 05 00 02                       5
100      1D 00 71 FF 50 B2                       1
740      1D 00 47 11 02 D8 84 00                       2
600      1D 00 40 D8 84 00 10                       4
500      1D 00 40 D8 84 00 10                       4
749      0D 00 AE 03 6C 42                       6
748      0D 00 AE 03 6C 42                       6
749      0D 00 AE 04 01 00                       4
748      0D 00 AE 04 01 00                       4
749      05 00 AE 40 01 00 00                       2
749      09 00 AE 40 01 00 00                       2
749      05 02 AE 40 01 00 00                       1
200      15 02 01 01 00                       1
200      15 02 01 04 04                       1
100      1D 00 73 FF 08 B3                       1
100      1D 00 E9 01 01 B4                       1
180      14 00 34 08 E0 97                       1
180      14 00 34 08 E8 98                       1
180      14 00 34 08 E0 99                       1
100      1D 00 73 FF 04 B5                       1
180      14 00 34 08 E8 9A                       1
180      14 00 34 08 E0 9B                       1
741      1D 00 40 02 E8                       1
180      14 00 34 08 E8 9C                       1
781      11 00 50 0A 0D 20                       1
781      11 00 50 0B 0E 1A                       4
781      11 00 50 0A 0D 9E                       3
180      15 00 32 01 31 9D                       1
740      1D 00 47 10 02 D8 84 00                       2
100      1D 00 73 FF 04 B6                       1
781      11 00 50 0B 0F 13                       2
100      1D 00 73 FF 08 B7                       1
180      15 00 32 01 30 9E                       1
100      1D 00 73 FF 08 B8                       1
100      1D 00 71 FF 10 B9                       1
200      15 02 01 04 00                       1
749      05 02 AE 40 00 00 00                       1
200      15 00 01 04 00                       1
200      19 00 01 04 00                       1
740      1D 00 48 FF 00 FF 00                       2
749      0D 00 AE 05 00 00                       3
748      0D 00 AE 05 00 00                       3
100      1D 00 71 FF 00 BA                       1
740      1D 00 47 00 02 D8 84 00                       2
600      1D 00 40 D8 84 00 00                       2
500      1D 00 40 D8 84 00 00                       2
749      0D 00 AE 04 00 00                       2
748      0D 00 AE 04 00 00                       2
781      11 00 50 0B 0E 97                       1
781      11 00 50 0C 0F 8E                       1
100      1D 00 73 FF 08 BB                       1
781      11 00 50 09 0C A3                       2
