249      0D 00 AE 10                       140
781      11 00 50 0B 0B 03                       5
180      15 00 20 04 04 47                       1
180      15 00 36 01 01 48                       1
200      15 00 01 08 08                       1
200      19 00 01 08 08                       1
749      05 00 AE 40 02 00 00                       1
749      09 00 AE 40 02 00 00                       1
740      1D 00 48 FF 00 FF 01                       11
749      0D 00 AE 05 00 01                       44
748      0D 00 AE 05 00 01                       44
180      15 00 20 04 00 49                       1
180      15 00 36 01 00 4A                       1
100      1D 00 71 FF 02 8D                       1
740      1D 00 47 20 23 66 66 00                       1
600      1D 00 40 66 66 00 20                       2
500      1D 00 40 66 66 00 20                       2
749      0D 00 AE 03 33 33                       2
748      0D 00 AE 03 33 33                       2
749      0D 00 AE 04 02 00                       43
748      0D 00 AE 04 02 00                       43
741      1D 00 42                       1
100      1D 00 E9 01 00 8E                       1
740      1D 00 47 21 23 66 66 00                       1
100      1D 00 73 FF 08 8F                       1
742      1D 00 50 FF 08                       13
740      1D 00 47 21 22 64 66 00                       1
600      1D 00 40 64 66 00 20                       1
500      1D 00 40 64 66 00 20                       1
749      0D 00 AE 03 32 33                       1
748      0D 00 AE 03 32 33                       1
740      1D 00 47 21 21 D8 66 00                       2
600      1D 00 40 D8 66 00 20                       2
500      1D 00 40 D8 66 00 20                       2
749      0D 00 AE 03 6C 33                       2
748      0D 00 AE 03 6C 33                       2
100      1D 00 73 FF 08 90                       1
740      1D 00 47 21 20 9E 66 00                       1
600      1D 00 40 9E 66 00 20                       1
500      1D 00 40 9E 66 00 20                       1
749      0D 00 AE 03 4F 33                       1
748      0D 00 AE 03 4F 33                       1
740      1D 00 47 21 1F 72 64 00                       1
600      1D 00 40 72 64 00 20                       1
500      1D 00 40 72 64 00 20                       1
749      0D 00 AE 03 39 32                       1
748      0D 00 AE 03 39 32                       1
740      1D 00 47 21 1E 70 64 00                       1
600      1D 00 40 70 64 00 20                       1
500      1D 00 40 70 64 00 20                       1
749      0D 00 AE 03 38 32                       1
748      0D 00 AE 03 38 32                       1
740      1D 00 47 21 1D 6E 64 00                       2
600      1D 00 40 6E 64 00 20                       2
500      1D 00 40 6E 64 00 20                       2
749      0D 00 AE 03 37 32                       2
748      0D 00 AE 03 37 32                       2
100      1D 00 73 FF 08 91                       1
740      1D 00 47 21 1C 6C 64 00                       1
600      1D 00 40 6C 64 00 20                       1
500      1D 00 40 6C 64 00 20                       1
749      0D 00 AE 03 36 32                       1
748      0D 00 AE 03 36 32                       1
740      1D 00 47 21 1B 6A 64 00                       1
600      1D 00 40 6A 64 00 20                       1
500      1D 00 40 6A 64 00 20                       1
749      0D 00 AE 03 35 32                       1
748      0D 00 AE 03 35 32                       1
740      1D 00 47 21 1A 68 64 00                       2
600      1D 00 40 68 64 00 20                       2
500      1D 00 40 68 64 00 20                       2
749      0D 00 AE 03 34 32                       2
748      0D 00 AE 03 34 32                       2
100      1D 00 73 FF 08 92                       1
740      1D 00 47 21 19 66 64 00                       1
600      1D 00 40 66 64 00 20                       1
500      1D 00 40 66 64 00 20                       1
749      0D 00 AE 03 33 32                       1
748      0D 00 AE 03 33 32                       1
740      1D 00 47 21 18 64 64 00                       1
600      1D 00 40 64 64 00 20                       1
500      1D 00 40 64 64 00 20                       1
749      0D 00 AE 03 32 32                       1
748      0D 00 AE 03 32 32                       1
740      1D 00 47 21 17 D8 64 00                       1
600      1D 00 40 D8 64 00 20                       1
500      1D 00 40 D8 64 00 20                       1
749      0D 00 AE 03 6C 32                       1
748      0D 00 AE 03 6C 32                       1
740      1D 00 47 21 16 9E 64 00                       2
600      1D 00 40 9E 64 00 20                       2
500      1D 00 40 9E 64 00 20                       2
749      0D 00 AE 03 4F 32                       2
748      0D 00 AE 03 4F 32                       2
100      1D 00 73 FF 08 93                       1
249      0D 00 AE 0D 25 15 00 00                       1
249      0D 00 AE 31 F6 08 00 00                       1
740      1D 00 47 21 15 72 D8 00                       1
600      1D 00 40 72 D8 00 20                       1
500      1D 00 40 72 D8 00 20                       1
749      0D 00 AE 03 39 6C                       1
748      0D 00 AE 03 39 6C                       1
740      1D 00 47 21 14 70 D8 00                       1
600      1D 00 40 70 D8 00 20                       1
500      1D 00 40 70 D8 00 20                       1
749      0D 00 AE 03 38 6C                       1
748      0D 00 AE 03 38 6C                       1
740      1D 00 47 21 13 6E D8 00                       2
600      1D 00 40 6E D8 00 20                       2
500      1D 00 40 6E D8 00 20                       2
749      0D 00 AE 03 37 6C                       2
748      0D 00 AE 03 37 6C                       2
100      1D 00 73 FF 08 94                       1
740      1D 00 47 21 12 6C D8 00                       1
600      1D 00 40 6C D8 00 20                       1
500      1D 00 40 6C D8 00 20                       1
749      0D 00 AE 03 36 6C                       1
748      0D 00 AE 03 36 6C                       1
740      1D 00 47 21 11 6A D8 00                       1
600      1D 00 40 6A D8 00 20                       1
500      1D 00 40 6A D8 00 20                       1
749      0D 00 AE 03 35 6C                       1
748      0D 00 AE 03 35 6C                       1
740      1D 00 47 21 10 68 D8 00                       2
600      1D 00 40 68 D8 00 20                       2
500      1D 00 40 68 D8 00 20                       2
749      0D 00 AE 03 34 6C                       2
748      0D 00 AE 03 34 6C                       2
100      1D 00 73 FF 08 95                       1
740      1D 00 47 21 0F 66 D8 00                       2
600      1D 00 40 66 D8 00 20                       2
500      1D 00 40 66 D8 00 20                       2
749      0D 00 AE 03 33 6C                       2
748      0D 00 AE 03 33 6C                       2
740      1D 00 47 21 0E 64 D8 00                       1
600      1D 00 40 64 D8 00 20                       1
500      1D 00 40 64 D8 00 20                       1
749      0D 00 AE 03 32 6C                       1
748      0D 00 AE 03 32 6C                       1
740      1D 00 47 21 0D D8 D8 00                       1
600      1D 00 40 D8 D8 00 20                       1
500      1D 00 40 D8 D8 00 20                       1
749      0D 00 AE 03 6C 6C                       1
748      0D 00 AE 03 6C 6C                       1
740      1D 00 47 21 0C 9E D8 00                       2
600      1D 00 40 9E D8 00 20                       2
500      1D 00 40 9E D8 00 20                       2
749      0D 00 AE 03 4F 6C                       2
748      0D 00 AE 03 4F 6C                       2
100      1D 00 73 FF 08 96                       1
740      1D 00 47 21 0B 72 00 00                       1
600      1D 00 40 72 00 00 20                       1
500      1D 00 40 72 00 00 20                       1
749      0D 00 AE 03 39 00                       1
748      0D 00 AE 03 39 00                       1
740      1D 00 47 21 0A 70 00 00                       1
600      1D 00 40 70 00 00 20                       1
500      1D 00 40 70 00 00 20                       1
749      0D 00 AE 03 38 00                       1
748      0D 00 AE 03 38 00                       1
740      1D 00 47 21 09 6E 00 00                       2
600      1D 00 40 6E 00 00 20                       2
500      1D 00 40 6E 00 00 20                       2
749      0D 00 AE 03 37 00                       2
748      0D 00 AE 03 37 00                       2
100      1D 00 73 FF 08 97                       1
740      1D 00 47 21 08 6C 00 00                       1
600      1D 00 40 6C 00 00 20                       1
500      1D 00 40 6C 00 00 20                       1
749      0D 00 AE 03 36 00                       1
748      0D 00 AE 03 36 00                       1
740      1D 00 47 21 07 6A 00 00                       1
600      1D 00 40 6A 00 00 20                       1
500      1D 00 40 6A 00 00 20                       1
749      0D 00 AE 03 35 00                       1
748      0D 00 AE 03 35 00                       1
740      1D 00 47 21 06 68 00 00                       1
600      1D 00 40 68 00 00 20                       1
500      1D 00 40 68 00 00 20                       1
749      0D 00 AE 03 34 00                       1
748      0D 00 AE 03 34 00                       1
740      1D 00 47 21 05 66 00 00                       2
600      1D 00 40 66 00 00 20                       2
500      1D 00 40 66 00 00 20                       2
749      0D 00 AE 03 33 00                       2
748      0D 00 AE 03 33 00                       2
100      1D 00 73 FF 08 98                       1
740      1D 00 47 21 04 64 00 00                       1
600      1D 00 40 64 00 00 20                       1
500      1D 00 40 64 00 00 20                       1
749      0D 00 AE 03 32 00                       1
748      0D 00 AE 03 32 00                       1
249      0D 00 AE 0D FF FF 00 00                       1
200      15 00 01 08 00                       1
200      19 00 01 08 00                       1
740      1D 00 48 FF 00 FF 00                       5
749      0D 00 AE 05 00 00                       6
748      0D 00 AE 05 00 00                       6
749      05 00 AE 40 00 00 00                       1
749      09 00 AE 40 00 00 00                       1
100      1D 00 71 FF 00 99                       1
740      1D 00 47 01 03 D8 00 00                       3
600      1D 00 40 D8 00 00 00                       5
500      1D 00 40 D8 00 00 00                       5
749      0D 00 AE 03 6C 00                       5
748      0D 00 AE 03 6C 00                       5
749      0D 00 AE 04 00 00                       5
748      0D 00 AE 04 00 00                       5
100      15 00 60 04 00 9A                       1
24A      0D 00 AE 0B 03 00                       1
748      0D 00 AE 0B 03 00                       1
749      0D 00 AE 0B 03 00                       1
100      1D 00 73 FF 08 9B                       1
100      1D 00 E9 01 01 9C                       1
180      14 00 34 08 E0 4B                       1
180      14 00 34 08 E8 4C                       1
180      14 00 34 08 E0 4D                       1
180      14 00 34 08 E8 4E                       1
100      1D 00 73 FF 04 9D                       1
742      1D 00 20 FF 04                       1
180      14 00 34 08 E0 4F                       1
741      1D 00 40 05 88                       1
741      1D 00 41                       1
180      14 00 34 08 E8 50                       1
781      11 00 50 09 0A 8D                       7
100      1D 00 73 FF 04 9E                       1
742      1D 00 50 FF 04                       1
180      15 00 32 01 31 51                       1
781      11 00 50 08 0A 0F                       2
100      1D 00 73 FF 08 9F                       1
742      1D 00 20 FF 08                       1
180      15 00 32 01 30 52                       1
740      1D 00 47 00 03 D8 00 00                       2
100      1D 00 73 FF 08 A0                       1
781      11 00 FA 04                       1
781      11 00 50 09 0B 0A                       7
100      1D 00 73 FF 08 A1                       1
