249      0D 00 AE 10                       33
781      11 00 50 09 0B 0A                       3
180      15 00 30 04 00 D1                       1
740      1D 00 48 FF 00 FF 00                       3
740      1D 00 47 00 03 D8 00 00                       3
600      1D 00 40 D8 00 00 00                       3
500      1D 00 40 D8 00 00 00                       3
749      0D 00 AE 03 6C 00                       3
748      0D 00 AE 03 6C 00                       3
749      0D 00 AE 04 00 00                       3
748      0D 00 AE 04 00 00                       3
749      0D 00 AE 05 00 00                       3
748      0D 00 AE 05 00 00                       3
100      1D 00 73 FF 04 77                       1
742      1D 00 50 FF 04                       1
249      0D 00 AE 0D FF FF 00 00                       1
100      1D 00 73 FF 08 78                       1
742      1D 00 20 FF 08                       1
781      11 00 50 0A 0B 88                       2
180      15 00 32 01 30 D2                       1
781      11 00 50 08 09 90                       1
100      1D 00 73 FF 08 79                       1
742      1D 00 50 FF 08                       2
781      11 00 50 09 0A 8D                       1
781      11 00 50 0A 0C 05                       1
781      11 00 50 0B 0C 81                       8
781      11 00 50 0B 0C FE                       1
100      1D 00 73 FF 08 7A                       1
781      11 00 FA 04                       1
