249      0D 00 AE 10                       136
781      11 00 50 0B 0D 00                       2
1C1      15 00 24 04 04                       1
200      15 00 01 04 04                       1
749      05 00 AE 40 01 00 00                       1
749      09 00 AE 40 01 00 00                       1
200      19 00 01 04 04                       1
740      1D 00 48 FF 00 FF 02                       11
749      0D 00 AE 05 00 02                       43
748      0D 00 AE 05 00 02                       43
100      1D 00 71 FF 10 56                       1
740      1D 00 47 10 03 D8 00 00                       1
600      1D 00 40 D8 00 00 10                       2
1C1      15 00 24 04 00                       1
500      1D 00 40 D8 00 00 10                       2
749      0D 00 AE 03 6C 00                       2
748      0D 00 AE 03 6C 00                       2
749      0D 00 AE 04 01 00                       42
748      0D 00 AE 04 01 00                       42
741      1D 00 42                       1
100      1D 00 E9 01 00 57                       1
740      1D 00 47 11 03 D8 00 00                       1
100      1D 00 73 FF 08 58                       1
742      1D 00 50 FF 08                       13
740      1D 00 47 11 04 64 00 00                       1
600      1D 00 40 64 00 00 10                       1
500      1D 00 40 64 00 00 10                       1
749      0D 00 AE 03 32 00                       1
748      0D 00 AE 03 32 00                       1
740      1D 00 47 11 05 66 00 00                       2
600      1D 00 40 66 00 00 10                       2
500      1D 00 40 66 00 00 10                       2
749      0D 00 AE 03 33 00                       2
748      0D 00 AE 03 33 00                       2
100      1D 00 73 FF 08 59                       1
740      1D 00 47 11 06 68 00 00                       1
600      1D 00 40 68 00 00 10                       1
500      1D 00 40 68 00 00 10                       1
749      0D 00 AE 03 34 00                       1
748      0D 00 AE 03 34 00                       1
740      1D 00 47 11 07 6A 00 00                       1
600      1D 00 40 6A 00 00 10                       1
500      1D 00 40 6A 00 00 10                       1
749      0D 00 AE 03 35 00                       1
748      0D 00 AE 03 35 00                       1
740      1D 00 47 11 08 6C 00 00                       2
600      1D 00 40 6C 00 00 10                       2
500      1D 00 40 6C 00 00 10                       2
749      0D 00 AE 03 36 00                       2
748      0D 00 AE 03 36 00                       2
100      1D 00 73 FF 08 5A                       1
740      1D 00 47 11 09 6E 00 00                       1
600      1D 00 40 6E 00 00 10                       1
500      1D 00 40 6E 00 00 10                       1
749      0D 00 AE 03 37 00                       1
748      0D 00 AE 03 37 00                       1
249      0D 00 AE 0D 22 15 00 00                       1
249      0D 00 AE 31 F6 08 00 00                       1
740      1D 00 47 11 0A 70 00 00                       1
600      1D 00 40 70 00 00 10                       1
500      1D 00 40 70 00 00 10                       1
749      0D 00 AE 03 38 00                       1
748      0D 00 AE 03 38 00                       1
740      1D 00 47 11 0B 72 00 00                       2
600      1D 00 40 72 00 00 10                       2
500      1D 00 40 72 00 00 10                       2
749      0D 00 AE 03 39 00                       2
748      0D 00 AE 03 39 00                       2
100      1D 00 73 FF 08 5B                       1
740      1D 00 47 11 0C 9E D8 00                       1
600      1D 00 40 9E D8 00 10                       1
500      1D 00 40 9E D8 00 10                       1
749      0D 00 AE 03 4F 6C                       1
748      0D 00 AE 03 4F 6C                       1
740      1D 00 47 11 0D D8 D8 00                       1
600      1D 00 40 D8 D8 00 10                       1
500      1D 00 40 D8 D8 00 10                       1
749      0D 00 AE 03 6C 6C                       1
748      0D 00 AE 03 6C 6C                       1
740      1D 00 47 11 0E 64 D8 00                       1
600      1D 00 40 64 D8 00 10                       1
500      1D 00 40 64 D8 00 10                       1
749      0D 00 AE 03 32 6C                       1
748      0D 00 AE 03 32 6C                       1
740      1D 00 47 11 0F 66 D8 00                       2
600      1D 00 40 66 D8 00 10                       2
500      1D 00 40 66 D8 00 10                       2
749      0D 00 AE 03 33 6C                       2
748      0D 00 AE 03 33 6C                       2
100      1D 00 73 FF 08 5C                       1
740      1D 00 47 11 10 68 D8 00                       1
600      1D 00 40 68 D8 00 10                       1
500      1D 00 40 68 D8 00 10                       1
749      0D 00 AE 03 34 6C                       1
748      0D 00 AE 03 34 6C                       1
740      1D 00 47 11 11 6A D8 00                       1
600      1D 00 40 6A D8 00 10                       1
500      1D 00 40 6A D8 00 10                       1
749      0D 00 AE 03 35 6C                       1
748      0D 00 AE 03 35 6C                       1
740      1D 00 47 11 12 6C D8 00                       2
600      1D 00 40 6C D8 00 10                       2
500      1D 00 40 6C D8 00 10                       2
749      0D 00 AE 03 36 6C                       2
748      0D 00 AE 03 36 6C                       2
100      1D 00 73 FF 08 5D                       1
740      1D 00 47 11 13 6E D8 00                       1
600      1D 00 40 6E D8 00 10                       1
500      1D 00 40 6E D8 00 10                       1
749      0D 00 AE 03 37 6C                       1
748      0D 00 AE 03 37 6C                       1
740      1D 00 47 11 14 70 D8 00                       1
600      1D 00 40 70 D8 00 10                       1
500      1D 00 40 70 D8 00 10                       1
749      0D 00 AE 03 38 6C                       1
748      0D 00 AE 03 38 6C                       1
740      1D 00 47 11 15 72 D8 00                       1
600      1D 00 40 72 D8 00 10                       1
500      1D 00 40 72 D8 00 10                       1
749      0D 00 AE 03 39 6C                       1
748      0D 00 AE 03 39 6C                       1
740      1D 00 47 11 16 9E 64 00                       2
600      1D 00 40 9E 64 00 10                       2
500      1D 00 40 9E 64 00 10                       2
749      0D 00 AE 03 4F 32                       2
748      0D 00 AE 03 4F 32                       2
100      1D 00 73 FF 08 5E                       1
740      1D 00 47 11 17 D8 64 00                       1
600      1D 00 40 D8 64 00 10                       1
500      1D 00 40 D8 64 00 10                       1
749      0D 00 AE 03 6C 32                       1
748      0D 00 AE 03 6C 32                       1
740      1D 00 47 11 18 64 64 00                       1
600      1D 00 40 64 64 00 10                       1
500      1D 00 40 64 64 00 10                       1
749      0D 00 AE 03 32 32                       1
748      0D 00 AE 03 32 32                       1
740      1D 00 47 11 19 66 64 00                       2
600      1D 00 40 66 64 00 10                       2
500      1D 00 40 66 64 00 10                       2
749      0D 00 AE 03 33 32                       2
748      0D 00 AE 03 33 32                       2
100      1D 00 73 FF 08 5F                       1
740      1D 00 47 11 1A 68 64 00                       1
600      1D 00 40 68 64 00 10                       1
500      1D 00 40 68 64 00 10                       1
749      0D 00 AE 03 34 32                       1
748      0D 00 AE 03 34 32                       1
740      1D 00 47 11 1B 6A 64 00                       1
600      1D 00 40 6A 64 00 10                       1
500      1D 00 40 6A 64 00 10                       1
749      0D 00 AE 03 35 32                       1
748      0D 00 AE 03 35 32                       1
740      1D 00 47 11 1C 6C 64 00                       1
600      1D 00 40 6C 64 00 10                       1
500      1D 00 40 6C 64 00 10                       1
749      0D 00 AE 03 36 32                       1
748      0D 00 AE 03 36 32                       1
740      1D 00 47 11 1D 6E 64 00                       2
600      1D 00 40 6E 64 00 10                       2
500      1D 00 40 6E 64 00 10                       2
749      0D 00 AE 03 37 32                       2
748      0D 00 AE 03 37 32                       2
100      1D 00 73 FF 08 60                       1
249      0D 00 AE 0D FF FF 00 00                       1
740      1D 00 47 11 1E 70 64 00                       1
600      1D 00 40 70 64 00 10                       1
500      1D 00 40 70 64 00 10                       1
749      0D 00 AE 03 38 32                       1
748      0D 00 AE 03 38 32                       1
740      1D 00 47 11 1F 72 64 00                       1
600      1D 00 40 72 64 00 10                       1
500      1D 00 40 72 64 00 10                       1
749      0D 00 AE 03 39 32                       1
748      0D 00 AE 03 39 32                       1
740      1D 00 47 11 20 9E 66 00                       2
600      1D 00 40 9E 66 00 10                       2
500      1D 00 40 9E 66 00 10                       2
749      0D 00 AE 03 4F 33                       2
748      0D 00 AE 03 4F 33                       2
100      1D 00 73 FF 08 61                       1
740      1D 00 47 11 21 D8 66 00                       1
600      1D 00 40 D8 66 00 10                       1
500      1D 00 40 D8 66 00 10                       1
749      0D 00 AE 03 6C 33                       1
748      0D 00 AE 03 6C 33                       1
740      1D 00 47 11 22 64 66 00                       1
600      1D 00 40 64 66 00 10                       1
500      1D 00 40 64 66 00 10                       1
749      0D 00 AE 03 32 33                       1
748      0D 00 AE 03 32 33                       1
200      15 00 01 04 00                       1
200      19 00 01 04 00                       1
749      05 00 AE 40 00 00 00                       1
749      09 00 AE 40 00 00 00                       1
740      1D 00 48 FF 00 FF 00                       5
749      0D 00 AE 05 00 00                       6
748      0D 00 AE 05 00 00                       6
100      1D 00 71 FF 00 62                       1
740      1D 00 47 01 23 66 66 00                       3
600      1D 00 40 66 66 00 00                       5
500      1D 00 40 66 66 00 00                       5
749      0D 00 AE 03 33 33                       5
748      0D 00 AE 03 33 33                       5
749      0D 00 AE 04 00 00                       5
748      0D 00 AE 04 00 00                       5
100      15 00 64 04 00 63                       1
24A      0D 00 AE 0B 23 00                       1
748      0D 00 AE 0B 23 00                       1
749      0D 00 AE 0B 23 00                       1
100      1D 00 73 FF 08 64                       1
100      1D 00 E9 01 01 65                       1
180      14 00 34 08 E0 2F                       1
180      14 00 34 08 E8 30                       1
180      14 00 34 08 E0 31                       1
100      1D 00 73 FF 04 66                       1
742      1D 00 20 FF 04                       1
180      14 00 34 08 E8 32                       1
741      1D 00 40 32 87                       1
741      1D 00 41                       1
781      11 00 50 0C 0B FA                       7
100      1D 00 73 FF 04 67                       1
742      1D 00 50 FF 04                       1
180      15 00 32 01 31 33                       1
781      11 00 FA 04                       1
100      1D 00 73 FF 08 68                       1
742      1D 00 20 FF 08                       1
180      15 00 32 01 30 34                       1
740      1D 00 47 00 23 66 66 00                       2
100      1D 00 73 FF 08 69                       1
781      11 00 50 0B 0B 03                       9
781      11 00 50 0B 0B 7F                       1
100      1D 00 73 FF 08 6A                       1
