781      11 00 50 0A 0B 88                       7
249      0D 00 AE 10                       57
781      11 00 50 09 0B 0A                       13
180      15 00 30 04 04 CD                       1
100      1D 00 73 FF 04 6C                       1
742      1D 00 20 FF 04                       1
740      1D 00 48 FF 00 FF 00                       6
740      1D 00 47 00 03 D8 00 00                       6
600      1D 00 40 D8 00 00 00                       6
500      1D 00 40 D8 00 00 00                       6
749      0D 00 AE 03 6C 00                       6
748      0D 00 AE 03 6C 00                       6
749      0D 00 AE 04 00 00                       6
748      0D 00 AE 04 00 00                       5
749      0D 00 AE 05 00 00                       6
748      0D 00 AE 05 00 00                       6
100      1D 00 73 FF 04 6D                       1
742      1D 00 50 FF 04                       6
180      15 00 32 01 31 CE                       1
100      1D 00 73 FF 04 6E                       1
100      1D 00 73 FF 04 6F                       1
100      1D 00 73 FF 04 70                       1
100      1D 00 73 FF 04 71                       1
249      0D 00 AE 0D 30 15 00 00                       1
249      0D 00 AE 31 F6 08 00 00                       1
100      1D 00 73 FF 04 72                       1
781      11 00 50 0A 0C 05                       1
