740      1D 00 48 FF 00 FF 00                       5
740      1D 00 47 00 07 6A 00 00                       1
600      1D 00 40 6A 00 00 00                       1
500      1D 00 40 6A 00 00 00                       1
749      0D 00 AE 03 35 00                       2
748      0D 00 AE 03 35 00                       2
749      0D 00 AE 04 00 00                       5
748      0D 00 AE 04 00 00                       5
749      0D 00 AE 05 00 00                       6
748      0D 00 AE 05 00 00                       6
100      1D 00 73 FF 08 DF                       1
742      1D 00 50 FF 08                       12
781      11 00 50 0D 0C F1                       2
180      15 00 20 20 20 B3                       1
180      15 00 36 01 01 B4                       1
249      0D 00 AE 10                       176
200      15 00 01 08 08                       4
200      19 00 01 08 08                       4
749      05 00 AE 40 02 00 00                       4
180      15 00 20 20 00 B5                       1
749      09 00 AE 40 02 00 00                       4
180      15 00 36 01 00 B6                       1
740      1D 00 48 FF 00 FF 01                       11
749      0D 00 AE 05 00 01                       16
748      0D 00 AE 05 00 01                       16
100      1D 00 71 FF 02 E0                       1
740      1D 00 47 20 07 6A 00 00                       1
600      1D 00 40 6A 00 00 20                       1
500      1D 00 40 6A 00 00 20                       1
749      0D 00 AE 04 02 00                       15
748      0D 00 AE 04 02 00                       15
741      1D 00 42                       4
100      1D 00 E9 01 00 E1                       1
180      15 00 20 10 10 B7                       1
180      15 00 36 01 01 B8                       1
180      15 00 20 10 00 B9                       1
180      15 00 36 01 00 BA                       1
180      15 00 20 08 08 BB                       1
180      15 00 36 01 01 BC                       1
180      15 00 20 08 00 BD                       1
180      15 00 36 01 00 BE                       1
180      15 00 20 04 04 BF                       1
180      15 00 36 01 01 C0                       1
180      15 00 20 04 00 C1                       1
180      15 00 36 01 00 C2                       1
100      15 00 60 20 00 E2                       1
200      15 06 01 08 08                       1
749      05 06 AE 40 02 00 00                       1
24A      0D 00 AE 0B 06 00                       1
748      0D 00 AE 0B 06 00                       1
749      0D 00 AE 0B 06 00                       1
100      1D 00 71 FF 42 E3                       1
740      1D 00 47 21 06 68 00 00                       3
600      1D 00 40 68 00 00 20                       5
500      1D 00 40 68 00 00 20                       5
749      0D 00 AE 03 34 00                       5
748      0D 00 AE 03 34 00                       5
249      0D 00 AE 0D 42 15 00 00                       1
249      0D 00 AE 31 F6 08 00 00                       2
100      1D 00 73 FF 08 E4                       1
100      1D 00 E9 01 01 E5                       1
180      14 00 34 08 E0 C3                       1
180      14 00 34 08 E8 C4                       1
180      14 00 34 08 E0 C5                       1
180      14 00 34 08 E8 C6                       1
180      14 00 34 08 E0 C7                       1
100      1D 00 73 FF 04 E6                       1
742      1D 00 20 FF 04                       5
180      14 00 34 08 E8 C8                       1
180      14 00 34 08 E0 C9                       1
180      14 00 34 08 E8 CA                       1
741      1D 00 40 0A FC                       1
741      1D 00 41                       4
781      11 00 50 0C 0C 76                       5
781      11 00 50 0B 0B 7F                       1
781      11 00 FA 04                       2
180      15 00 32 01 31 CB                       1
781      11 00 50 0A 0A 0A                       2
740      1D 00 47 20 06 68 00 00                       2
100      1D 00 73 FF 04 E7                       1
742      1D 00 50 FF 04                       7
781      11 00 50 0C 0B FA                       5
100      1D 00 73 FF 08 E8                       1
742      1D 00 20 FF 08                       5
180      15 00 32 01 30 CC                       1
100      1D 00 73 FF 08 E9                       1
200      15 06 01 08 00                       1
749      05 06 AE 40 00 00 00                       1
100      1D 00 71 FF 02 EA                       1
100      1D 00 E9 01 00 EB                       1
100      1D 00 73 FF 08 EC                       1
740      1D 00 47 21 05 66 00 00                       3
600      1D 00 40 66 00 00 20                       4
500      1D 00 40 66 00 00 20                       4
749      0D 00 AE 03 33 00                       4
748      0D 00 AE 03 33 00                       4
100      15 00 60 10 00 ED                       1
200      15 05 01 08 08                       1
749      05 05 AE 40 02 00 00                       1
24A      0D 00 AE 0B 05 00                       1
748      0D 00 AE 0B 05 00                       1
749      0D 00 AE 0B 05 00                       1
100      1D 00 71 FF 42 EE                       1
100      1D 00 E9 01 01 EF                       1
180      14 00 34 08 E0 CD                       1
180      14 00 34 08 E8 CE                       1
180      14 00 34 08 E0 CF                       1
180      14 00 34 08 E8 D0                       1
180      14 00 34 08 E0 D1                       1
100      1D 00 73 FF 04 F0                       1
741      1D 00 40 09 9E                       1
180      14 00 34 08 E8 D2                       1
100      1D 00 73 FF 04 F1                       1
781      11 00 50 0B 0B 03                       2
180      15 00 32 01 31 D3                       1
100      1D 00 73 FF 08 F2                       1
740      1D 00 47 20 05 66 00 00                       1
100      1D 00 73 FF 08 F3                       1
180      15 00 32 01 30 D4                       1
283      15 03 00 01 01 03                       1
283      15 03 00 01 00 03                       1
781      11 00 50 0D 0D 6B                       1
781      11 00 50 0E 0D E6                       1
249      0D 00 AE 0D FF FF 00 00                       1
100      1D 00 71 FF 02 F4                       1
200      15 05 01 08 00                       1
749      05 05 AE 40 00 00 00                       1
100      1D 00 E9 01 00 F5                       1
100      1D 00 73 FF 08 F6                       1
740      1D 00 47 21 04 64 00 00                       2
600      1D 00 40 64 00 00 20                       4
500      1D 00 40 64 00 00 20                       4
749      0D 00 AE 03 32 00                       4
748      0D 00 AE 03 32 00                       4
100      15 00 60 08 00 F7                       1
200      15 04 01 08 08                       1
749      05 04 AE 40 02 00 00                       1
24A      0D 00 AE 0B 04 00                       1
748      0D 00 AE 0B 04 00                       1
749      0D 00 AE 0B 04 00                       1
100      1D 00 71 FF 42 F8                       1
100      1D 00 E9 01 01 F9                       1
180      14 00 34 08 E0 D5                       1
180      14 00 34 08 E8 D6                       1
180      14 00 34 08 E0 D7                       1
180      14 00 34 08 E8 D8                       1
100      1D 00 73 FF 04 FA                       1
100      1D 00 73 FF 04 FB                       1
180      14 00 34 08 E0 D9                       1
741      1D 00 40 08 40                       1
180      14 00 34 08 E8 DA                       1
781      11 00 50 0B 0B 57                       5
781      11 00 50 0B 0B D3                       4
180      15 00 32 01 31 DB                       1
740      1D 00 47 20 04 64 00 00                       2
100      1D 00 73 FF 04 FC                       1
100      1D 00 73 FF 08 FD                       1
180      15 00 32 01 30 DC                       1
100      1D 00 73 FF 08 FE                       1
200      15 04 01 08 00                       1
749      05 04 AE 40 00 00 00                       1
100      1D 00 71 FF 02 FF                       1
100      1D 00 E9 01 00 00                       1
740      1D 00 47 21 03 D8 00 00                       1
600      1D 00 40 D8 00 00 20                       1
500      1D 00 40 D8 00 00 20                       1
749      0D 00 AE 03 6C 00                       11
748      0D 00 AE 03 6C 00                       11
100      15 00 60 04 00 01                       1
200      15 03 01 01 00                       1
200      15 03 01 04 04                       1
749      05 03 AE 40 01 00 00                       1
24A      0D 00 AE 0B 03 00                       1
748      0D 00 AE 0B 03 00                       1
749      0D 00 AE 0B 03 00                       1
200      15 00 01 08 00                       1
749      05 00 AE 40 00 00 00                       2
749      09 00 AE 40 00 00 00                       2
749      05 00 AE 40 01 00 00                       2
200      19 00 01 08 00                       1
200      15 00 01 04 04                       2
200      19 00 01 04 04                       2
740      1D 00 48 FF 00 FF 02                       6
749      0D 00 AE 05 00 02                       7
748      0D 00 AE 05 00 02                       7
100      1D 00 71 FF 50 02                       1
740      1D 00 47 11 03 D8 00 00                       3
600      1D 00 40 D8 00 00 10                       6
500      1D 00 40 D8 00 00 10                       6
749      0D 00 AE 04 01 00                       6
748      0D 00 AE 04 01 00                       6
749      09 00 AE 40 01 00 00                       2
100      1D 00 73 FF 08 03                       1
100      1D 00 E9 01 01 04                       1
180      14 00 34 08 E0 DD                       1
180      14 00 34 08 E8 DE                       1
180      14 00 34 08 E0 DF                       1
180      14 00 34 08 E8 E0                       1
100      1D 00 73 FF 04 05                       1
180      14 00 34 08 E0 E1                       1
741      1D 00 40 05 88                       1
180      14 00 34 08 E8 E2                       1
100      1D 00 73 FF 04 06                       1
781      11 00 50 0B 0D 7A                       4
180      15 00 32 01 31 E3                       1
781      11 00 50 0B 0C FE                       2
249      0D 00 AE 0D 43 15 00 00                       1
180      15 00 32 10 21 E4                       1
180      15 00 32 10 31 E5                       1
740      1D 00 47 10 03 D8 00 00                       3
100      1D 00 73 FF 04 07                       1
781      11 00 50 13 15 0F                       1
180      15 00 32 10 21 E6                       1
781      11 00 50 14 16 73                       2
180      15 00 32 10 31 E7                       1
781      11 00 50 12 13 A9                       1
100      1D 00 73 FF 08 08                       1
781      11 00 50 12 14 21                       2
180      15 00 32 10 21 E8                       1
180      15 00 32 01 20 E9                       1
100      1D 00 73 FF 04 09                       1
781      11 00 50 0D 0E EC                       16
100      1D 00 73 FF 04 0A                       1
180      15 00 32 01 21 EA                       1
781      11 00 50 0D 0F 67                       4
180      15 00 32 10 31 EB                       1
781      11 00 50 0E 0F E1                       1
100      1D 00 73 FF 08 0B                       1
180      15 00 32 01 30 EC                       1
100      1D 00 73 FF 08 0C                       1
100      1D 00 71 FF 10 0D                       1
200      15 03 01 04 00                       1
749      05 03 AE 40 00 00 00                       1
200      15 00 01 04 00                       1
200      19 00 01 04 00                       1
100      1D 00 71 FF 00 0E                       1
740      1D 00 47 00 03 D8 00 00                       4
600      1D 00 40 D8 00 00 00                       4
500      1D 00 40 D8 00 00 00                       4
100      1D 00 73 FF 08 0F                       1
100      1D 00 73 FF 08 10                       1
781      11 00 50 0C 0E 71                       1
100      1D 00 73 FF 08 11                       1
