249      0D 00 AE 10                       54
781      11 00 50 0A 0C 05                       2
781      11 00 50 0A 0B 88                       1
180      15 00 20 08 08 19                       1
180      15 00 36 01 01 1A                       1
200      15 00 01 04 04                       1
200      19 00 01 04 04                       1
740      1D 00 48 FF 00 FF 02                       2
749      0D 00 AE 05 00 02                       3
748      0D 00 AE 05 00 02                       3
100      1D 00 71 FF 10 DC                       1
740      1D 00 47 10 03 D8 00 00                       1
600      1D 00 40 D8 00 00 10                       2
500      1D 00 40 D8 00 00 10                       2
180      15 00 20 08 00 1B                       1
180      15 00 36 01 00 1C                       1
749      0D 00 AE 03 6C 00                       2
748      0D 00 AE 03 6C 00                       2
749      0D 00 AE 04 01 00                       2
748      0D 00 AE 04 01 00                       2
749      05 00 AE 40 01 00 00                       1
749      09 00 AE 40 01 00 00                       1
741      1D 00 42                       1
100      1D 00 E9 01 00 DD                       1
740      1D 00 47 11 03 D8 00 00                       1
100      1D 00 73 FF 08 DE                       1
742      1D 00 50 FF 08                       4
200      15 00 01 04 00                       1
749      05 00 AE 40 00 00 00                       1
749      09 00 AE 40 00 00 00                       1
200      19 00 01 04 00                       1
740      1D 00 48 FF 00 FF 00                       5
749      0D 00 AE 05 00 00                       6
748      0D 00 AE 05 00 00                       6
100      1D 00 71 FF 00 DF                       1
740      1D 00 47 01 04 64 00 00                       3
600      1D 00 40 64 00 00 00                       5
500      1D 00 40 64 00 00 00                       5
749      0D 00 AE 03 32 00                       5
748      0D 00 AE 03 32 00                       5
749      0D 00 AE 04 00 00                       5
748      0D 00 AE 04 00 00                       5
100      15 00 60 08 00 E0                       1
24A      0D 00 AE 0B 04 00                       1
748      0D 00 AE 0B 04 00                       1
749      0D 00 AE 0B 04 00                       1
100      1D 00 73 FF 08 E1                       1
100      1D 00 E9 01 01 E2                       1
180      14 00 34 08 E0 1D                       1
180      14 00 34 08 E8 1E                       1
100      1D 00 73 FF 04 E3                       1
742      1D 00 20 FF 04                       1
180      14 00 34 08 E0 1F                       1
180      14 00 34 08 E8 20                       1
741      1D 00 40 08 38                       1
741      1D 00 41                       1
781      11 00 50 0B 0B D7                       1
781      11 00 50 0A 0A 62                       1
781      11 00 50 0A 09 E5                       18
100      1D 00 73 FF 04 E4                       1
742      1D 00 50 FF 04                       1
180      15 00 32 01 31 21                       1
100      1D 00 73 FF 08 E5                       1
742      1D 00 20 FF 08                       1
180      15 00 32 01 30 22                       1
740      1D 00 47 00 04 64 00 00                       2
100      1D 00 73 FF 08 E6                       1
100      1D 00 73 FF 08 E7                       1
249      0D 00 AE 0D FF FF 00 00                       1
