740      1D 00 48 FF 00 FF 00                       5
740      1D 00 47 00 03 D8 00 00                       1
600      1D 00 40 D8 00 00 00                       1
500      1D 00 40 D8 00 00 00                       1
749      0D 00 AE 03 6C 00                       3
748      0D 00 AE 03 6C 00                       3
749      0D 00 AE 04 00 00                       5
748      0D 00 AE 04 00 00                       5
749      0D 00 AE 05 00 00                       6
748      0D 00 AE 05 00 00                       6
100      1D 00 73 FF 08 E1                       1
742      1D 00 50 FF 08                       21
249      0D 00 AE 10                       263
781      11 00 50 0C 0D F8                       2
180      15 00 20 08 08 73                       1
180      15 00 36 01 01 74                       1
200      15 00 01 04 04                       5
200      19 00 01 04 04                       5
749      05 00 AE 40 01 00 00                       5
749      09 00 AE 40 01 00 00                       5
740      1D 00 48 FF 00 FF 02                       24
749      0D 00 AE 05 00 02                       57
748      0D 00 AE 05 00 02                       57
100      1D 00 71 FF 10 E2                       1
740      1D 00 47 10 03 D8 00 00                       1
600      1D 00 40 D8 00 00 10                       2
500      1D 00 40 D8 00 00 10                       2
749      0D 00 AE 04 01 00                       56
748      0D 00 AE 04 01 00                       56
741      1D 00 42                       5
100      1D 00 E9 01 00 E3                       1
180      15 00 20 08 00 75                       1
180      15 00 36 01 00 76                       1
1C0      15 00 22 20 20                       1
1C0      15 00 22 20 00                       1
740      1D 00 47 11 03 D8 00 00                       1
100      1D 00 73 FF 08 E4                       1
249      0D 00 AE 0D FF FF 00 00                       3
740      1D 00 47 11 04 64 00 00                       2
600      1D 00 40 64 00 00 10                       4
500      1D 00 40 64 00 00 10                       4
749      0D 00 AE 03 32 00                       4
748      0D 00 AE 03 32 00                       4
100      15 00 60 08 00 E5                       1
200      15 04 01 04 04                       1
749      05 04 AE 40 01 00 00                       1
24A      0D 00 AE 0B 04 00                       1
748      0D 00 AE 0B 04 00                       1
749      0D 00 AE 0B 04 00                       1
100      1D 00 71 FF 90 E6                       1
1C1      15 00 23 80 80                       1
1C1      15 00 23 80 00                       1
1C1      15 00 24 02 02                       1
1C1      15 00 24 02 00                       1
1C1      15 00 24 04 04                       1
1C1      15 00 24 04 00                       1
100      1D 00 E9 01 01 E7                       1
180      14 00 34 08 E0 77                       1
180      14 00 34 08 E8 78                       1
100      1D 00 73 FF 04 E8                       1
742      1D 00 20 FF 04                       5
180      14 00 34 08 E0 79                       1
100      1D 00 73 FF 04 E9                       1
742      1D 00 50 FF 04                       6
180      14 00 34 08 E8 7A                       1
741      1D 00 40 08 38                       1
741      1D 00 41                       5
781      11 00 50 0D 0D 4A                       11
781      11 00 50 0C 0C CF                       2
180      15 00 32 01 31 7B                       1
740      1D 00 47 10 04 64 00 00                       2
100      1D 00 73 FF 04 EA                       1
100      1D 00 73 FF 08 EB                       1
742      1D 00 20 FF 08                       5
180      15 00 32 01 30 7C                       1
100      1D 00 73 FF 08 EC                       1
100      1D 00 71 FF 10 ED                       1
200      15 04 01 04 00                       1
749      05 04 AE 40 00 00 00                       1
100      1D 00 E9 01 00 EE                       1
740      1D 00 47 11 05 66 00 00                       1
600      1D 00 40 66 00 00 10                       1
500      1D 00 40 66 00 00 10                       1
749      0D 00 AE 03 33 00                       1
748      0D 00 AE 03 33 00                       1
740      1D 00 47 11 06 68 00 00                       2
600      1D 00 40 68 00 00 10                       2
500      1D 00 40 68 00 00 10                       2
749      0D 00 AE 03 34 00                       2
748      0D 00 AE 03 34 00                       2
100      1D 00 73 FF 08 EF                       1
740      1D 00 47 11 07 6A 00 00                       1
600      1D 00 40 6A 00 00 10                       1
500      1D 00 40 6A 00 00 10                       1
749      0D 00 AE 03 35 00                       1
748      0D 00 AE 03 35 00                       1
740      1D 00 47 11 08 6C 00 00                       1
600      1D 00 40 6C 00 00 10                       1
500      1D 00 40 6C 00 00 10                       1
749      0D 00 AE 03 36 00                       1
748      0D 00 AE 03 36 00                       1
740      1D 00 47 11 09 6E 00 00                       2
600      1D 00 40 6E 00 00 10                       2
500      1D 00 40 6E 00 00 10                       2
749      0D 00 AE 03 37 00                       2
748      0D 00 AE 03 37 00                       2
100      1D 00 73 FF 08 F0                       1
740      1D 00 47 11 0A 70 00 00                       1
600      1D 00 40 70 00 00 10                       1
500      1D 00 40 70 00 00 10                       1
749      0D 00 AE 03 38 00                       1
748      0D 00 AE 03 38 00                       1
740      1D 00 47 11 0B 72 00 00                       1
600      1D 00 40 72 00 00 10                       1
500      1D 00 40 72 00 00 10                       1
749      0D 00 AE 03 39 00                       1
748      0D 00 AE 03 39 00                       1
740      1D 00 47 11 0C 9E D8 00                       2
600      1D 00 40 9E D8 00 10                       2
500      1D 00 40 9E D8 00 10                       2
749      0D 00 AE 03 4F 6C                       2
748      0D 00 AE 03 4F 6C                       2
249      0D 00 AE 0D 2A 15 00 00                       1
249      0D 00 AE 31 F6 08 00 00                       2
100      1D 00 73 FF 08 F1                       1
740      1D 00 47 11 0D D8 D8 00                       1
600      1D 00 40 D8 D8 00 10                       1
500      1D 00 40 D8 D8 00 10                       1
749      0D 00 AE 03 6C 6C                       1
748      0D 00 AE 03 6C 6C                       1
740      1D 00 47 11 0E 64 D8 00                       1
600      1D 00 40 64 D8 00 10                       1
500      1D 00 40 64 D8 00 10                       1
749      0D 00 AE 03 32 6C                       1
748      0D 00 AE 03 32 6C                       1
740      1D 00 47 11 0F 66 D8 00                       1
600      1D 00 40 66 D8 00 10                       1
500      1D 00 40 66 D8 00 10                       1
749      0D 00 AE 03 33 6C                       1
748      0D 00 AE 03 33 6C                       1
740      1D 00 47 11 10 68 D8 00                       2
600      1D 00 40 68 D8 00 10                       2
500      1D 00 40 68 D8 00 10                       2
749      0D 00 AE 03 34 6C                       2
748      0D 00 AE 03 34 6C                       2
100      1D 00 73 FF 08 F2                       1
740      1D 00 47 11 11 6A D8 00                       1
600      1D 00 40 6A D8 00 10                       1
500      1D 00 40 6A D8 00 10                       1
749      0D 00 AE 03 35 6C                       1
748      0D 00 AE 03 35 6C                       1
740      1D 00 47 11 12 6C D8 00                       1
600      1D 00 40 6C D8 00 10                       1
500      1D 00 40 6C D8 00 10                       1
749      0D 00 AE 03 36 6C                       1
748      0D 00 AE 03 36 6C                       1
740      1D 00 47 11 13 6E D8 00                       2
600      1D 00 40 6E D8 00 10                       2
500      1D 00 40 6E D8 00 10                       2
749      0D 00 AE 03 37 6C                       2
748      0D 00 AE 03 37 6C                       2
100      1D 00 73 FF 08 F3                       1
740      1D 00 47 11 14 70 D8 00                       1
600      1D 00 40 70 D8 00 10                       1
500      1D 00 40 70 D8 00 10                       1
749      0D 00 AE 03 38 6C                       1
748      0D 00 AE 03 38 6C                       1
740      1D 00 47 11 15 72 D8 00                       1
600      1D 00 40 72 D8 00 10                       1
500      1D 00 40 72 D8 00 10                       1
749      0D 00 AE 03 39 6C                       1
748      0D 00 AE 03 39 6C                       1
740      1D 00 47 11 16 9E 64 00                       4
600      1D 00 40 9E 64 00 10                       5
500      1D 00 40 9E 64 00 10                       5
749      0D 00 AE 03 4F 32                       5
748      0D 00 AE 03 4F 32                       5
100      1D 00 71 FF 90 F4                       1
100      15 00 62 20 00 F5                       1
200      15 16 01 04 04                       1
749      05 16 AE 40 01 00 00                       1
24A      0D 00 AE 0B 16 00                       1
748      0D 00 AE 0B 16 00                       1
749      0D 00 AE 0B 16 00                       1
100      1D 00 73 FF 08 F6                       1
100      1D 00 E9 01 01 F7                       1
180      14 00 34 08 E0 7D                       1
180      14 00 34 08 E8 7E                       1
180      14 00 34 08 E0 7F                       1
180      14 00 34 08 E8 80                       1
180      14 00 34 08 E0 81                       1
180      14 00 34 08 E8 82                       1
100      1D 00 73 FF 04 F8                       1
180      14 00 34 08 E0 83                       1
180      14 00 34 08 E8 84                       1
741      1D 00 40 20 CB                       1
781      11 00 50 0C 0C 76                       2
781      11 00 50 0C 0B FA                       3
781      11 00 50 0B 0B 03                       1
100      1D 00 73 FF 04 F9                       1
180      15 00 32 01 31 85                       1
781      11 00 50 0E 0E 60                       4
781      11 00 50 0E 0D E6                       23
100      1D 00 73 FF 08 FA                       1
781      11 00 50 0D 0D 6B                       12
180      15 00 32 01 30 86                       1
740      1D 00 47 10 16 9E 64 00                       1
100      1D 00 73 FF 08 FB                       1
781      11 00 50 0D 0C F1                       2
200      15 16 01 04 00                       1
749      05 16 AE 40 00 00 00                       1
100      1D 00 71 FF 10 FC                       1
100      1D 00 E9 01 00 FD                       1
100      1D 00 73 FF 08 FE                       1
740      1D 00 47 11 17 D8 64 00                       1
600      1D 00 40 D8 64 00 10                       1
500      1D 00 40 D8 64 00 10                       1
749      0D 00 AE 03 6C 32                       1
748      0D 00 AE 03 6C 32                       1
740      1D 00 47 11 18 64 64 00                       1
600      1D 00 40 64 64 00 10                       1
500      1D 00 40 64 64 00 10                       1
749      0D 00 AE 03 32 32                       1
748      0D 00 AE 03 32 32                       1
740      1D 00 47 11 19 66 64 00                       2
600      1D 00 40 66 64 00 10                       2
500      1D 00 40 66 64 00 10                       2
749      0D 00 AE 03 33 32                       2
748      0D 00 AE 03 33 32                       2
100      1D 00 73 FF 08 FF                       1
740      1D 00 47 11 1A 68 64 00                       1
600      1D 00 40 68 64 00 10                       1
500      1D 00 40 68 64 00 10                       1
749      0D 00 AE 03 34 32                       1
748      0D 00 AE 03 34 32                       1
740      1D 00 47 11 1B 6A 64 00                       1
600      1D 00 40 6A 64 00 10                       1
500      1D 00 40 6A 64 00 10                       1
749      0D 00 AE 03 35 32                       1
748      0D 00 AE 03 35 32                       1
740      1D 00 47 11 1C 6C 64 00                       1
600      1D 00 40 6C 64 00 10                       1
500      1D 00 40 6C 64 00 10                       1
749      0D 00 AE 03 36 32                       1
748      0D 00 AE 03 36 32                       1
740      1D 00 47 11 1D 6E 64 00                       2
600      1D 00 40 6E 64 00 10                       2
500      1D 00 40 6E 64 00 10                       2
749      0D 00 AE 03 37 32                       2
748      0D 00 AE 03 37 32                       2
100      1D 00 73 FF 08 00                       1
740      1D 00 47 11 1E 70 64 00                       1
600      1D 00 40 70 64 00 10                       1
500      1D 00 40 70 64 00 10                       1
749      0D 00 AE 03 38 32                       1
748      0D 00 AE 03 38 32                       1
740      1D 00 47 11 1F 72 64 00                       1
600      1D 00 40 72 64 00 10                       1
500      1D 00 40 72 64 00 10                       1
749      0D 00 AE 03 39 32                       1
748      0D 00 AE 03 39 32                       1
100      15 00 63 80 00 01                       1
200      15 20 01 04 04                       1
749      05 20 AE 40 01 00 00                       1
24A      0D 00 AE 0B 20 00                       1
748      0D 00 AE 0B 20 00                       1
749      0D 00 AE 0B 20 00                       1
100      1D 00 71 FF 90 02                       1
740      1D 00 47 11 20 9E 66 00                       4
600      1D 00 40 9E 66 00 10                       5
500      1D 00 40 9E 66 00 10                       5
749      0D 00 AE 03 4F 33                       5
748      0D 00 AE 03 4F 33                       5
100      1D 00 73 FF 08 03                       1
100      1D 00 E9 01 01 04                       1
180      14 00 34 08 E0 87                       1
100      1D 00 73 FF 04 05                       1
180      14 00 34 08 E8 88                       1
741      1D 00 40 2E 6B                       1
100      1D 00 73 FF 04 06                       1
781      11 00 FA 04                       2
180      15 00 32 01 31 89                       1
100      1D 00 73 FF 08 07                       1
180      15 00 32 01 30 8A                       1
740      1D 00 47 10 20 9E 66 00                       1
100      1D 00 73 FF 08 08                       1
249      0D 00 AE 0D 2B 15 00 00                       1
200      15 20 01 04 00                       1
100      1D 00 71 FF 10 09                       1
749      05 20 AE 40 00 00 00                       1
100      1D 00 E9 01 00 0A                       1
100      1D 00 73 FF 08 0B                       1
740      1D 00 47 11 21 D8 66 00                       1
600      1D 00 40 D8 66 00 10                       1
500      1D 00 40 D8 66 00 10                       1
749      0D 00 AE 03 6C 33                       1
748      0D 00 AE 03 6C 33                       1
740      1D 00 47 11 22 64 66 00                       3
600      1D 00 40 64 66 00 10                       5
500      1D 00 40 64 66 00 10                       5
749      0D 00 AE 03 32 33                       5
748      0D 00 AE 03 32 33                       5
100      1D 00 71 FF 90 0C                       1
100      15 00 64 02 00 0D                       1
200      15 22 01 04 04                       1
749      05 22 AE 40 01 00 00                       1
24A      0D 00 AE 0B 22 00                       1
748      0D 00 AE 0B 22 00                       1
749      0D 00 AE 0B 22 00                       1
100      1D 00 73 FF 08 0E                       1
100      1D 00 E9 01 01 0F                       1
180      14 00 34 08 E0 8B                       1
180      14 00 34 08 E8 8C                       1
180      14 00 34 08 E0 8D                       1
100      1D 00 73 FF 04 10                       1
180      14 00 34 08 E8 8E                       1
741      1D 00 40 31 28                       1
180      15 00 32 01 31 8F                       1
740      1D 00 47 10 22 64 66 00                       2
100      1D 00 73 FF 04 11                       1
100      1D 00 73 FF 08 12                       1
180      15 00 32 01 30 90                       1
100      1D 00 73 FF 08 13                       1
100      1D 00 71 FF 10 14                       1
200      15 22 01 04 00                       1
749      05 22 AE 40 00 00 00                       1
100      1D 00 E9 01 00 15                       1
100      1D 00 73 FF 08 16                       1
740      1D 00 47 11 23 66 66 00                       1
600      1D 00 40 66 66 00 10                       1
500      1D 00 40 66 66 00 10                       1
749      0D 00 AE 03 33 33                       5
748      0D 00 AE 03 33 33                       5
200      15 00 01 04 00                       1
200      19 00 01 04 00                       1
749      05 00 AE 40 00 00 00                       1
749      09 00 AE 40 00 00 00                       1
100      1D 00 71 FF 00 17                       1
740      1D 00 47 01 23 66 66 00                       2
600      1D 00 40 66 66 00 00                       4
500      1D 00 40 66 66 00 00                       4
100      15 00 64 04 00 18                       1
24A      0D 00 AE 0B 23 00                       1
748      0D 00 AE 0B 23 00                       1
749      0D 00 AE 0B 23 00                       1
100      1D 00 E9 01 01 19                       1
180      14 00 34 08 E0 91                       1
180      14 00 34 08 E8 92                       1
180      14 00 34 08 E0 93                       1
100      1D 00 73 FF 04 1A                       1
180      14 00 34 08 E8 94                       1
741      1D 00 40 32 87                       1
100      1D 00 73 FF 04 1B                       1
180      15 00 32 01 31 95                       1
100      1D 00 73 FF 08 1C                       1
740      1D 00 47 00 23 66 66 00                       2
100      1D 00 73 FF 08 1D                       1
180      15 00 32 01 30 96                       1
781      11 00 50 0F 0E DA                       1
100      1D 00 73 FF 08 1E                       1
