00 00 00 
03 00 00 
04 00 00 
01 00 00 
00 20 31 
00 01 05 
10 56 57 
02 00 00 
01 0C 00 
04 01 13 
10 56 58 
00 56 58 
08 00 00 
01 0D 00 
10 56 59 
10 57 00 
00 57 00 
10 57 01 
01 05 00 
10 57 02 
02 57 02 
01 01 00 
00 20 32 
02 01 00 
04 02 13 
10 57 03 
02 09 00 
10 57 04 
02 0D 00 
02 57 04 
02 05 00 
10 57 05 
00 20 33 
03 01 00 
04 03 13 
10 57 06 
03 09 00 
02 57 06 
03 0D 00 
03 05 00 
10 57 07 
10 57 08 
00 20 34 
04 01 00 
04 04 13 
02 57 08 
04 09 00 
04 A9 00 
06 04 13 
04 89 00 
10 57 09 
04 8D 00 
04 AD 00 
10 57 10 
00 57 11 
04 0D 00 
04 2D 00 
04 2C 00 
04 0C 00 
00 01 01 
10 57 12 
00 01 00 
00 01 02 
10 57 13 
00 57 13 
10 57 14 
10 57 15 
00 57 15 
10 57 17 
00 57 18 
10 57 18 
