009      42 87 00 00 00 00 00 00 
008      0F 0A 00 00 00 00 00 00 
008      03 AA 00 00 00 00 00 00 
021      00 AB 03 00 00 00 00 00 
00A      00 7E 00 00 00 00 00 00 
008      10 0A 00 00 00 00 00 00 
008      00 82 00 01 00 00 00 00 
008      04 AA 00 00 00 00 00 00 
022      00 AB 04 00 00 00 00 00 
008      00 83 00 00 00 00 00 00 
008      00 84 00 00 00 00 00 00 
008      01 AA 00 00 00 00 00 00 
01F      00 AB 01 00 00 00 00 00 
008      00 85 00 00 00 20 20 31 
008      00 86 00 00 00 01 01 05 
008      14 0A 10 04 01 19 56 57 
008      01 BC 01 00 00 00 00 00 
008      02 AA 00 00 00 00 00 00 
020      00 AB 02 00 00 00 00 00 
008      00 01 01 00 00 01 0C 00 
008      01 0A 00 00 00 00 00 00 
008      02 0A 00 00 00 00 00 00 
008      03 0A 00 00 00 00 00 00 
008      04 0A 04 00 00 00 01 13 
008      05 0A 00 00 00 00 00 00 
008      14 0A 10 04 01 19 56 58 
008      06 0A 00 00 00 00 00 00 
008      07 0A 00 00 00 00 00 00 
008      08 0A 00 00 00 00 00 00 
008      09 0A 00 00 00 00 00 00 
008      0A 0A 00 00 00 19 56 58 
008      0B 0A 00 00 00 00 00 00 
00A      01 6E 04 00 00 00 00 00 
008      00 01 01 01 00 01 0C 00 
008      03 0A 08 00 00 00 00 00 
008      04 0A 04 00 00 01 01 13 
008      07 0A 08 00 00 00 00 00 
00A      00 6E 04 00 00 00 00 00 
008      09 0A 08 00 00 00 00 00 
008      00 01 01 02 00 01 0D 00 
008      0C 0A 00 00 00 00 00 00 
008      0D 0A 00 00 00 00 00 00 
008      0E 0A 00 00 00 00 00 00 
008      14 0A 10 04 01 19 56 59 
008      00 BC 01 00 00 00 00 00 
008      00 86 00 00 00 02 01 05 
008      14 0A 10 04 01 19 57 00 
008      0A 0A 00 00 00 19 57 00 
008      14 0A 10 04 01 19 57 01 
008      00 01 01 02 00 01 05 00 
008      00 82 00 00 00 00 00 00 
008      14 0A 10 04 01 19 57 02 
008      0A 0A 02 69 00 19 57 02 
008      00 01 01 02 00 01 01 00 
008      00 85 00 00 00 20 20 32 
008      00 01 02 02 00 02 01 00 
008      04 0A 04 00 00 01 02 13 
008      00 86 00 00 00 03 01 05 
008      14 0A 10 04 01 19 57 03 
008      00 BC 02 00 00 00 00 00 
008      00 01 02 02 00 02 09 00 
008      14 0A 10 04 01 19 57 04 
008      00 01 02 02 00 02 0D 00 
008      0A 0A 02 BB 02 19 57 04 
008      00 01 02 02 00 02 05 00 
008      14 0A 10 04 01 19 57 05 
008      00 85 00 00 00 20 20 33 
008      00 86 00 00 00 04 01 05 
008      00 01 03 02 00 03 01 00 
008      04 0A 04 00 00 01 03 13 
008      14 0A 10 04 01 19 57 06 
008      00 01 03 02 00 03 09 00 
008      00 BC 03 00 00 00 00 00 
008      0A 0A 02 BB 03 19 57 06 
008      00 01 03 02 00 03 0D 00 
008      00 01 03 02 00 03 05 00 
008      14 0A 10 04 01 19 57 07 
008      14 0A 10 04 01 19 57 08 
008      00 85 00 00 00 20 20 34 
008      00 01 04 02 00 04 01 00 
008      04 0A 04 00 00 01 04 13 
008      00 BC 04 00 00 00 00 00 
008      0A 0A 02 C6 05 19 57 08 
008      00 01 04 02 00 04 09 00 
008      01 82 00 00 00 00 00 00 
008      00 01 04 02 00 04 A9 00 
008      04 0A 06 00 00 01 04 13 
008      00 01 04 02 00 04 89 00 
008      14 0A 10 04 01 19 57 09 
008      01 82 00 01 00 00 00 00 
008      00 01 04 02 00 04 8D 00 
008      00 01 04 02 00 04 AD 00 
008      14 0A 10 04 01 19 57 10 
008      0A 0A 00 00 06 19 57 11 
008      00 01 04 01 00 04 0D 00 
008      04 0A 04 00 00 00 04 13 
008      00 01 04 01 00 04 2D 00 
008      00 01 04 04 00 04 2C 00 
008      00 01 04 04 00 04 0C 00 
008      04 0A 04 20 00 00 04 13 
008      10 82 00 01 00 00 00 00 
008      00 01 04 0C 00 04 0C 00 
008      00 01 04 0C 00 04 2C 00 
009      43 87 00 00 00 00 00 00 
008      00 86 00 00 00 04 01 01 
008      14 0A 10 04 01 19 57 12 
008      00 86 00 00 00 04 01 00 
008      01 BC 04 00 00 00 00 00 
009      41 87 00 00 00 00 00 00 
008      00 86 00 00 00 04 01 02 
008      14 0A 10 04 01 19 57 13 
008      0A 0A 00 00 06 19 57 13 
008      14 0A 10 04 01 19 57 14 
008      14 0A 10 04 01 19 57 15 
008      0A 0A 00 00 06 19 57 15 
008      08 82 00 01 00 00 00 00 
008      00 01 04 14 00 04 0C 00 
008      04 0A 04 40 00 00 04 13 
008      00 01 04 14 00 04 2C 00 
008      00 01 04 10 00 04 0C 00 
008      00 01 04 00 00 04 0C 00 
008      14 0A 10 04 01 19 57 17 
008      0A 0A 00 00 06 19 57 18 
008      14 0A 10 04 01 19 57 18 
