008      01 AA 00 00 00 00 00 00 
01F      00 AB 01 00 00 00 00 00 
00A      00 7E 00 00 00 00 00 00 
009      42 87 00 00 00 00 00 00 
008      0C 0A 00 00 00 00 00 00 
008      0D 0A 00 00 00 00 00 00 
008      02 AA 00 00 00 00 00 00 
020      00 AB 02 00 00 00 00 00 
008      0E 0A 00 00 00 00 00 00 
008      0F 0A 00 00 00 00 00 00 
008      03 AA 00 00 00 00 00 00 
021      00 AB 03 00 00 00 00 00 
008      10 0A 00 00 00 00 00 00 
008      20 82 00 01 00 00 00 00 
008      04 AA 00 00 00 00 00 00 
022      00 AB 04 00 00 00 00 00 
008      00 83 00 00 00 00 00 00 
008      00 84 00 00 00 00 00 00 
008      00 85 00 00 00 20 20 34 
008      00 86 00 00 00 04 01 05 
008      14 0A 10 04 01 19 56 04 
008      01 BC 04 00 00 00 00 00 
008      00 01 04 00 00 04 0C 00 
008      01 0A 00 00 00 00 00 00 
008      02 0A 00 00 00 00 00 00 
008      03 0A 00 00 00 00 00 00 
008      04 0A 00 00 00 00 04 13 
008      05 0A 00 00 00 00 00 00 
008      14 0A 10 04 01 19 56 05 
008      06 0A 00 00 00 00 00 00 
008      07 0A 00 00 00 00 00 00 
008      08 0A 00 00 00 00 00 00 
008      09 0A 00 00 00 00 00 00 
008      0A 0A 00 00 06 19 56 05 
008      0B 0A 00 00 00 00 00 00 
00A      01 6E 01 00 00 00 00 00 
008      00 01 04 04 00 04 0C 00 
008      03 0A 01 00 00 00 00 00 
008      04 0A 00 00 00 01 04 13 
008      07 0A 01 00 00 00 00 00 
00A      00 6E 01 00 00 00 00 00 
008      09 0A 01 00 00 00 00 00 
008      00 01 04 03 00 04 0E 00 
008      14 0A 10 04 01 19 56 06 
008      00 BC 04 00 00 00 00 00 
008      00 82 00 01 00 00 00 00 
008      04 0A 04 00 00 01 04 13 
008      14 0A 10 04 01 19 56 07 
008      00 86 00 00 00 03 01 05 
008      0A 0A 00 00 06 19 56 07 
008      14 0A 10 04 01 19 56 08 
008      14 0A 10 04 01 19 56 09 
008      00 01 04 03 00 04 0A 00 
008      00 82 00 00 00 00 00 00 
008      00 86 00 00 00 02 01 05 
008      0A 0A FE 07 05 19 56 09 
008      00 01 04 03 00 04 02 00 
008      14 0A 10 04 01 19 56 10 
008      00 01 03 03 00 03 02 00 
008      04 0A 04 00 00 01 03 13 
008      00 85 00 00 00 20 20 33 
008      14 0A 10 04 01 19 56 11 
008      00 01 03 03 00 03 06 00 
008      00 BC 03 00 00 00 00 00 
008      0A 0A FD 42 04 19 56 11 
008      00 01 03 03 00 03 0E 00 
008      00 01 03 03 00 03 0A 00 
008      14 0A 10 04 01 19 56 12 
008      14 0A 10 04 01 19 56 13 
008      00 85 00 00 00 20 20 32 
008      00 86 00 00 00 01 01 05 
008      00 01 02 03 00 02 02 00 
008      04 0A 04 00 00 01 02 13 
008      00 BC 02 00 00 00 00 00 
008      0A 0A FD 40 03 19 56 13 
008      00 01 02 03 00 02 06 00 
008      00 01 02 03 00 02 0E 00 
008      14 0A 10 04 01 19 56 14 
008      00 01 02 03 00 02 0A 00 
008      14 0A 10 04 01 19 56 15 
008      0A 0A FD 44 01 19 56 15 
008      00 01 01 03 00 01 02 00 
008      04 0A 04 00 00 01 01 13 
008      00 85 00 00 00 20 20 31 
008      00 01 01 03 00 01 06 00 
008      02 82 00 00 00 00 00 00 
008      00 01 01 03 00 01 56 00 
008      04 0A 05 00 00 01 01 13 
008      14 0A 10 04 01 19 56 17 
008      00 BC 01 00 00 00 00 00 
008      00 01 01 03 00 01 46 00 
008      02 82 00 01 00 00 00 00 
008      00 01 01 03 00 01 4E 00 
008      00 01 01 03 00 01 5E 00 
008      0A 0A FF BF 00 19 56 18 
008      04 0A 05 00 00 00 01 13 
008      00 01 01 04 00 01 0E 00 
008      04 0A 04 00 00 00 01 13 
008      00 01 01 04 00 01 1E 00 
008      00 01 01 01 00 01 1C 00 
008      00 01 01 01 00 01 0C 00 
008      14 0A 10 04 01 19 56 19 
008      10 82 00 01 00 00 00 00 
008      00 01 01 09 00 01 0C 00 
008      04 0A 04 20 00 00 01 13 
008      00 01 01 09 00 01 1C 00 
009      43 87 00 00 00 00 00 00 
008      00 86 00 00 00 01 01 01 
008      00 86 00 00 00 01 01 00 
008      14 0A 10 04 01 19 56 20 
009      41 87 00 00 00 00 00 00 
008      00 86 00 00 00 01 01 02 
008      01 BC 01 00 00 00 00 00 
008      0A 0A 00 00 00 19 56 20 
008      14 0A 10 04 01 19 56 21 
008      14 0A 10 04 01 19 56 22 
008      0A 0A 00 00 00 19 56 22 
008      08 82 00 01 00 00 00 00 
008      00 01 01 11 00 01 1C 00 
008      00 01 01 11 00 01 0C 00 
008      04 0A 04 40 00 00 01 13 
008      00 01 01 10 00 01 0C 00 
008      00 01 01 00 00 01 0C 00 
008      14 0A 10 04 01 19 56 24 
