00 00 00 
00 48 00 
04 00 00 
01 00 00 
02 00 00 
03 00 00 
00 20 31 
00 01 05 
10 48 01 
01 0C 00 
04 01 17 
00 48 02 
10 48 02 
10 48 03 
00 48 03 
10 48 04 
10 48 05 
00 48 05 
10 48 06 
00 48 07 
10 48 08 
01 0D 00 
00 48 09 
10 48 10 
00 48 11 
01 05 00 
10 48 12 
01 01 00 
00 20 32 
02 01 00 
04 02 17 
02 48 13 
02 09 00 
02 0D 00 
10 48 14 
02 05 00 
02 48 15 
00 20 33 
03 01 00 
04 03 17 
03 09 00 
10 48 16 
03 59 00 
05 03 17 
03 49 00 
03 4D 00 
03 5D 00 
00 48 17 
03 0D 00 
03 1D 00 
10 48 18 
03 1C 00 
03 0C 00 
10 48 19 
00 01 01 
00 01 00 
00 48 19 
00 01 02 
10 48 21 
00 48 22 
10 48 23 
10 48 24 
00 48 24 
10 48 25 
00 48 26 
10 48 27 
00 48 27 
10 48 28 
