3AF      03 00 00 00 00 00 00 F9 
03401010      5F 18 01 00 00 0A D2 00 
3AF      04 00 00 00 00 00 00 FE 
3AF      05 00 00 00 00 00 00 FF 
03401012      00 02 1A 87 00 00 00 00 
3AF      06 00 00 00 00 00 00 FC 
03401014      00 08 60 10 9B 02 00 00 
3AF      07 00 00 00 00 00 00 FD 
3AF      01 00 00 00 00 00 00 FB 
03401020      00 00 00 00 00 00 00 00 
3AF      02 00 00 00 00 00 00 F8 
3AF      03 00 00 00 00 00 00 F9 
03401030      00 00 00 00 00 00 00 00 
3AF      04 00 00 00 00 00 00 FE 
03401038      00 00 00 00 00 00 00 00 
3AF      05 00 00 00 00 00 00 FF 
3AF      06 00 00 00 00 00 00 FC 
03401040      00 00 00 00 00 00 00 00 
3AF      07 00 00 00 00 00 00 FD 
3AF      01 00 00 00 00 00 00 FB 
03401008      00 01 00 00 00 07 D0 03 
3AF      02 00 00 00 00 00 00 F8 
03401010      5F 18 01 00 00 0A D2 00 
3AF      03 00 00 00 00 00 00 F9 
3AF      04 00 00 00 00 00 00 FE 
03401012      00 02 1A 87 00 00 00 00 
3AF      05 00 00 00 00 00 00 FF 
3AF      06 00 00 00 00 00 00 FC 
03401014      00 08 60 10 9B 00 00 00 
3AF      07 00 00 00 00 00 00 FD 
03401020      00 00 00 00 00 00 00 00 
3AF      01 00 00 00 00 00 00 FB 
3AF      02 00 00 00 00 00 00 F8 
03401030      00 00 00 00 00 00 00 00 
3AF      03 00 00 00 00 00 00 F9 
3AF      04 00 00 00 00 00 00 FE 
03401038      00 00 00 00 00 00 00 00 
3AF      05 00 00 00 00 00 00 FF 
03401040      00 00 00 00 00 00 00 00 
3AF      06 00 00 00 00 00 00 FC 
3AF      07 00 00 00 00 00 00 FD 
03401008      00 01 00 00 00 07 D0 03 
3AF      01 00 00 00 00 00 00 FB 
3AF      02 00 00 00 00 00 00 F8 
03401010      5F 18 01 00 00 0A D2 00 
3AF      03 00 00 00 00 00 00 F9 
03401012      00 02 1A 87 00 00 00 00 
3AF      04 00 00 00 00 00 00 FE 
3AF      05 00 00 00 00 00 00 FF 
03401014      00 08 60 10 9B 00 00 00 
3AF      06 00 00 00 00 00 00 FC 
3AF      07 00 00 00 00 00 00 FD 
03401020      00 00 00 00 00 00 00 00 
3AF      01 00 00 00 00 00 00 FB 
03401030      00 00 00 00 00 00 00 00 
3AF      02 00 00 00 00 00 00 F8 
3AF      03 00 00 00 00 00 00 F9 
03401038      00 00 00 00 00 00 00 00 
3AF      04 00 00 00 00 00 00 FE 
3AF      05 00 00 00 00 00 00 FF 
03401040      00 00 00 00 00 00 00 00 
3AF      06 00 00 00 00 00 00 FC 
03401008      00 01 00 00 00 07 D0 03 
3AF      07 00 00 00 00 00 00 FD 
3AF      01 00 00 00 00 00 00 FB 
03401010      5F 18 01 00 00 0A D2 00 
3AF      02 00 00 00 00 00 00 F8 
3AF      03 00 00 00 00 00 00 F9 
03401012      00 02 1A 87 00 00 00 00 
3AF      04 00 00 00 00 00 00 FE 
03401014      00 08 60 10 9B 00 00 00 
3AF      05 00 00 00 00 00 00 FF 
3AF      06 00 00 00 00 00 00 FC 
03401020      00 00 00 00 00 00 00 00 
3AF      07 00 00 00 00 00 00 FD 
3AF      01 00 00 00 00 00 00 FB 
03401030      00 00 00 00 00 00 00 00 
3AF      02 00 00 00 00 00 00 F8 
03401038      00 00 00 00 00 00 00 00 
3AF      03 00 00 00 00 00 00 F9 
3AF      04 00 00 00 00 00 00 FE 
03401040      00 00 00 00 00 00 00 00 
3AF      05 00 00 00 00 00 00 FF 
3AF      06 00 00 00 00 00 00 FC 
03401008      00 01 00 00 00 07 D0 03 
3AF      07 00 00 00 00 00 00 FD 
03401010      5F 18 01 00 00 0A D2 00 
3AF      01 00 00 00 00 00 00 FB 
3AF      02 00 00 00 00 00 00 F8 
03401012      00 02 1A 87 00 00 00 00 
3AF      03 00 00 00 00 00 00 F9 
3AF      04 00 00 00 00 00 00 FE 
03401014      00 08 60 10 9B 00 00 00 
3AF      05 00 00 00 00 00 00 FF 
03401020      00 00 00 00 00 00 00 00 
3AF      06 00 00 00 00 00 00 FC 
3AF      07 00 00 00 00 00 00 FD 
03401030      00 00 00 00 00 00 00 00 
3AF      01 00 00 00 00 00 00 FB 
3AF      02 00 00 00 00 00 00 F8 
03401038      00 00 00 00 00 00 00 00 
3AF      03 00 00 00 00 00 00 F9 
03401040      00 00 00 00 00 00 00 00 
3AF      04 00 00 00 00 00 00 FE 
3AF      05 00 00 00 00 00 00 FF 
03401008      00 01 00 00 00 07 D0 03 
3AF      06 00 00 00 00 00 00 FC 
3AF      07 00 00 00 00 00 00 FD 
03401010      5F 18 01 00 00 0A D2 00 
3AF      01 00 00 00 00 00 00 FB 
03401012      00 02 1A 87 00 00 00 00 
3AF      02 00 00 00 00 00 00 F8 
3AF      03 00 00 00 00 00 00 F9 
03401014      00 08 60 10 9B 00 00 00 
3AF      04 00 00 00 00 00 00 FE 
3AF      05 00 00 00 00 00 00 FF 
03401020      00 00 00 00 00 00 00 00 
3AF      06 00 00 00 00 00 00 FC 
03401030      00 00 00 00 00 00 00 00 
3AF      07 00 00 00 00 00 00 FD 
3AF      01 00 00 00 00 00 00 FB 
03401038      00 00 00 00 00 00 00 00 
3AF      02 00 00 00 00 00 00 F8 
3AF      03 00 00 00 00 00 00 F9 
03401040      00 00 00 00 00 00 00 00 
3AF      04 00 00 00 00 00 00 FE 
03401008      00 01 00 00 00 07 D0 03 
3AF      05 00 00 00 00 00 00 FF 
3AF      06 00 00 00 00 00 00 FC 
03401010      5F 18 01 00 00 0A D2 00 
3AF      07 00 00 00 00 00 00 FD 
3AF      01 00 00 00 00 00 00 FB 
03401012      00 02 1A 87 00 00 00 00 
3AF      02 00 00 00 00 00 00 F8 
03401014      00 08 60 10 9B 00 00 00 
3AF      03 00 00 00 00 00 00 F9 
3AF      04 00 00 00 00 00 00 FE 
03401020      00 00 00 00 00 00 00 00 
3AF      05 00 00 00 00 00 00 FF 
3AF      06 00 00 00 00 00 00 FC 
03401030      00 00 00 00 00 00 00 00 
3AF      07 00 00 00 00 00 00 FD 
03401038      00 00 00 00 00 00 00 00 
3AF      01 00 00 00 00 00 00 FB 
3AF      02 00 00 00 00 00 00 F8 
03401040      00 00 00 00 00 00 00 00 
3AF      03 00 00 00 00 00 00 F9 
3AF      04 00 00 00 00 00 00 FE 
03401008      00 01 00 00 00 07 D0 03 
3AF      05 00 00 00 00 00 00 FF 
03401010      5F 18 01 00 00 0A D2 00 
3AF      06 00 00 00 00 00 00 FC 
3AF      07 00 00 00 00 00 00 FD 
03401012      00 02 1A 87 00 00 00 00 
3AF      01 00 00 00 00 00 00 FB 
3AF      02 00 00 00 00 00 00 F8 
03401014      00 08 60 10 9B 00 00 00 
3AF      03 00 00 00 00 00 00 F9 
03401020      00 00 00 00 00 00 00 00 
3AF      04 00 00 00 00 00 00 FE 
3AF      05 00 00 00 00 00 00 FF 
03401030      00 00 00 00 00 00 00 00 
3AF      06 00 00 00 00 00 00 FC 
3AF      07 00 00 00 00 00 00 FD 
03401038      00 00 00 00 00 00 00 00 
3AF      01 00 00 00 00 00 00 FB 
03401040      00 00 00 00 00 00 00 00 
3AF      02 00 00 00 00 00 00 F8 
3AF      03 00 00 00 00 00 00 F9 
03401008      00 01 00 00 00 07 D0 03 
3AF      04 00 00 00 00 00 00 FE 
3AF      05 00 00 00 00 00 00 FF 
03401010      5F 18 01 00 00 0A D2 00 
3AF      06 00 00 00 00 00 00 FC 
03401012      00 02 1A 87 00 00 00 00 
3AF      07 00 00 00 00 00 00 FD 
3AF      01 00 00 00 00 00 00 FB 
03401014      00 00 60 00 98 01 20 00 
3AF      02 00 00 00 00 00 00 F8 
3AF      03 00 00 00 00 00 00 F9 
03401020      00 00 00 00 00 00 00 00 
3AF      04 00 00 00 00 00 00 FE 
03401030      00 00 00 00 00 00 00 00 
3AF      05 00 00 00 00 00 00 FF 
3AF      06 00 00 00 00 00 00 FC 
03401038      00 00 00 00 00 00 00 00 
3AF      07 00 00 00 00 00 00 FD 
3AF      01 00 00 00 00 00 00 FB 
03401040      00 00 00 00 00 00 00 00 
3AF      02 00 00 00 00 00 00 F8 
03401008      00 01 00 00 00 07 D0 03 
3AF      03 00 00 00 00 00 00 F9 
3AF      04 00 00 00 00 00 00 FE 
03401010      5F 18 01 00 00 0A D2 00 
3AF      05 00 00 00 00 00 00 FF 
3AF      06 00 00 00 00 00 00 FC 
03401012      00 02 1A 87 00 00 00 00 
3AF      07 00 00 00 00 00 00 FD 
03401014      00 00 60 00 98 01 20 00 
3AF      01 00 00 00 00 00 00 FB 
3AF      02 00 00 00 00 00 00 F8 
03401020      00 00 00 00 00 00 00 00 
3AF      03 00 00 00 00 00 00 F9 
3AF      04 00 00 00 00 00 00 FE 
03401030      00 00 00 00 00 00 00 00 
3AF      05 00 00 00 00 00 00 FF 
03401038      00 00 00 00 00 00 00 00 
3AF      06 00 00 00 00 00 00 FC 
3AF      07 00 00 00 00 00 00 FD 
03401040      00 00 00 00 00 00 00 00 
3AF      01 00 00 00 00 00 00 FB 
3AF      02 00 00 00 00 00 00 F8 
03401008      00 01 00 00 00 07 D0 03 
3AF      03 00 00 00 00 00 00 F9 
03401010      5F 18 01 00 00 0A D2 00 
3AF      04 00 00 00 00 00 00 FE 
3AF      05 00 00 00 00 00 00 FF 
03401012      00 02 1A 87 00 00 00 00 
3AF      06 00 00 00 00 00 00 FC 
3AF      07 00 00 00 00 00 00 FD 
03401014      00 00 60 00 98 01 20 00 
3AF      01 00 00 00 00 00 00 FB 
03401020      00 00 00 00 00 00 00 00 
3AF      02 00 00 00 00 00 00 F8 
3AF      03 00 00 00 00 00 00 F9 
03401030      00 00 00 00 00 00 00 00 
3AF      04 00 00 00 00 00 00 FE 
3AF      05 00 00 00 00 00 00 FF 
03401038      00 00 00 00 00 00 00 00 
3AF      06 00 00 00 00 00 00 FC 
03401040      00 00 00 00 00 00 00 00 
3AF      07 00 00 00 00 00 00 FD 
3AF      01 00 00 00 00 00 00 FB 
03401008      00 01 00 00 00 07 D0 03 
3AF      02 00 00 00 00 00 00 F8 
3AF      03 00 00 00 00 00 00 F9 
03401010      5F 18 01 00 00 0A D2 00 
3AF      04 00 00 00 00 00 00 FE 
03401012      00 02 1A 87 00 00 00 00 
3AF      05 00 00 00 00 00 00 FF 
3AF      06 00 00 00 00 00 00 FC 
03401014      00 00 60 00 98 01 20 00 
3AF      07 00 00 00 00 00 00 FD 
3AF      01 00 00 00 00 00 00 FB 
03401020      00 00 00 00 00 00 00 00 
3AF      02 00 00 00 00 00 00 F8 
03401030      00 00 00 00 00 00 00 00 
3AF      03 00 00 00 00 00 00 F9 
3AF      04 00 00 00 00 00 00 FE 
03401038      00 00 00 00 00 00 00 00 
3AF      05 00 00 00 00 00 00 FF 
3AF      06 00 00 00 00 00 00 FC 
03401040      00 00 00 00 00 00 00 00 
3AF      07 00 00 00 00 00 00 FD 
03401008      00 01 00 00 00 07 D0 03 
3AF      01 00 00 00 00 00 00 FB 
3AF      02 00 00 00 00 00 00 F8 
03401010      5F 18 01 00 00 0A D2 00 
3AF      03 00 00 00 00 00 00 F9 
3AF      04 00 00 00 00 00 00 FE 
03401012      00 02 1A 87 00 00 00 00 
3AF      05 00 00 00 00 00 00 FF 
03401014      00 00 60 00 98 01 20 00 
3AF      06 00 00 00 00 00 00 FC 
3AF      07 00 00 00 00 00 00 FD 
03401020      00 00 00 00 00 00 00 00 
3AF      01 00 00 00 00 00 00 FB 
3AF      02 00 00 00 00 00 00 F8 
03401030      00 00 00 00 00 00 00 00 
3AF      03 00 00 00 00 00 00 F9 
03401038      00 00 00 00 00 00 00 00 
3AF      04 00 00 00 00 00 00 FE 
3AF      05 00 00 00 00 00 00 FF 
03401040      00 00 00 00 00 00 00 00 
3AF      06 00 00 00 00 00 00 FC 
3AF      07 00 00 00 00 00 00 FD 
03401008      00 01 00 00 00 07 D0 03 
3AF      01 00 00 00 00 00 00 FB 
03401010      5F 18 01 00 00 0A D2 00 
3AF      02 00 00 00 00 00 00 F8 
3AF      03 00 00 00 00 00 00 F9 
03401012      00 02 1A 87 00 00 00 00 
3AF      04 00 00 00 00 00 00 FE 
3AF      05 00 00 00 00 00 00 FF 
03401014      00 00 60 00 98 01 20 00 
03401020      00 00 00 00 00 00 00 00 
3AF      07 00 00 00 00 00 00 FD 
3AF      01 00 00 00 00 00 00 FB 
03401030      00 00 00 00 00 00 00 00 
3AF      02 00 00 00 00 00 00 F8 
3AF      03 00 00 00 00 00 00 F9 
03401038      00 00 00 00 00 00 00 00 
3AF      04 00 00 00 00 00 00 FE 
03401040      00 00 00 00 00 00 00 00 
3AF      05 00 00 00 00 00 00 FF 
3AF      06 00 00 00 00 00 00 FC 
03401008      00 01 00 00 00 07 D0 03 
3AF      07 00 00 00 00 00 00 FD 
3AF      01 00 00 00 00 00 00 FB 
03401010      5F 18 01 00 00 0A D2 00 
3AF      02 00 00 00 00 00 00 F8 
03401012      00 02 1A 87 00 00 00 00 
3AF      03 00 00 00 00 00 00 F9 
3AF      04 00 00 00 00 00 00 FE 
03401014      00 00 60 00 98 01 20 00 
3AF      05 00 00 00 00 00 00 FF 
3AF      06 00 00 00 00 00 00 FC 
03401020      00 00 00 00 00 00 00 00 
3AF      07 00 00 00 00 00 00 FD 
03401030      00 00 00 00 00 00 00 00 
3AF      01 00 00 00 00 00 00 FB 
3AF      02 00 00 00 00 00 00 F8 
03401038      00 00 00 00 00 00 00 00 
3AF      03 00 00 00 00 00 00 F9 
3AF      04 00 00 00 00 00 00 FE 
03401040      00 00 00 00 00 00 00 00 
3AF      05 00 00 00 00 00 00 FF 
03401008      00 01 00 00 00 07 D0 03 
3AF      06 00 00 00 00 00 00 FC 
3AF      07 00 00 00 00 00 00 FD 
03401010      5F 18 01 00 00 0A D2 00 
3AF      01 00 00 00 00 00 00 FB 
3AF      02 00 00 00 00 00 00 F8 
03401012      00 02 1A 87 00 00 00 00 
3AF      03 00 00 00 00 00 00 F9 
03401014      00 00 60 00 98 01 20 00 
3AF      04 00 00 00 00 00 00 FE 
3AF      05 00 00 00 00 00 00 FF 
03401020      00 00 00 00 00 00 00 00 
3AF      06 00 00 00 00 00 00 FC 
3AF      07 00 00 00 00 00 00 FD 
03401030      00 00 00 00 00 00 00 00 
3AF      01 00 00 00 00 00 00 FB 
03401038      00 00 00 00 00 00 00 00 
3AF      02 00 00 00 00 00 00 F8 
3AF      03 00 00 00 00 00 00 F9 
03401040      00 00 00 00 00 00 00 00 
3AF      04 00 00 00 00 00 00 FE 
3AF      05 00 00 00 00 00 00 FF 
03401008      00 01 00 00 00 07 D0 03 
3AF      06 00 00 00 00 00 00 FC 
03401010      5F 18 01 00 00 0A D2 00 
3AF      07 00 00 00 00 00 00 FD 
3AF      01 00 00 00 00 00 00 FB 
03401012      00 02 1A 87 00 00 00 00 
3AF      02 00 00 00 00 00 00 F8 
3AF      03 00 00 00 00 00 00 F9 
03401014      00 00 60 00 98 01 20 00 
3AF      04 00 00 00 00 00 00 FE 
03401020      00 00 00 00 00 00 00 00 
3AF      05 00 00 00 00 00 00 FF 
3AF      06 00 00 00 00 00 00 FC 
03401030      00 00 00 00 00 00 00 00 
3AF      07 00 00 00 00 00 00 FD 
3AF      01 00 00 00 00 00 00 FB 
03401038      00 00 00 00 00 00 00 00 
3AF      02 00 00 00 00 00 00 F8 
03401040      00 00 00 00 00 00 00 00 
3AF      03 00 00 00 00 00 00 F9 
3AF      04 00 00 00 00 00 00 FE 
03401008      00 01 00 00 00 07 D0 03 
3AF      05 00 00 00 00 00 00 FF 
3AF      06 00 00 00 00 00 00 FC 
03401010      5F 18 01 00 00 0A D2 00 
3AF      07 00 00 00 00 00 00 FD 
03401012      00 02 1A 87 00 00 00 00 
3AF      01 00 00 00 00 00 00 FB 
3AF      02 00 00 00 00 00 00 F8 
03401014      00 00 60 00 98 01 20 00 
3AF      03 00 00 00 00 00 00 F9 
3AF      04 00 00 00 00 00 00 FE 
03401020      00 00 00 00 00 00 00 00 
3AF      05 00 00 00 00 00 00 FF 
03401030      00 00 00 00 00 00 00 00 
3AF      06 00 00 00 00 00 00 FC 
3AF      07 00 00 00 00 00 00 FD 
03401038      00 00 00 00 00 00 00 00 
3AF      01 00 00 00 00 00 00 FB 
3AF      02 00 00 00 00 00 00 F8 
03401040      00 00 00 00 00 00 00 00 
3AF      03 00 00 00 00 00 00 F9 
03401008      00 01 00 00 00 07 D0 03 
3AF      04 00 00 00 00 00 00 FE 
3AF      05 00 00 00 00 00 00 FF 
03401010      5F 18 01 00 00 0A D2 00 
3AF      06 00 00 00 00 00 00 FC 
3AF      07 00 00 00 00 00 00 FD 
03401012      00 02 1A 87 00 00 00 00 
3AF      01 00 00 00 00 00 00 FB 
03401014      00 00 60 00 98 01 20 00 
3AF      02 00 00 00 00 00 00 F8 
3AF      03 00 00 00 00 00 00 F9 
03401020      00 00 00 00 00 00 00 00 
3AF      04 00 00 00 00 00 00 FE 
3AF      05 00 00 00 00 00 00 FF 
03401030      00 00 00 00 00 00 00 00 
3AF      06 00 00 00 00 00 00 FC 
03401038      00 00 00 00 00 00 00 00 
3AF      07 00 00 00 00 00 00 FD 
3AF      01 00 00 00 00 00 00 FB 
03401040      00 00 00 00 00 00 00 00 
3AF      02 00 00 00 00 00 00 F8 
3AF      03 00 00 00 00 00 00 F9 
03401008      00 01 00 00 00 07 D0 03 
3AF      04 00 00 00 00 00 00 FE 
03401010      5F 18 01 00 00 0A D2 00 
3AF      05 00 00 00 00 00 00 FF 
3AF      06 00 00 00 00 00 00 FC 
03401012      00 02 1A 87 00 00 00 00 
3AF      07 00 00 00 00 00 00 FD 
3AF      01 00 00 00 00 00 00 FB 
03401014      00 00 60 00 98 01 20 00 
3AF      02 00 00 00 00 00 00 F8 
03401020      00 00 00 00 00 00 00 00 
3AF      03 00 00 00 00 00 00 F9 
3AF      04 00 00 00 00 00 00 FE 
03401030      00 00 00 00 00 00 00 00 
3AF      05 00 00 00 00 00 00 FF 
3AF      06 00 00 00 00 00 00 FC 
03401038      00 00 00 00 00 00 00 00 
3AF      07 00 00 00 00 00 00 FD 
03401040      00 00 00 00 00 00 00 00 
3AF      01 00 00 00 00 00 00 FB 
3AF      02 00 00 00 00 00 00 F8 
03401008      00 01 00 00 00 07 D0 03 
3AF      03 00 00 00 00 00 00 F9 
3AF      04 00 00 00 00 00 00 FE 
03401010      5F 18 01 00 00 0A D2 00 
3AF      05 00 00 00 00 00 00 FF 
03401012      00 02 1A 87 00 00 00 00 
3AF      06 00 00 00 00 00 00 FC 
3AF      07 00 00 00 00 00 00 FD 
03401014      00 00 60 00 98 01 20 00 
3AF      01 00 00 00 00 00 00 FB 
3AF      02 00 00 00 00 00 00 F8 
03401020      00 00 00 00 00 00 00 00 
3AF      03 00 00 00 00 00 00 F9 
03401030      00 00 00 00 00 00 00 00 
3AF      04 00 00 00 00 00 00 FE 
3AF      05 00 00 00 00 00 00 FF 
03401038      00 00 00 00 00 00 00 00 
3AF      06 00 00 00 00 00 00 FC 
3AF      07 00 00 00 00 00 00 FD 
03401040      00 00 00 00 00 00 00 00 
3AF      01 00 00 00 00 00 00 FB 
03401008      00 01 00 00 00 07 D0 03 
3AF      02 00 00 00 00 00 00 F8 
3AF      03 00 00 00 00 00 00 F9 
03401010      5F 18 01 00 00 0A D2 00 
3AF      04 00 00 00 00 00 00 FE 
3AF      05 00 00 00 00 00 00 FF 
03401012      00 02 1A 87 00 00 00 00 
3AF      06 00 00 00 00 00 00 FC 
03401014      00 00 60 00 98 01 20 00 
3AF      07 00 00 00 00 00 00 FD 
3AF      01 00 00 00 00 00 00 FB 
03401020      00 00 00 00 00 00 00 00 
3AF      02 00 00 00 00 00 00 F8 
3AF      03 00 00 00 00 00 00 F9 
03401030      00 00 00 00 00 00 00 00 
3AF      04 00 00 00 00 00 00 FE 
03401038      00 00 00 00 00 00 00 00 
3AF      05 00 00 00 00 00 00 FF 
3AF      06 00 00 00 00 00 00 FC 
03401040      00 00 00 00 00 00 00 00 
3AF      07 00 00 00 00 00 00 FD 
3AF      01 00 00 00 00 00 00 FB 
03401008      00 01 00 00 00 07 D0 03 
3AF      02 00 00 00 00 00 00 F8 
03401010      5F 18 01 00 00 0A D2 00 
3AF      03 00 00 00 00 00 00 F9 
3AF      04 00 00 00 00 00 00 FE 
03401012      00 02 1A 87 00 00 00 00 
3AF      05 00 00 00 00 00 00 FF 
3AF      06 00 00 00 00 00 00 FC 
03401014      00 00 60 00 98 01 20 00 
3AF      07 00 00 00 00 00 00 FD 
03401020      00 00 00 00 00 00 00 00 
3AF      01 00 00 00 00 00 00 FB 
3AF      02 00 00 00 00 00 00 F8 
03401030      08 00 00 00 00 00 00 00 
3AF      03 00 00 00 00 00 00 F9 
3AF      04 00 00 00 00 00 00 FE 
03401038      00 00 00 00 00 00 00 00 
3AF      05 00 00 00 00 00 00 FF 
03401040      00 00 00 00 00 00 00 00 
3AF      06 00 00 00 00 00 00 FC 
3AF      07 00 00 00 00 00 00 FD 
03401008      00 01 00 00 00 07 D0 03 
3AF      01 00 00 00 00 00 00 FB 
3AF      02 00 00 00 00 00 00 F8 
03401010      5F 18 01 00 00 0A D2 00 
3AF      03 00 00 00 00 00 00 F9 
03401012      00 02 1A 88 00 00 00 00 
3AF      04 00 00 00 00 00 00 FE 
3AF      05 00 00 00 00 00 00 FF 
03401014      00 12 60 14 18 01 20 00 
3AF      06 00 00 00 00 00 00 FC 
3AF      07 00 00 00 00 00 00 FD 
03401020      00 00 00 00 00 00 00 00 
3AF      01 00 00 00 00 00 00 FB 
03401030      08 00 00 00 00 00 00 00 
3AF      02 00 00 00 00 00 00 F8 
3AF      03 00 00 00 00 00 00 F9 
03401038      00 00 00 00 00 00 00 00 
3AF      04 00 00 00 00 00 00 FE 
3AF      05 00 00 00 00 00 00 FF 
03401040      00 00 00 00 00 00 00 00 
3AF      06 00 00 00 00 00 00 FC 
03401008      00 01 00 00 00 07 D0 03 
3AF      07 00 00 00 00 00 00 FD 
3AF      01 00 00 00 00 00 00 FB 
03401010      5F 18 01 00 00 0A D2 00 
3AF      02 00 00 00 00 00 00 F8 
3AF      03 00 00 00 00 00 00 F9 
03401012      00 02 1A 88 00 00 00 00 
3AF      04 00 00 00 00 00 00 FE 
03401014      00 12 60 14 18 01 20 00 
3AF      05 00 00 00 00 00 00 FF 
3AF      06 00 00 00 00 00 00 FC 
03401020      00 00 00 00 00 00 00 00 
3AF      07 00 00 00 00 00 00 FD 
3AF      01 00 00 00 00 00 00 FB 
03401030      08 00 00 00 00 00 00 00 
3AF      02 00 00 00 00 00 00 F8 
03401038      00 00 00 00 00 00 00 00 
3AF      03 00 00 00 00 00 00 F9 
3AF      04 00 00 00 00 00 00 FE 
03401040      00 00 00 00 00 00 00 00 
3AF      05 00 00 00 00 00 00 FF 
3AF      06 00 00 00 00 00 00 FC 
03401008      00 01 00 00 05 07 D0 03 
3AF      07 00 00 00 00 00 00 FD 
03401010      5F 18 01 00 00 0A D2 00 
3AF      01 00 00 00 00 00 00 FB 
3AF      02 00 00 00 00 00 00 F8 
03401012      00 02 1A 88 00 00 00 00 
3AF      03 00 00 00 00 00 00 F9 
3AF      04 00 00 00 00 00 00 FE 
03401014      00 12 60 17 18 01 20 00 
3AF      05 00 00 00 00 00 00 FF 
03401020      00 00 00 00 00 00 00 00 
3AF      06 00 00 00 00 00 00 FC 
3AF      07 00 00 00 00 00 00 FD 
03401030      08 00 00 00 00 00 00 00 
3AF      01 00 00 00 00 00 00 FB 
3AF      02 00 00 00 00 00 00 F8 
03401038      00 00 00 00 00 00 00 00 
3AF      03 00 00 00 00 00 00 F9 
03401040      00 00 00 00 00 00 00 00 
3AF      04 00 00 00 00 00 00 FE 
3AF      05 00 00 00 00 00 00 FF 
03401008      00 01 00 00 0B 07 D0 03 
3AF      06 00 00 00 00 00 00 FC 
3AF      07 00 00 00 00 00 00 FD 
03401010      5F 18 01 00 00 0A D2 00 
3AF      01 00 00 00 00 00 00 FB 
03401012      00 02 1A 88 00 00 00 00 
3AF      02 00 00 00 00 00 00 F8 
3AF      03 00 00 00 00 00 00 F9 
03401014      00 12 60 17 18 01 20 00 
3AF      04 00 00 00 00 00 00 FE 
3AF      05 00 00 00 00 00 00 FF 
03401020      00 00 00 00 00 00 00 00 
3AF      06 00 00 00 00 00 00 FC 
03401030      08 00 00 00 00 00 00 00 
3AF      07 00 00 00 00 00 00 FD 
3AF      01 00 00 00 00 00 00 FB 
03401038      00 00 00 00 00 00 00 00 
3AF      02 00 00 00 00 00 00 F8 
3AF      03 00 00 00 00 00 00 F9 
03401040      00 00 00 00 00 00 00 00 
3AF      04 00 00 00 00 00 00 FE 
03401008      00 01 00 00 05 07 D0 03 
3AF      05 00 00 00 00 00 00 FF 
3AF      06 00 00 00 00 00 00 FC 
03401010      5F 18 01 00 00 0A D2 00 
3AF      07 00 00 00 00 00 00 FD 
3AF      01 00 00 00 00 00 00 FB 
03401012      00 02 1A 88 00 00 00 00 
3AF      02 00 00 00 00 00 00 F8 
03401014      00 12 60 17 10 01 20 00 
3AF      03 00 00 00 00 00 00 F9 
3AF      04 00 00 00 00 00 00 FE 
03401020      00 00 00 00 00 00 00 00 
3AF      05 00 00 00 00 00 00 FF 
3AF      06 00 00 00 00 00 00 FC 
03401030      08 00 00 00 00 00 00 00 
3AF      07 00 00 00 00 00 00 FD 
03401038      00 00 00 00 00 00 00 00 
3AF      01 00 00 00 00 00 00 FB 
3AF      02 00 00 00 00 00 00 F8 
03401040      00 00 00 00 00 00 00 00 
3AF      03 00 00 00 00 00 00 F9 
3AF      04 00 00 00 00 00 00 FE 
03401008      00 01 00 00 33 07 D0 03 
3AF      05 00 00 00 00 00 00 FF 
03401010      5F 18 01 00 00 0A D2 00 
3AF      06 00 00 00 00 00 00 FC 
3AF      07 00 00 00 00 00 00 FD 
03401012      00 02 1A 88 00 00 00 00 
3AF      01 00 00 00 00 00 00 FB 
3AF      02 00 00 00 00 00 00 F8 
03401014      00 12 60 17 10 01 20 00 
3AF      03 00 00 00 00 00 00 F9 
03401020      00 00 00 00 00 00 00 00 
3AF      04 00 00 00 00 00 00 FE 
3AF      05 00 00 00 00 00 00 FF 
03401030      08 00 00 00 00 00 00 00 
3AF      06 00 00 00 00 00 00 FC 
3AF      07 00 00 00 00 00 00 FD 
03401038      00 00 00 00 00 00 00 00 
3AF      01 00 00 00 00 00 00 FB 
03401040      00 00 00 00 00 00 00 00 
3AF      02 00 00 00 00 00 00 F8 
3AF      03 00 00 00 00 00 00 F9 
03401008      00 01 00 00 C6 07 D0 03 
3AF      04 00 00 00 00 00 00 FE 
3AF      05 00 00 00 00 00 00 FF 
03401010      5F 18 01 00 00 0A D2 00 
3AF      06 00 00 00 00 00 00 FC 
03401012      00 02 1A 88 00 00 00 00 
3AF      07 00 00 00 00 00 00 FD 
3AF      01 00 00 00 00 00 00 FB 
03401014      00 12 60 17 10 01 20 00 
3AF      02 00 00 00 00 00 00 F8 
3AF      03 00 00 00 00 00 00 F9 
03401020      00 00 00 00 00 00 00 00 
3AF      04 00 00 00 00 00 00 FE 
03401030      08 00 00 00 00 00 00 00 
3AF      05 00 00 00 00 00 00 FF 
3AF      06 00 00 00 00 00 00 FC 
03401038      00 00 00 00 00 00 00 00 
3AF      07 00 00 00 00 00 00 FD 
3AF      01 00 00 00 00 00 00 FB 
03401040      00 00 00 00 00 00 00 00 
3AF      02 00 00 00 00 00 00 F8 
03401008      00 01 00 01 93 07 D0 03 
3AF      03 00 00 00 00 00 00 F9 
3AF      04 00 00 00 00 00 00 FE 
03401010      5F 18 01 00 00 0A D2 00 
3AF      05 00 00 00 00 00 00 FF 
3AF      06 00 00 00 00 00 00 FC 
03401012      00 02 1A 88 00 00 00 00 
3AF      07 00 00 00 00 00 00 FD 
03401014      00 12 60 17 00 01 20 00 
3AF      01 00 00 00 00 00 00 FB 
3AF      02 00 00 00 00 00 00 F8 
03401020      00 00 00 00 00 00 00 00 
3AF      03 00 00 00 00 00 00 F9 
3AF      04 00 00 00 00 00 00 FE 
03401030      08 00 00 00 00 00 00 00 
3AF      05 00 00 00 00 00 00 FF 
03401038      00 00 00 00 00 00 00 00 
3AF      06 00 00 00 00 00 00 FC 
3AF      07 00 00 00 00 00 00 FD 
03401040      00 00 00 00 00 00 00 00 
3AF      01 00 00 00 00 00 00 FB 
3AF      02 00 00 00 00 00 00 F8 
03401008      00 01 00 02 7C 07 D0 03 
3AF      03 00 00 00 00 00 00 F9 
03401010      5F 18 01 00 00 0A D2 00 
3AF      04 00 00 00 00 00 00 FE 
3AF      05 00 00 00 00 00 00 FF 
03401012      00 02 1A 88 00 00 00 00 
3AF      06 00 00 00 00 00 00 FC 
3AF      07 00 00 00 00 00 00 FD 
03401014      00 12 60 17 00 01 20 00 
3AF      01 00 00 00 00 00 00 FB 
03401020      00 00 00 00 00 00 00 00 
3AF      02 00 00 00 00 00 00 F8 
3AF      03 00 00 00 00 00 00 F9 
03401030      08 00 00 00 00 00 00 00 
3AF      04 00 00 00 00 00 00 FE 
3AF      05 00 00 00 00 00 00 FF 
03401038      00 00 00 00 00 00 00 00 
3AF      06 00 00 00 00 00 00 FC 
03401040      00 00 00 00 00 00 00 00 
3AF      07 00 00 00 00 00 00 FD 
3AF      01 00 00 00 00 00 00 FB 
03401008      00 01 00 03 59 07 D0 03 
3AF      02 00 00 00 00 00 00 F8 
3AF      03 00 00 00 00 00 00 F9 
03401010      5F 18 01 00 00 0A D2 00 
3AF      04 00 00 00 00 00 00 FE 
03401012      00 02 1A 88 00 00 00 00 
3AF      05 00 00 00 00 00 00 FF 
3AF      06 00 00 00 00 00 00 FC 
03401014      00 12 60 17 00 01 20 00 
3AF      07 00 00 00 00 00 00 FD 
3AF      01 00 00 00 00 00 00 FB 
03401020      00 00 00 00 00 00 00 00 
3AF      02 00 00 00 00 00 00 F8 
03401030      08 00 00 00 00 00 00 00 
3AF      03 00 00 00 00 00 00 F9 
3AF      04 00 00 00 00 00 00 FE 
03401038      00 00 00 00 00 00 00 00 
3AF      05 00 00 00 00 00 00 FF 
3AF      06 00 00 00 00 00 00 FC 
03401040      00 00 00 00 00 00 00 00 
3AF      07 00 00 00 00 00 00 FD 
03401008      00 01 00 04 2C 07 D0 03 
3AF      01 00 00 00 00 00 00 FB 
3AF      02 00 00 00 00 00 00 F8 
03401010      5F 18 01 00 00 0A D2 00 
3AF      03 00 00 00 00 00 00 F9 
3AF      04 00 00 00 00 00 00 FE 
03401012      00 02 1A 88 00 00 00 00 
3AF      05 00 00 00 00 00 00 FF 
03401014      00 12 60 17 00 01 20 00 
3AF      06 00 00 00 00 00 00 FC 
3AF      07 00 00 00 00 00 00 FD 
03401020      00 00 00 00 00 00 00 00 
3AF      01 00 00 00 00 00 00 FB 
3AF      02 00 00 00 00 00 00 F8 
03401030      08 00 00 00 00 00 00 00 
3AF      03 00 00 00 00 00 00 F9 
03401038      00 00 00 00 00 00 00 00 
3AF      04 00 00 00 00 00 00 FE 
3AF      05 00 00 00 00 00 00 FF 
03401040      00 00 00 00 00 00 00 00 
3AF      06 00 00 00 00 00 00 FC 
3AF      07 00 00 00 00 00 00 FD 
03401008      00 01 00 05 0F 07 D0 03 
3AF      01 00 00 00 00 00 00 FB 
03401010      5F 18 01 00 00 0A D2 00 
3AF      02 00 00 00 00 00 00 F8 
3AF      03 00 00 00 00 00 00 F9 
03401012      00 02 1A 88 00 00 00 00 
3AF      04 00 00 00 00 00 00 FE 
3AF      05 00 00 00 00 00 00 FF 
03401014      00 12 60 17 00 01 20 00 
3AF      06 00 00 00 00 00 00 FC 
03401020      00 00 00 00 00 00 00 00 
3AF      07 00 00 00 00 00 00 FD 
3AF      01 00 00 00 00 00 00 FB 
03401030      08 00 00 00 00 00 00 00 
3AF      02 00 00 00 00 00 00 F8 
3AF      03 00 00 00 00 00 00 F9 
03401038      00 00 00 00 00 00 00 00 
3AF      04 00 00 00 00 00 00 FE 
03401040      00 00 00 00 00 00 00 00 
3AF      05 00 00 00 00 00 00 FF 
3AF      06 00 00 00 00 00 00 FC 
03401008      00 01 00 05 D6 07 D0 03 
3AF      07 00 00 00 00 00 00 FD 
3AF      01 00 00 00 00 00 00 FB 
03401010      5F 18 01 00 00 0A D2 00 
3AF      02 00 00 00 00 00 00 F8 
03401012      00 02 1A 88 00 00 00 00 
3AF      03 00 00 00 00 00 00 F9 
3AF      04 00 00 00 00 00 00 FE 
03401014      00 12 60 17 00 01 20 00 
3AF      05 00 00 00 00 00 00 FF 
3AF      06 00 00 00 00 00 00 FC 
03401020      00 00 00 00 00 00 00 00 
3AF      07 00 00 00 00 00 00 FD 
03401030      08 00 00 00 00 00 00 00 
3AF      01 00 00 00 00 00 00 FB 
3AF      02 00 00 00 00 00 00 F8 
03401038      00 00 00 00 00 00 00 00 
3AF      03 00 00 00 00 00 00 F9 
3AF      04 00 00 00 00 00 00 FE 
03401040      00 00 00 00 00 00 00 00 
3AF      05 00 00 00 00 00 00 FF 
03401008      00 01 00 06 42 07 D0 03 
3AF      06 00 00 00 00 00 00 FC 
3AF      07 00 00 00 00 00 00 FD 
03401010      5F 18 01 00 00 0A D2 00 
3AF      01 00 00 00 00 00 00 FB 
3AF      02 00 00 00 00 00 00 F8 
03401012      00 02 1A 88 00 00 00 00 
3AF      03 00 00 00 00 00 00 F9 
03401014      00 12 60 17 00 01 20 00 
3AF      04 00 00 00 00 00 00 FE 
3AF      05 00 00 00 00 00 00 FF 
03401020      00 00 00 00 00 00 00 00 
3AF      06 00 00 00 00 00 00 FC 
3AF      07 00 00 00 00 00 00 FD 
03401030      08 00 00 00 00 00 00 00 
3AF      01 00 00 00 00 00 00 FB 
03401038      00 00 00 00 00 00 00 00 
3AF      02 00 00 00 00 00 00 F8 
3AF      03 00 00 00 00 00 00 F9 
03401040      00 00 00 00 00 00 00 00 
3AF      04 00 00 00 00 00 00 FE 
3AF      05 00 00 00 00 00 00 FF 
03401008      00 01 00 06 6F 07 D0 03 
3AF      06 00 00 00 00 00 00 FC 
03401010      5F 18 01 00 00 0A D2 00 
3AF      07 00 00 00 00 00 00 FD 
3AF      01 00 00 00 00 00 00 FB 
03401012      00 02 1A 88 00 00 00 00 
3AF      02 00 00 00 00 00 00 F8 
3AF      03 00 00 00 00 00 00 F9 
03401014      00 12 60 17 00 01 20 00 
3AF      04 00 00 00 00 00 00 FE 
03401020      00 00 00 00 00 00 00 00 
3AF      05 00 00 00 00 00 00 FF 
3AF      06 00 00 00 00 00 00 FC 
03401030      08 00 00 00 00 00 00 00 
3AF      07 00 00 00 00 00 00 FD 
3AF      01 00 00 00 00 00 00 FB 
03401038      00 00 00 00 00 00 00 00 
3AF      02 00 00 00 00 00 00 F8 
03401040      00 00 00 00 00 00 00 00 
3AF      03 00 00 00 00 00 00 F9 
3AF      04 00 00 00 00 00 00 FE 
03401008      00 01 00 06 64 07 D0 04 
3AF      05 00 00 00 00 00 00 FF 
3AF      06 00 00 00 00 00 00 FC 
03401010      5F 18 01 00 00 0A D2 00 
3AF      07 00 00 00 00 00 00 FD 
03401012      00 02 1A 88 00 00 00 00 
3AF      01 00 00 00 00 00 00 FB 
3AF      02 00 00 00 00 00 00 F8 
03401014      00 12 60 17 00 01 20 00 
3AF      03 00 00 00 00 00 00 F9 
3AF      04 00 00 00 00 00 00 FE 
03401020      00 00 00 00 00 00 00 00 
3AF      05 00 00 00 00 00 00 FF 
03401030      08 00 00 00 00 00 00 00 
3AF      06 00 00 00 00 00 00 FC 
3AF      07 00 00 00 00 00 00 FD 
03401038      00 00 00 00 00 00 00 00 
3AF      01 00 00 00 00 00 00 FB 
3AF      02 00 00 00 00 00 00 F8 
03401040      00 00 00 00 00 00 00 00 
3AF      03 00 00 00 00 00 00 F9 
03401008      00 01 00 06 5E 07 D0 04 
3AF      04 00 00 00 00 00 00 FE 
3AF      05 00 00 00 00 00 00 FF 
03401010      5F 18 01 00 00 0A D2 00 
3AF      06 00 00 00 00 00 00 FC 
3AF      07 00 00 00 00 00 00 FD 
03401012      00 02 1A 88 00 00 00 00 
3AF      01 00 00 00 00 00 00 FB 
03401014      00 12 60 17 00 01 20 00 
3AF      02 00 00 00 00 00 00 F8 
3AF      03 00 00 00 00 00 00 F9 
03401020      00 00 00 00 00 00 00 00 
3AF      04 00 00 00 00 00 00 FE 
3AF      05 00 00 00 00 00 00 FF 
03401030      08 00 00 00 00 00 00 00 
3AF      06 00 00 00 00 00 00 FC 
03401038      00 00 00 00 00 00 00 00 
3AF      07 00 00 00 00 00 00 FD 
3AF      01 00 00 00 00 00 00 FB 
03401040      00 00 00 00 00 00 00 00 
3AF      02 00 00 00 00 00 00 F8 
3AF      03 00 00 00 00 00 00 F9 
03401008      00 01 00 06 42 07 D0 04 
3AF      04 00 00 00 00 00 00 FE 
03401010      5F 18 01 00 00 0A D2 00 
3AF      05 00 00 00 00 00 00 FF 
3AF      06 00 00 00 00 00 00 FC 
03401012      00 02 1A 88 00 00 00 00 
3AF      07 00 00 00 00 00 00 FD 
3AF      01 00 00 00 00 00 00 FB 
03401014      00 12 60 17 00 01 20 00 
3AF      02 00 00 00 00 00 00 F8 
03401020      00 00 00 00 00 00 00 00 
3AF      03 00 00 00 00 00 00 F9 
3AF      04 00 00 00 00 00 00 FE 
03401030      08 00 00 00 00 00 00 00 
3AF      05 00 00 00 00 00 00 FF 
3AF      06 00 00 00 00 00 00 FC 
03401038      00 00 00 00 00 00 00 00 
3AF      07 00 00 00 00 00 00 FD 
03401040      00 00 00 00 00 00 00 00 
3AF      01 00 00 00 00 00 00 FB 
3AF      02 00 00 00 00 00 00 F8 
03401008      00 01 00 05 B4 07 D0 04 
3AF      03 00 00 00 00 00 00 F9 
3AF      04 00 00 00 00 00 00 FE 
03401010      5F 18 01 00 00 0A D2 00 
3AF      05 00 00 00 00 00 00 FF 
03401012      00 02 1A 88 00 00 00 00 
3AF      06 00 00 00 00 00 00 FC 
3AF      07 00 00 00 00 00 00 FD 
03401014      00 12 60 17 00 01 20 00 
3AF      01 00 00 00 00 00 00 FB 
3AF      02 00 00 00 00 00 00 F8 
03401020      00 00 00 00 00 00 00 00 
3AF      03 00 00 00 00 00 00 F9 
03401030      08 00 00 00 00 00 00 00 
3AF      04 00 00 00 00 00 00 FE 
3AF      05 00 00 00 00 00 00 FF 
03401038      00 00 00 00 00 00 00 00 
3AF      06 00 00 00 00 00 00 FC 
3AF      07 00 00 00 00 00 00 FD 
03401040      00 00 00 00 00 00 00 00 
3AF      01 00 00 00 00 00 00 FB 
03401008      00 01 00 04 E2 07 D0 04 
3AF      02 00 00 00 00 00 00 F8 
3AF      03 00 00 00 00 00 00 F9 
03401010      5F 18 01 00 00 0A D2 00 
3AF      04 00 00 00 00 00 00 FE 
3AF      05 00 00 00 00 00 00 FF 
03401012      00 02 1A 88 00 00 00 00 
3AF      06 00 00 00 00 00 00 FC 
03401014      00 12 60 17 00 01 20 00 
3AF      07 00 00 00 00 00 00 FD 
3AF      01 00 00 00 00 00 00 FB 
03401020      00 00 00 00 00 00 00 00 
3AF      02 00 00 00 00 00 00 F8 
3AF      03 00 00 00 00 00 00 F9 
03401030      08 00 00 00 00 00 00 00 
3AF      04 00 00 00 00 00 00 FE 
03401038      00 00 00 00 00 00 00 00 
3AF      05 00 00 00 00 00 00 FF 
3AF      06 00 00 00 00 00 00 FC 
03401040      00 00 00 00 00 00 00 00 
3AF      07 00 00 00 00 00 00 FD 
3AF      01 00 00 00 00 00 00 FB 
03401008      00 01 00 03 F3 07 D0 04 
3AF      02 00 00 00 00 00 00 F8 
03401010      5F 18 01 00 00 0A D2 00 
3AF      03 00 00 00 00 00 00 F9 
3AF      04 00 00 00 00 00 00 FE 
03401012      00 02 1A 88 00 00 00 00 
3AF      05 00 00 00 00 00 00 FF 
3AF      06 00 00 00 00 00 00 FC 
03401014      00 12 60 17 00 01 20 00 
03401020      00 00 00 00 00 00 00 00 
3AF      01 00 00 00 00 00 00 FB 
3AF      02 00 00 00 00 00 00 F8 
03401030      08 00 00 00 00 00 00 00 
3AF      03 00 00 00 00 00 00 F9 
3AF      04 00 00 00 00 00 00 FE 
03401038      00 00 00 00 00 00 00 00 
3AF      05 00 00 00 00 00 00 FF 
03401040      00 00 00 00 00 00 00 00 
3AF      06 00 00 00 00 00 00 FC 
3AF      07 00 00 00 00 00 00 FD 
03401008      00 01 00 03 10 07 D0 04 
3AF      01 00 00 00 00 00 00 FB 
3AF      02 00 00 00 00 00 00 F8 
03401010      5F 18 01 00 00 0A D2 00 
3AF      03 00 00 00 00 00 00 F9 
03401012      00 02 1A 88 00 00 00 00 
3AF      04 00 00 00 00 00 00 FE 
3AF      05 00 00 00 00 00 00 FF 
03401014      00 12 60 17 00 01 20 00 
3AF      06 00 00 00 00 00 00 FC 
3AF      07 00 00 00 00 00 00 FD 
03401020      00 00 00 00 00 00 00 00 
3AF      01 00 00 00 00 00 00 FB 
03401030      08 00 00 00 00 00 00 00 
3AF      02 00 00 00 00 00 00 F8 
3AF      03 00 00 00 00 00 00 F9 
03401038      00 00 00 00 00 00 00 00 
3AF      04 00 00 00 00 00 00 FE 
3AF      05 00 00 00 00 00 00 FF 
03401040      00 00 00 00 00 00 00 00 
3AF      06 00 00 00 00 00 00 FC 
03401008      00 01 00 02 3D 07 D0 04 
3AF      07 00 00 00 00 00 00 FD 
3AF      01 00 00 00 00 00 00 FB 
03401010      5F 18 01 00 00 0A D2 00 
3AF      02 00 00 00 00 00 00 F8 
3AF      03 00 00 00 00 00 00 F9 
03401012      00 02 1A 88 00 00 00 00 
3AF      04 00 00 00 00 00 00 FE 
03401014      00 12 60 17 00 01 20 00 
3AF      05 00 00 00 00 00 00 FF 
3AF      06 00 00 00 00 00 00 FC 
03401020      00 00 00 00 00 00 00 00 
3AF      07 00 00 00 00 00 00 FD 
3AF      01 00 00 00 00 00 00 FB 
03401030      08 00 00 00 00 00 00 00 
3AF      02 00 00 00 00 00 00 F8 
03401038      00 00 00 00 00 00 00 00 
3AF      03 00 00 00 00 00 00 F9 
3AF      04 00 00 00 00 00 00 FE 
03401040      00 00 00 00 00 00 00 00 
3AF      05 00 00 00 00 00 00 FF 
3AF      06 00 00 00 00 00 00 FC 
03401008      00 01 00 01 54 07 D0 04 
3AF      07 00 00 00 00 00 00 FD 
03401010      5F 18 01 00 00 0A D2 00 
3AF      01 00 00 00 00 00 00 FB 
3AF      02 00 00 00 00 00 00 F8 
03401012      00 02 1A 88 00 00 00 00 
3AF      03 00 00 00 00 00 00 F9 
3AF      04 00 00 00 00 00 00 FE 
03401014      00 12 60 17 08 01 20 00 
3AF      05 00 00 00 00 00 00 FF 
03401020      00 00 00 00 00 00 00 00 
3AF      06 00 00 00 00 00 00 FC 
3AF      07 00 00 00 00 00 00 FD 
03401030      08 00 00 00 00 00 00 00 
3AF      01 00 00 00 00 00 00 FB 
3AF      02 00 00 00 00 00 00 F8 
03401038      00 00 00 00 00 00 00 00 
3AF      03 00 00 00 00 00 00 F9 
03401040      00 00 00 00 00 00 00 00 
3AF      04 00 00 00 00 00 00 FE 
3AF      05 00 00 00 00 00 00 FF 
03401008      00 01 00 00 82 07 D0 04 
3AF      06 00 00 00 00 00 00 FC 
3AF      07 00 00 00 00 00 00 FD 
03401010      5F 18 01 00 00 0A D2 00 
3AF      01 00 00 00 00 00 00 FB 
03401012      00 02 1A 88 00 00 00 00 
3AF      02 00 00 00 00 00 00 F8 
3AF      03 00 00 00 00 00 00 F9 
03401014      00 12 60 17 18 01 20 00 
3AF      04 00 00 00 00 00 00 FE 
3AF      05 00 00 00 00 00 00 FF 
03401020      00 00 00 00 00 00 00 00 
3AF      06 00 00 00 00 00 00 FC 
03401030      08 00 00 00 00 00 00 00 
3AF      07 00 00 00 00 00 00 FD 
3AF      01 00 00 00 00 00 00 FB 
03401038      00 00 00 00 00 00 00 00 
3AF      02 00 00 00 00 00 00 F8 
3AF      03 00 00 00 00 00 00 F9 
03401040      00 00 00 00 00 00 00 00 
3AF      04 00 00 00 00 00 00 FE 
03401008      00 01 00 00 33 07 D0 04 
3AF      05 00 00 00 00 00 00 FF 
3AF      06 00 00 00 00 00 00 FC 
03401010      5F 18 01 00 00 0A D2 00 
3AF      07 00 00 00 00 00 00 FD 
3AF      01 00 00 00 00 00 00 FB 
03401012      00 02 1A 88 00 00 00 00 
3AF      02 00 00 00 00 00 00 F8 
03401014      00 12 60 17 18 01 20 00 
3AF      03 00 00 00 00 00 00 F9 
3AF      04 00 00 00 00 00 00 FE 
03401020      00 00 00 00 00 00 00 00 
3AF      05 00 00 00 00 00 00 FF 
3AF      06 00 00 00 00 00 00 FC 
03401030      08 00 00 00 00 00 00 00 
3AF      07 00 00 00 00 00 00 FD 
03401038      00 00 00 00 00 00 00 00 
3AF      01 00 00 00 00 00 00 FB 
3AF      02 00 00 00 00 00 00 F8 
03401040      00 00 00 00 00 00 00 00 
3AF      03 00 00 00 00 00 00 F9 
3AF      04 00 00 00 00 00 00 FE 
03401008      00 01 00 00 0B 07 D0 04 
3AF      05 00 00 00 00 00 00 FF 
03401010      5F 18 01 00 00 0A D2 00 
3AF      06 00 00 00 00 00 00 FC 
3AF      07 00 00 00 00 00 00 FD 
03401012      00 02 1A 88 00 00 00 00 
3AF      01 00 00 00 00 00 00 FB 
3AF      02 00 00 00 00 00 00 F8 
03401014      00 12 60 17 18 01 20 00 
3AF      03 00 00 00 00 00 00 F9 
03401020      00 00 00 00 00 00 00 00 
3AF      04 00 00 00 00 00 00 FE 
3AF      05 00 00 00 00 00 00 FF 
03401030      08 00 00 00 00 00 00 00 
3AF      06 00 00 00 00 00 00 FC 
3AF      07 00 00 00 00 00 00 FD 
03401038      00 00 00 00 00 00 00 00 
3AF      01 00 00 00 00 00 00 FB 
03401040      00 00 00 00 00 00 00 00 
3AF      02 00 00 00 00 00 00 F8 
3AF      03 00 00 00 00 00 00 F9 
03401008      00 01 00 00 0B 07 D0 04 
3AF      04 00 00 00 00 00 00 FE 
3AF      05 00 00 00 00 00 00 FF 
03401010      5F 18 01 00 00 0A D2 00 
3AF      06 00 00 00 00 00 00 FC 
03401012      00 02 1A 88 00 00 00 00 
3AF      07 00 00 00 00 00 00 FD 
3AF      01 00 00 00 00 00 00 FB 
03401014      00 12 60 17 18 01 20 00 
3AF      02 00 00 00 00 00 00 F8 
3AF      03 00 00 00 00 00 00 F9 
03401020      00 00 00 00 00 00 00 00 
3AF      04 00 00 00 00 00 00 FE 
03401030      00 00 00 00 00 00 00 00 
3AF      05 00 00 00 00 00 00 FF 
3AF      06 00 00 00 00 00 00 FC 
03401038      00 00 00 00 00 00 00 00 
3AF      07 00 00 00 00 00 00 FD 
3AF      01 00 00 00 00 00 00 FB 
03401040      00 00 00 00 00 00 00 00 
3AF      02 00 00 00 00 00 00 F8 
03401008      00 01 00 00 00 07 D0 04 
3AF      03 00 00 00 00 00 00 F9 
3AF      04 00 00 00 00 00 00 FE 
03401010      5F 18 01 00 00 0A D2 00 
3AF      05 00 00 00 00 00 00 FF 
3AF      06 00 00 00 00 00 00 FC 
03401012      00 02 1A 88 00 00 00 00 
3AF      07 00 00 00 00 00 00 FD 
03401014      00 12 60 00 18 01 20 00 
3AF      01 00 00 00 00 00 00 FB 
3AF      02 00 00 00 00 00 00 F8 
03401020      00 00 00 00 00 00 00 00 
3AF      03 00 00 00 00 00 00 F9 
3AF      04 00 00 00 00 00 00 FE 
03401030      00 00 00 00 00 00 00 00 
3AF      05 00 00 00 00 00 00 FF 
03401038      00 00 00 00 00 00 00 00 
3AF      06 00 00 00 00 00 00 FC 
3AF      07 00 00 00 00 00 00 FD 
03401040      00 00 00 00 00 00 00 00 
3AF      01 00 00 00 00 00 00 FB 
3AF      02 00 00 00 00 00 00 F8 
03401008      00 01 00 00 00 07 D0 04 
3AF      03 00 00 00 00 00 00 F9 
03401010      5F 18 01 00 00 0A D2 00 
3AF      04 00 00 00 00 00 00 FE 
3AF      05 00 00 00 00 00 00 FF 
03401012      00 02 1A 88 00 00 00 00 
3AF      06 00 00 00 00 00 00 FC 
3AF      07 00 00 00 00 00 00 FD 
03401014      00 10 60 00 18 01 20 00 
3AF      01 00 00 00 00 00 00 FB 
03401020      00 00 00 00 00 00 00 00 
3AF      02 00 00 00 00 00 00 F8 
3AF      03 00 00 00 00 00 00 F9 
03401030      00 00 00 00 00 00 00 00 
3AF      04 00 00 00 00 00 00 FE 
3AF      05 00 00 00 00 00 00 FF 
03401038      00 00 00 00 00 00 00 00 
3AF      06 00 00 00 00 00 00 FC 
03401040      00 00 00 00 00 00 00 00 
3AF      07 00 00 00 00 00 00 FD 
3AF      01 00 00 00 00 00 00 FB 
03401008      00 01 00 00 00 07 D0 04 
3AF      02 00 00 00 00 00 00 F8 
3AF      03 00 00 00 00 00 00 F9 
03401010      5F 18 01 00 00 0A D2 00 
3AF      04 00 00 00 00 00 00 FE 
03401012      00 02 1A 88 00 00 00 00 
3AF      05 00 00 00 00 00 00 FF 
3AF      06 00 00 00 00 00 00 FC 
03401014      00 10 60 00 18 01 20 00 
3AF      07 00 00 00 00 00 00 FD 
3AF      01 00 00 00 00 00 00 FB 
03401020      00 00 00 00 00 00 00 00 
3AF      02 00 00 00 00 00 00 F8 
03401030      00 00 00 00 00 00 00 00 
3AF      03 00 00 00 00 00 00 F9 
3AF      04 00 00 00 00 00 00 FE 
03401038      00 00 00 00 00 00 00 00 
3AF      05 00 00 00 00 00 00 FF 
3AF      06 00 00 00 00 00 00 FC 
03401040      00 00 00 00 00 00 00 00 
3AF      07 00 00 00 00 00 00 FD 
03401008      00 01 00 00 00 07 D0 04 
3AF      01 00 00 00 00 00 00 FB 
3AF      02 00 00 00 00 00 00 F8 
03401010      5F 18 01 00 00 0A D2 00 
3AF      03 00 00 00 00 00 00 F9 
3AF      04 00 00 00 00 00 00 FE 
03401012      00 02 1A 88 00 00 00 00 
3AF      05 00 00 00 00 00 00 FF 
03401014      00 10 60 20 98 01 20 00 
3AF      06 00 00 00 00 00 00 FC 
3AF      07 00 00 00 00 00 00 FD 
03401020      00 00 00 00 00 00 00 00 
3AF      01 00 00 00 00 00 00 FB 
3AF      02 00 00 00 00 00 00 F8 
03401030      00 00 00 00 00 00 00 00 
3AF      03 00 00 00 00 00 00 F9 
03401038      00 00 00 00 00 00 00 00 
3AF      04 00 00 00 00 00 00 FE 
3AF      05 00 00 00 00 00 00 FF 
03401040      00 00 00 00 00 00 00 00 
3AF      06 00 00 00 00 00 00 FC 
3AF      07 00 00 00 00 00 00 FD 
03401008      00 01 00 00 00 07 D0 04 
3AF      01 00 00 00 00 00 00 FB 
03401010      5F 18 01 00 00 0A D2 00 
3AF      02 00 00 00 00 00 00 F8 
3AF      03 00 00 00 00 00 00 F9 
03401012      00 02 1A 88 00 00 00 00 
3AF      04 00 00 00 00 00 00 FE 
3AF      05 00 00 00 00 00 00 FF 
03401014      00 10 60 20 99 01 20 00 
3AF      06 00 00 00 00 00 00 FC 
03401020      00 00 00 00 00 00 00 00 
3AF      07 00 00 00 00 00 00 FD 
3AF      01 00 00 00 00 00 00 FB 
03401030      00 00 00 00 00 00 00 00 
3AF      02 00 00 00 00 00 00 F8 
3AF      03 00 00 00 00 00 00 F9 
03401038      00 00 00 00 00 00 00 00 
3AF      04 00 00 00 00 00 00 FE 
03401040      00 00 00 00 00 00 00 00 
3AF      05 00 00 00 00 00 00 FF 
3AF      06 00 00 00 00 00 00 FC 
03401008      00 01 00 00 00 07 D0 04 
3AF      07 00 00 00 00 00 00 FD 
3AF      01 00 00 00 00 00 00 FB 
03401010      5F 18 01 00 00 0A D2 00 
3AF      02 00 00 00 00 00 00 F8 
03401012      00 02 1A 88 00 00 00 00 
3AF      03 00 00 00 00 00 00 F9 
3AF      04 00 00 00 00 00 00 FE 
03401014      00 10 60 20 9B 00 00 00 
3AF      05 00 00 00 00 00 00 FF 
3AF      06 00 00 00 00 00 00 FC 
03401020      00 00 00 00 00 00 00 00 
3AF      07 00 00 00 00 00 00 FD 
03401030      00 00 00 00 00 00 00 00 
3AF      01 00 00 00 00 00 00 FB 
3AF      02 00 00 00 00 00 00 F8 
03401038      00 00 00 00 00 00 00 00 
3AF      03 00 00 00 00 00 00 F9 
3AF      04 00 00 00 00 00 00 FE 
03401040      00 00 00 00 00 00 00 00 
3AF      05 00 00 00 00 00 00 FF 
03401008      00 01 00 00 00 07 D0 04 
3AF      06 00 00 00 00 00 00 FC 
3AF      07 00 00 00 00 00 00 FD 
03401010      5F 18 01 00 00 0A D2 00 
3AF      01 00 00 00 00 00 00 FB 
3AF      02 00 00 00 00 00 00 F8 
03401012      00 02 1A 88 00 00 00 00 
3AF      03 00 00 00 00 00 00 F9 
03401014      00 10 60 20 9B 00 00 00 
3AF      04 00 00 00 00 00 00 FE 
3AF      05 00 00 00 00 00 00 FF 
03401020      00 00 00 00 00 00 00 00 
3AF      06 00 00 00 00 00 00 FC 
3AF      07 00 00 00 00 00 00 FD 
03401030      00 00 00 00 00 00 00 00 
3AF      01 00 00 00 00 00 00 FB 
03401038      00 00 00 00 00 00 00 00 
3AF      02 00 00 00 00 00 00 F8 
3AF      03 00 00 00 00 00 00 F9 
03401040      00 00 00 00 00 00 00 00 
3AF      04 00 00 00 00 00 00 FE 
3AF      05 00 00 00 00 00 00 FF 
03401008      00 01 00 00 00 07 D0 04 
3AF      06 00 00 00 00 00 00 FC 
03401010      5F 18 01 00 00 0A D2 00 
3AF      07 00 00 00 00 00 00 FD 
3AF      01 00 00 00 00 00 00 FB 
03401012      00 02 1A 88 00 00 00 00 
3AF      02 00 00 00 00 00 00 F8 
3AF      03 00 00 00 00 00 00 F9 
03401014      00 10 60 20 9B 00 00 00 
3AF      04 00 00 00 00 00 00 FE 
03401020      00 00 00 00 00 00 00 00 
3AF      05 00 00 00 00 00 00 FF 
3AF      06 00 00 00 00 00 00 FC 
03401030      00 00 00 00 00 00 00 00 
3AF      07 00 00 00 00 00 00 FD 
3AF      01 00 00 00 00 00 00 FB 
03401038      00 00 00 00 00 00 00 00 
3AF      02 00 00 00 00 00 00 F8 
03401040      00 00 00 00 00 00 00 00 
3AF      03 00 00 00 00 00 00 F9 
3AF      04 00 00 00 00 00 00 FE 
03401008      00 01 00 00 00 07 D0 04 
3AF      05 00 00 00 00 00 00 FF 
3AF      06 00 00 00 00 00 00 FC 
03401010      5F 18 01 00 00 0A D2 00 
3AF      07 00 00 00 00 00 00 FD 
03401012      00 02 1A 88 00 00 00 00 
3AF      01 00 00 00 00 00 00 FB 
3AF      02 00 00 00 00 00 00 F8 
03401014      00 10 60 20 9B 00 00 00 
3AF      03 00 00 00 00 00 00 F9 
3AF      04 00 00 00 00 00 00 FE 
03401020      00 00 00 00 00 00 00 00 
3AF      05 00 00 00 00 00 00 FF 
03401030      00 00 00 00 00 00 00 00 
3AF      06 00 00 00 00 00 00 FC 
3AF      07 00 00 00 00 00 00 FD 
03401038      00 00 00 00 00 00 00 00 
3AF      01 00 00 00 00 00 00 FB 
3AF      02 00 00 00 00 00 00 F8 
03401040      00 00 00 00 00 00 00 00 
3AF      03 00 00 00 00 00 00 F9 
03401008      00 01 00 00 00 07 D0 04 
3AF      04 00 00 00 00 00 00 FE 
3AF      05 00 00 00 00 00 00 FF 
03401010      5F 18 01 00 00 0A D2 00 
3AF      06 00 00 00 00 00 00 FC 
3AF      07 00 00 00 00 00 00 FD 
03401012      00 02 1A 88 00 00 00 00 
3AF      01 00 00 00 00 00 00 FB 
03401014      00 10 60 20 9B 00 00 00 
3AF      02 00 00 00 00 00 00 F8 
3AF      03 00 00 00 00 00 00 F9 
03401020      00 00 00 00 00 00 00 00 
3AF      04 00 00 00 00 00 00 FE 
3AF      05 00 00 00 00 00 00 FF 
03401030      00 00 00 00 00 00 00 00 
3AF      06 00 00 00 00 00 00 FC 
03401038      00 00 00 00 00 00 00 00 
3AF      07 00 00 00 00 00 00 FD 
3AF      01 00 00 00 00 00 00 FB 
03401040      00 20 00 00 00 00 00 00 
3AF      02 00 00 00 00 00 00 F8 
3AF      03 00 00 00 00 00 00 F9 
03401008      00 01 00 00 00 07 D0 04 
3AF      04 00 00 00 00 00 00 FE 
03401010      5F 18 01 00 00 0A D2 00 
3AF      05 00 00 00 00 00 00 FF 
3AF      06 00 00 00 00 00 00 FC 
03401012      00 02 1A 88 00 00 00 00 
3AF      07 00 00 00 00 00 00 FD 
3AF      01 00 00 00 00 00 00 FB 
03401014      00 10 60 00 9B 02 00 00 
3AF      02 00 00 00 00 00 00 F8 
03401020      00 00 00 00 00 00 00 00 
3AF      03 00 00 00 00 00 00 F9 
3AF      04 00 00 00 00 00 00 FE 
03401030      00 00 00 00 00 00 00 00 
3AF      05 00 00 00 00 00 00 FF 
3AF      06 00 00 00 00 00 00 FC 
03401038      00 00 00 00 00 00 00 00 
3AF      07 00 00 00 00 00 00 FD 
03401040      00 20 00 00 00 00 00 00 
3AF      01 00 00 00 00 00 00 FB 
3AF      02 00 00 00 00 00 00 F8 
03401008      00 01 00 00 00 07 D0 04 
3AF      03 00 00 00 00 00 00 F9 
3AF      04 00 00 00 00 00 00 FE 
03401010      5F 18 01 00 00 0A D2 00 
3AF      05 00 00 00 00 00 00 FF 
03401012      00 02 1A 88 00 00 00 00 
3AF      06 00 00 00 00 00 00 FC 
3AF      07 00 00 00 00 00 00 FD 
03401014      00 10 60 00 9B 02 00 00 
3AF      01 00 00 00 00 00 00 FB 
3AF      02 00 00 00 00 00 00 F8 
03401020      00 00 00 00 00 00 00 00 
3AF      03 00 00 00 00 00 00 F9 
03401030      00 00 00 00 00 00 00 00 
3AF      04 00 00 00 00 00 00 FE 
3AF      05 00 00 00 00 00 00 FF 
03401038      00 00 00 00 00 00 00 00 
3AF      06 00 00 00 00 00 00 FC 
3AF      07 00 00 00 00 00 00 FD 
03401040      00 20 00 00 00 00 00 00 
3AF      01 00 00 00 00 00 00 FB 
03401008      00 01 00 00 00 07 D0 04 
3AF      02 00 00 00 00 00 00 F8 
3AF      03 00 00 00 00 00 00 F9 
03401010      5F 18 01 00 00 0A D2 00 
3AF      04 00 00 00 00 00 00 FE 
3AF      05 00 00 00 00 00 00 FF 
03401012      00 02 1A 88 00 00 00 00 
3AF      06 00 00 00 00 00 00 FC 
03401014      00 10 60 00 9B 02 00 00 
3AF      07 00 00 00 00 00 00 FD 
3AF      01 00 00 00 00 00 00 FB 
03401020      00 00 00 00 00 00 00 00 
3AF      02 00 00 00 00 00 00 F8 
3AF      03 00 00 00 00 00 00 F9 
03401030      00 00 00 00 00 00 00 00 
3AF      04 00 00 00 00 00 00 FE 
03401038      00 00 00 00 00 00 00 00 
3AF      05 00 00 00 00 00 00 FF 
3AF      06 00 00 00 00 00 00 FC 
03401040      00 20 00 00 00 00 00 00 
3AF      07 00 00 00 00 00 00 FD 
3AF      01 00 00 00 00 00 00 FB 
03401008      00 01 00 00 00 07 D0 04 
3AF      02 00 00 00 00 00 00 F8 
03401010      5F 18 01 00 00 0A D2 00 
3AF      03 00 00 00 00 00 00 F9 
3AF      04 00 00 00 00 00 00 FE 
03401012      00 02 1A 88 00 00 00 00 
3AF      05 00 00 00 00 00 00 FF 
3AF      06 00 00 00 00 00 00 FC 
03401014      00 10 60 00 9B 02 00 00 
3AF      07 00 00 00 00 00 00 FD 
03401020      00 00 00 00 00 00 00 00 
3AF      01 00 00 00 00 00 00 FB 
3AF      02 00 00 00 00 00 00 F8 
03401030      00 00 00 00 00 00 00 00 
3AF      03 00 00 00 00 00 00 F9 
3AF      04 00 00 00 00 00 00 FE 
03401038      00 00 00 00 00 00 00 00 
3AF      05 00 00 00 00 00 00 FF 
03401040      00 20 00 00 00 00 00 00 
3AF      06 00 00 00 00 00 00 FC 
3AF      07 00 00 00 00 00 00 FD 
03401008      00 01 00 00 00 07 D0 04 
3AF      01 00 00 00 00 00 00 FB 
3AF      02 00 00 00 00 00 00 F8 
03401010      5F 18 01 00 00 0A D2 00 
3AF      03 00 00 00 00 00 00 F9 
03401012      00 02 1A 88 00 00 00 00 
3AF      04 00 00 00 00 00 00 FE 
3AF      05 00 00 00 00 00 00 FF 
03401014      00 10 60 00 9B 02 00 00 
3AF      06 00 00 00 00 00 00 FC 
3AF      07 00 00 00 00 00 00 FD 
03401020      00 00 00 00 00 00 00 00 
3AF      01 00 00 00 00 00 00 FB 
03401030      00 00 00 00 00 00 00 00 
3AF      02 00 00 00 00 00 00 F8 
3AF      03 00 00 00 00 00 00 F9 
03401038      00 00 00 00 00 00 00 00 
3AF      04 00 00 00 00 00 00 FE 
3AF      05 00 00 00 00 00 00 FF 
03401040      00 20 00 00 00 00 00 00 
3AF      06 00 00 00 00 00 00 FC 
03401008      00 01 00 00 00 07 D0 04 
3AF      07 00 00 00 00 00 00 FD 
3AF      01 00 00 00 00 00 00 FB 
03401010      5F 18 01 00 00 0A D2 00 
3AF      02 00 00 00 00 00 00 F8 
3AF      03 00 00 00 00 00 00 F9 
03401012      00 02 1A 88 00 00 00 00 
3AF      04 00 00 00 00 00 00 FE 
03401014      00 10 60 00 9B 02 00 00 
3AF      05 00 00 00 00 00 00 FF 
3AF      06 00 00 00 00 00 00 FC 
03401020      00 00 00 00 00 00 00 00 
3AF      07 00 00 00 00 00 00 FD 
3AF      01 00 00 00 00 00 00 FB 
03401030      00 00 00 00 00 00 00 00 
3AF      02 00 00 00 00 00 00 F8 
03401038      00 00 00 00 00 00 00 00 
3AF      03 00 00 00 00 00 00 F9 
3AF      04 00 00 00 00 00 00 FE 
03401040      00 20 00 00 00 00 00 00 
3AF      05 00 00 00 00 00 00 FF 
3AF      06 00 00 00 00 00 00 FC 
03401008      00 01 00 00 00 07 D0 04 
3AF      07 00 00 00 00 00 00 FD 
03401010      5F 18 01 00 00 0A D2 00 
3AF      01 00 00 00 00 00 00 FB 
3AF      02 00 00 00 00 00 00 F8 
03401012      00 02 1A 88 00 00 00 00 
3AF      03 00 00 00 00 00 00 F9 
3AF      04 00 00 00 00 00 00 FE 
03401014      00 10 60 00 9B 02 00 00 
3AF      05 00 00 00 00 00 00 FF 
03401020      00 00 00 00 00 00 00 00 
3AF      06 00 00 00 00 00 00 FC 
3AF      07 00 00 00 00 00 00 FD 
03401030      00 00 00 00 00 00 00 00 
3AF      01 00 00 00 00 00 00 FB 
3AF      02 00 00 00 00 00 00 F8 
03401038      00 00 00 00 00 00 00 00 
3AF      03 00 00 00 00 00 00 F9 
03401040      00 20 00 00 00 00 00 00 
3AF      04 00 00 00 00 00 00 FE 
3AF      05 00 00 00 00 00 00 FF 
03401008      00 01 00 00 00 07 D0 04 
3AF      06 00 00 00 00 00 00 FC 
3AF      07 00 00 00 00 00 00 FD 
03401010      5F 18 01 00 00 0A D2 00 
3AF      01 00 00 00 00 00 00 FB 
03401012      00 02 1A 88 00 00 00 00 
3AF      02 00 00 00 00 00 00 F8 
3AF      03 00 00 00 00 00 00 F9 
03401014      00 10 60 00 9B 02 00 00 
3AF      04 00 00 00 00 00 00 FE 
3AF      05 00 00 00 00 00 00 FF 
03401020      00 00 00 00 00 00 00 00 
3AF      06 00 00 00 00 00 00 FC 
03401030      00 00 00 00 00 00 00 00 
3AF      07 00 00 00 00 00 00 FD 
3AF      01 00 00 00 00 00 00 FB 
03401038      00 00 00 00 00 00 00 00 
3AF      02 00 00 00 00 00 00 F8 
3AF      03 00 00 00 00 00 00 F9 
03401040      00 20 00 00 00 00 00 00 
3AF      04 00 00 00 00 00 00 FE 
03401008      00 01 00 00 00 07 D0 04 
3AF      05 00 00 00 00 00 00 FF 
3AF      06 00 00 00 00 00 00 FC 
03401010      5F 18 01 00 00 0A D2 00 
3AF      07 00 00 00 00 00 00 FD 
3AF      01 00 00 00 00 00 00 FB 
03401012      00 02 1A 88 00 00 00 00 
3AF      02 00 00 00 00 00 00 F8 
03401014      00 10 60 00 9B 02 00 00 
3AF      03 00 00 00 00 00 00 F9 
3AF      04 00 00 00 00 00 00 FE 
03401020      00 00 00 00 00 00 00 00 
3AF      05 00 00 00 00 00 00 FF 
3AF      06 00 00 00 00 00 00 FC 
03401030      00 00 00 00 00 00 00 00 
3AF      07 00 00 00 00 00 00 FD 
03401038      00 00 00 00 00 00 00 00 
3AF      01 00 00 00 00 00 00 FB 
3AF      02 00 00 00 00 00 00 F8 
03401040      00 20 00 00 00 00 00 00 
3AF      03 00 00 00 00 00 00 F9 
3AF      04 00 00 00 00 00 00 FE 
03401008      00 01 00 00 00 07 D0 04 
3AF      05 00 00 00 00 00 00 FF 
03401010      5F 18 01 00 00 0A D2 00 
3AF      06 00 00 00 00 00 00 FC 
3AF      07 00 00 00 00 00 00 FD 
03401012      00 02 1A 88 00 00 00 00 
3AF      01 00 00 00 00 00 00 FB 
3AF      02 00 00 00 00 00 00 F8 
03401014      00 10 60 00 9B 02 00 00 
3AF      03 00 00 00 00 00 00 F9 
03401020      00 00 00 00 00 00 00 00 
3AF      04 00 00 00 00 00 00 FE 
3AF      05 00 00 00 00 00 00 FF 
03401030      00 00 00 00 00 00 00 00 
3AF      06 00 00 00 00 00 00 FC 
3AF      07 00 00 00 00 00 00 FD 
03401038      00 00 00 00 00 00 00 00 
3AF      01 00 00 00 00 00 00 FB 
03401040      00 20 00 00 00 00 00 00 
3AF      02 00 00 00 00 00 00 F8 
3AF      03 00 00 00 00 00 00 F9 
03401008      00 01 00 00 00 07 D0 04 
3AF      04 00 00 00 00 00 00 FE 
3AF      05 00 00 00 00 00 00 FF 
03401010      5F 18 01 00 00 0A D2 00 
3AF      06 00 00 00 00 00 00 FC 
03401012      00 02 1A 88 00 00 00 00 
3AF      07 00 00 00 00 00 00 FD 
3AF      01 00 00 00 00 00 00 FB 
03401014      00 10 60 00 9B 02 00 00 
3AF      02 00 00 00 00 00 00 F8 
3AF      03 00 00 00 00 00 00 F9 
03401020      00 00 00 00 00 00 00 00 
3AF      04 00 00 00 00 00 00 FE 
03401030      00 00 00 00 00 00 00 00 
3AF      05 00 00 00 00 00 00 FF 
3AF      06 00 00 00 00 00 00 FC 
03401038      00 00 00 00 00 00 00 00 
3AF      07 00 00 00 00 00 00 FD 
3AF      01 00 00 00 00 00 00 FB 
03401040      00 20 00 00 00 00 00 00 
3AF      02 00 00 00 00 00 00 F8 
03401008      00 01 00 00 00 07 D0 04 
3AF      03 00 00 00 00 00 00 F9 
3AF      04 00 00 00 00 00 00 FE 
03401010      5F 18 01 00 00 0A D2 00 
3AF      05 00 00 00 00 00 00 FF 
3AF      06 00 00 00 00 00 00 FC 
03401012      00 02 1A 88 00 00 00 00 
3AF      07 00 00 00 00 00 00 FD 
03401014      00 10 60 00 9B 02 00 00 
3AF      01 00 00 00 00 00 00 FB 
3AF      02 00 00 00 00 00 00 F8 
03401020      00 00 00 00 00 00 00 00 
3AF      03 00 00 00 00 00 00 F9 
3AF      04 00 00 00 00 00 00 FE 
03401030      00 00 00 00 00 00 00 00 
3AF      05 00 00 00 00 00 00 FF 
03401038      00 00 00 00 00 00 00 00 
3AF      06 00 00 00 00 00 00 FC 
3AF      07 00 00 00 00 00 00 FD 
03401040      00 20 00 00 00 00 00 00 
3AF      01 00 00 00 00 00 00 FB 
3AF      02 00 00 00 00 00 00 F8 
03401008      00 01 00 00 00 07 D0 04 
3AF      03 00 00 00 00 00 00 F9 
03401010      5F 18 01 00 00 0A D2 00 
3AF      04 00 00 00 00 00 00 FE 
3AF      05 00 00 00 00 00 00 FF 
03401012      00 02 1A 88 00 00 00 00 
3AF      06 00 00 00 00 00 00 FC 
3AF      07 00 00 00 00 00 00 FD 
03401014      00 10 60 00 9B 02 00 00 
03401020      00 00 00 00 00 00 00 00 
3AF      02 00 00 00 00 00 00 F8 
3AF      03 00 00 00 00 00 00 F9 
03401030      00 00 00 00 00 00 00 00 
3AF      04 00 00 00 00 00 00 FE 
3AF      05 00 00 00 00 00 00 FF 
03401038      00 00 00 00 00 00 00 00 
3AF      06 00 00 00 00 00 00 FC 
03401040      00 20 00 00 00 00 00 00 
3AF      07 00 00 00 00 00 00 FD 
3AF      01 00 00 00 00 00 00 FB 
03401008      00 01 00 00 00 07 D0 04 
3AF      02 00 00 00 00 00 00 F8 
3AF      03 00 00 00 00 00 00 F9 
03401010      5F 18 01 00 00 0A D2 00 
3AF      04 00 00 00 00 00 00 FE 
03401012      00 02 1A 88 00 00 00 00 
3AF      05 00 00 00 00 00 00 FF 
3AF      06 00 00 00 00 00 00 FC 
03401014      00 10 60 10 9B 02 00 00 
3AF      07 00 00 00 00 00 00 FD 
3AF      01 00 00 00 00 00 00 FB 
03401020      00 00 00 00 00 00 00 00 
3AF      02 00 00 00 00 00 00 F8 
03401030      00 00 00 00 00 00 00 00 
3AF      03 00 00 00 00 00 00 F9 
3AF      04 00 00 00 00 00 00 FE 
03401038      00 00 00 00 00 00 00 00 
3AF      05 00 00 00 00 00 00 FF 
3AF      06 00 00 00 00 00 00 FC 
03401040      00 20 00 00 00 00 00 00 
3AF      07 00 00 00 00 00 00 FD 
03401008      00 01 00 00 00 07 D0 04 
3AF      01 00 00 00 00 00 00 FB 
3AF      02 00 00 00 00 00 00 F8 
03401010      5F 18 01 00 00 0A D2 00 
3AF      03 00 00 00 00 00 00 F9 
3AF      04 00 00 00 00 00 00 FE 
03401012      00 02 1A 88 00 00 00 00 
3AF      05 00 00 00 00 00 00 FF 
03401014      00 10 60 10 9B 00 00 00 
3AF      06 00 00 00 00 00 00 FC 
3AF      07 00 00 00 00 00 00 FD 
03401020      00 00 00 00 00 00 00 00 
3AF      01 00 00 00 00 00 00 FB 
3AF      02 00 00 00 00 00 00 F8 
03401030      00 00 00 00 00 00 00 00 
3AF      03 00 00 00 00 00 00 F9 
03401038      00 00 00 00 00 00 00 00 
3AF      04 00 00 00 00 00 00 FE 
3AF      05 00 00 00 00 00 00 FF 
03401040      00 20 00 00 00 00 00 00 
3AF      06 00 00 00 00 00 00 FC 
3AF      07 00 00 00 00 00 00 FD 
03401008      00 01 00 00 00 07 D0 04 
3AF      01 00 00 00 00 00 00 FB 
03401010      5F 18 01 00 00 0A D2 00 
3AF      02 00 00 00 00 00 00 F8 
3AF      03 00 00 00 00 00 00 F9 
03401012      00 02 1A 88 00 00 00 00 
3AF      04 00 00 00 00 00 00 FE 
3AF      05 00 00 00 00 00 00 FF 
03401014      00 10 60 10 9B 00 00 00 
3AF      06 00 00 00 00 00 00 FC 
03401020      00 00 00 00 00 00 00 00 
3AF      07 00 00 00 00 00 00 FD 
3AF      01 00 00 00 00 00 00 FB 
03401030      00 00 00 00 00 00 00 00 
3AF      02 00 00 00 00 00 00 F8 
3AF      03 00 00 00 00 00 00 F9 
03401038      00 00 00 00 00 00 00 00 
3AF      04 00 00 00 00 00 00 FE 
03401040      00 20 00 00 00 00 00 00 
3AF      05 00 00 00 00 00 00 FF 
3AF      06 00 00 00 00 00 00 FC 
03401008      00 01 00 00 00 07 D0 04 
3AF      07 00 00 00 00 00 00 FD 
3AF      01 00 00 00 00 00 00 FB 
03401010      5F 18 01 00 00 0A D2 00 
3AF      02 00 00 00 00 00 00 F8 
03401012      00 02 1A 88 00 00 00 00 
3AF      03 00 00 00 00 00 00 F9 
3AF      04 00 00 00 00 00 00 FE 
03401014      00 10 60 10 9B 00 00 00 
3AF      05 00 00 00 00 00 00 FF 
3AF      06 00 00 00 00 00 00 FC 
03401020      00 00 00 00 00 00 00 00 
3AF      07 00 00 00 00 00 00 FD 
03401030      00 00 00 00 00 00 00 00 
3AF      01 00 00 00 00 00 00 FB 
3AF      02 00 00 00 00 00 00 F8 
03401038      00 00 00 00 00 00 00 00 
3AF      03 00 00 00 00 00 00 F9 
3AF      04 00 00 00 00 00 00 FE 
03401040      00 20 00 00 00 00 00 00 
3AF      05 00 00 00 00 00 00 FF 
03401008      00 01 00 00 00 07 D0 04 
3AF      06 00 00 00 00 00 00 FC 
3AF      07 00 00 00 00 00 00 FD 
03401010      5F 18 01 00 00 0A D2 00 
3AF      01 00 00 00 00 00 00 FB 
3AF      02 00 00 00 00 00 00 F8 
03401012      00 02 1A 88 00 00 00 00 
3AF      03 00 00 00 00 00 00 F9 
03401014      00 10 60 10 9B 00 00 00 
3AF      04 00 00 00 00 00 00 FE 
3AF      05 00 00 00 00 00 00 FF 
03401020      00 00 00 00 00 00 00 00 
3AF      06 00 00 00 00 00 00 FC 
3AF      07 00 00 00 00 00 00 FD 
03401030      00 00 00 00 00 00 00 00 
3AF      01 00 00 00 00 00 00 FB 
03401038      00 00 00 00 00 00 00 00 
3AF      02 00 00 00 00 00 00 F8 
3AF      03 00 00 00 00 00 00 F9 
03401040      00 20 00 00 00 00 00 00 
3AF      04 00 00 00 00 00 00 FE 
3AF      05 00 00 00 00 00 00 FF 
03401008      00 01 00 00 00 07 D0 04 
3AF      06 00 00 00 00 00 00 FC 
03401010      5F 18 01 00 00 0A D2 00 
3AF      07 00 00 00 00 00 00 FD 
3AF      01 00 00 00 00 00 00 FB 
03401012      00 02 1A 88 00 00 00 00 
3AF      02 00 00 00 00 00 00 F8 
3AF      03 00 00 00 00 00 00 F9 
03401014      00 10 60 10 9B 00 00 00 
3AF      04 00 00 00 00 00 00 FE 
03401020      00 00 00 00 00 00 00 00 
3AF      05 00 00 00 00 00 00 FF 
3AF      06 00 00 00 00 00 00 FC 
03401030      00 00 00 00 00 00 00 00 
3AF      07 00 00 00 00 00 00 FD 
3AF      01 00 00 00 00 00 00 FB 
03401038      00 00 00 00 00 00 00 00 
3AF      02 00 00 00 00 00 00 F8 
03401040      00 20 00 00 00 00 00 00 
3AF      03 00 00 00 00 00 00 F9 
3AF      04 00 00 00 00 00 00 FE 
03401008      00 01 00 00 00 07 D0 04 
3AF      05 00 00 00 00 00 00 FF 
3AF      06 00 00 00 00 00 00 FC 
03401010      5F 18 01 00 00 0A D2 00 
3AF      07 00 00 00 00 00 00 FD 
03401012      00 02 1A 88 00 00 00 00 
3AF      01 00 00 00 00 00 00 FB 
3AF      02 00 00 00 00 00 00 F8 
03401014      00 10 60 10 9B 00 00 00 
3AF      03 00 00 00 00 00 00 F9 
3AF      04 00 00 00 00 00 00 FE 
03401020      00 00 00 00 00 00 00 00 
3AF      05 00 00 00 00 00 00 FF 
03401030      00 00 00 00 00 00 00 00 
3AF      06 00 00 00 00 00 00 FC 
3AF      07 00 00 00 00 00 00 FD 
03401038      00 00 00 00 00 00 00 00 
3AF      01 00 00 00 00 00 00 FB 
3AF      02 00 00 00 00 00 00 F8 
03401040      00 20 00 00 00 00 00 00 
3AF      03 00 00 00 00 00 00 F9 
03401008      00 01 00 00 00 07 D0 04 
3AF      04 00 00 00 00 00 00 FE 
3AF      05 00 00 00 00 00 00 FF 
03401010      5F 18 01 00 00 0A D2 00 
3AF      06 00 00 00 00 00 00 FC 
3AF      07 00 00 00 00 00 00 FD 
03401012      00 02 1A 88 00 00 00 00 
3AF      01 00 00 00 00 00 00 FB 
03401014      00 10 60 10 9B 00 20 00 
3AF      02 00 00 00 00 00 00 F8 
3AF      03 00 00 00 00 00 00 F9 
03401020      00 00 00 00 00 00 00 00 
3AF      04 00 00 00 00 00 00 FE 
3AF      05 00 00 00 00 00 00 FF 
03401030      00 00 00 00 00 00 00 00 
3AF      06 00 00 00 00 00 00 FC 
03401038      00 00 00 00 00 00 00 00 
3AF      07 00 00 00 00 00 00 FD 
3AF      01 00 00 00 00 00 00 FB 
03401040      00 20 00 00 00 00 00 00 
3AF      02 00 00 00 00 00 00 F8 
3AF      03 00 00 00 00 00 00 F9 
03401008      00 01 00 00 00 07 D0 04 
3AF      04 00 00 00 00 00 00 FE 
03401010      5F 18 01 00 00 0A D2 00 
3AF      05 00 00 00 00 00 00 FF 
3AF      06 00 00 00 00 00 00 FC 
03401012      00 02 1A 88 00 00 00 00 
3AF      07 00 00 00 00 00 00 FD 
3AF      01 00 00 00 00 00 00 FB 
03401014      00 10 60 00 98 01 20 00 
3AF      02 00 00 00 00 00 00 F8 
03401020      00 00 00 00 00 00 00 00 
3AF      03 00 00 00 00 00 00 F9 
3AF      04 00 00 00 00 00 00 FE 
03401030      00 00 00 00 00 00 00 00 
3AF      05 00 00 00 00 00 00 FF 
3AF      06 00 00 00 00 00 00 FC 
03401038      00 00 00 00 00 00 00 00 
3AF      07 00 00 00 00 00 00 FD 
03401040      00 20 00 00 00 00 00 00 
3AF      01 00 00 00 00 00 00 FB 
3AF      02 00 00 00 00 00 00 F8 
03401008      00 01 00 00 00 07 D0 04 
3AF      03 00 00 00 00 00 00 F9 
3AF      04 00 00 00 00 00 00 FE 
03401010      5F 18 01 00 00 0A D2 00 
3AF      05 00 00 00 00 00 00 FF 
03401012      00 02 1A 89 00 00 00 00 
3AF      06 00 00 00 00 00 00 FC 
3AF      07 00 00 00 00 00 00 FD 
03401014      00 12 60 14 18 01 20 00 
3AF      01 00 00 00 00 00 00 FB 
3AF      02 00 00 00 00 00 00 F8 
03401020      00 00 00 00 00 00 00 00 
3AF      03 00 00 00 00 00 00 F9 
03401030      00 00 00 00 00 00 00 00 
3AF      04 00 00 00 00 00 00 FE 
3AF      05 00 00 00 00 00 00 FF 
03401038      00 00 00 00 00 00 00 00 
3AF      06 00 00 00 00 00 00 FC 
3AF      07 00 00 00 00 00 00 FD 
03401040      00 20 00 00 00 00 00 00 
3AF      01 00 00 00 00 00 00 FB 
03401008      00 01 00 00 00 07 D0 04 
3AF      02 00 00 00 00 00 00 F8 
3AF      03 00 00 00 00 00 00 F9 
03401010      5F 18 01 00 00 0A D2 00 
3AF      04 00 00 00 00 00 00 FE 
3AF      05 00 00 00 00 00 00 FF 
03401012      00 02 1A 89 00 00 00 00 
3AF      06 00 00 00 00 00 00 FC 
03401014      00 12 60 14 18 01 20 00 
3AF      07 00 00 00 00 00 00 FD 
3AF      01 00 00 00 00 00 00 FB 
03401020      00 00 00 00 00 00 00 00 
3AF      02 00 00 00 00 00 00 F8 
3AF      03 00 00 00 00 00 00 F9 
03401030      00 00 00 00 00 00 00 00 
3AF      04 00 00 00 00 00 00 FE 
03401038      00 00 00 00 00 00 00 00 
3AF      05 00 00 00 00 00 00 FF 
3AF      06 00 00 00 00 00 00 FC 
03401040      00 20 00 00 00 00 00 00 
3AF      07 00 00 00 00 00 00 FD 
3AF      01 00 00 00 00 00 00 FB 
03401008      00 01 00 00 05 07 D0 04 
3AF      02 00 00 00 00 00 00 F8 
03401010      5F 18 01 00 00 0A D2 00 
3AF      03 00 00 00 00 00 00 F9 
3AF      04 00 00 00 00 00 00 FE 
03401012      00 02 1A 89 00 00 00 00 
3AF      05 00 00 00 00 00 00 FF 
3AF      06 00 00 00 00 00 00 FC 
03401014      00 12 60 17 18 01 20 00 
3AF      07 00 00 00 00 00 00 FD 
03401020      00 00 00 00 00 00 00 00 
3AF      01 00 00 00 00 00 00 FB 
3AF      02 00 00 00 00 00 00 F8 
03401030      00 00 00 00 00 00 00 00 
3AF      03 00 00 00 00 00 00 F9 
3AF      04 00 00 00 00 00 00 FE 
03401038      00 00 00 00 00 00 00 00 
3AF      05 00 00 00 00 00 00 FF 
03401040      00 20 00 00 00 00 00 00 
3AF      06 00 00 00 00 00 00 FC 
3AF      07 00 00 00 00 00 00 FD 
03401008      00 01 00 00 05 07 D0 04 
3AF      01 00 00 00 00 00 00 FB 
3AF      02 00 00 00 00 00 00 F8 
03401010      5F 18 01 00 00 0A D2 00 
3AF      03 00 00 00 00 00 00 F9 
03401012      00 02 1A 89 00 00 00 00 
3AF      04 00 00 00 00 00 00 FE 
3AF      05 00 00 00 00 00 00 FF 
03401014      00 12 60 17 18 01 20 00 
3AF      06 00 00 00 00 00 00 FC 
3AF      07 00 00 00 00 00 00 FD 
03401020      00 00 00 00 00 00 00 00 
3AF      01 00 00 00 00 00 00 FB 
03401030      00 00 00 00 00 00 00 00 
3AF      02 00 00 00 00 00 00 F8 
3AF      03 00 00 00 00 00 00 F9 
03401038      00 00 00 00 00 00 00 00 
3AF      04 00 00 00 00 00 00 FE 
3AF      05 00 00 00 00 00 00 FF 
03401040      00 20 00 00 00 00 00 00 
3AF      06 00 00 00 00 00 00 FC 
03401008      00 01 00 00 05 07 D0 04 
3AF      07 00 00 00 00 00 00 FD 
3AF      01 00 00 00 00 00 00 FB 
03401010      5F 18 01 00 00 0A D2 00 
3AF      02 00 00 00 00 00 00 F8 
3AF      03 00 00 00 00 00 00 F9 
03401012      00 02 1A 89 00 00 00 00 
3AF      04 00 00 00 00 00 00 FE 
03401014      00 12 60 17 18 01 20 00 
3AF      05 00 00 00 00 00 00 FF 
3AF      06 00 00 00 00 00 00 FC 
03401020      00 00 00 00 00 00 00 00 
3AF      07 00 00 00 00 00 00 FD 
3AF      01 00 00 00 00 00 00 FB 
03401030      00 00 00 00 00 00 00 00 
3AF      02 00 00 00 00 00 00 F8 
03401038      00 00 00 00 00 00 00 00 
3AF      03 00 00 00 00 00 00 F9 
3AF      04 00 00 00 00 00 00 FE 
03401040      00 20 00 00 00 00 00 00 
3AF      05 00 00 00 00 00 00 FF 
3AF      06 00 00 00 00 00 00 FC 
03401008      00 01 00 00 49 07 D0 04 
3AF      07 00 00 00 00 00 00 FD 
03401010      5F 18 01 00 00 0A D2 00 
3AF      01 00 00 00 00 00 00 FB 
3AF      02 00 00 00 00 00 00 F8 
03401012      00 02 1A 89 00 00 00 00 
3AF      03 00 00 00 00 00 00 F9 
3AF      04 00 00 00 00 00 00 FE 
03401014      00 12 60 17 10 01 20 00 
3AF      05 00 00 00 00 00 00 FF 
03401020      00 00 00 00 00 00 00 00 
3AF      06 00 00 00 00 00 00 FC 
3AF      07 00 00 00 00 00 00 FD 
03401030      00 00 00 00 00 00 00 00 
3AF      01 00 00 00 00 00 00 FB 
3AF      02 00 00 00 00 00 00 F8 
03401038      00 00 00 00 00 00 00 00 
3AF      03 00 00 00 00 00 00 F9 
03401040      00 20 00 00 00 00 00 00 
3AF      04 00 00 00 00 00 00 FE 
3AF      05 00 00 00 00 00 00 FF 
03401008      00 01 00 00 E8 07 D0 04 
3AF      06 00 00 00 00 00 00 FC 
3AF      07 00 00 00 00 00 00 FD 
03401010      5F 18 01 00 00 0A D2 00 
3AF      01 00 00 00 00 00 00 FB 
03401012      00 02 1A 89 00 00 00 00 
3AF      02 00 00 00 00 00 00 F8 
3AF      03 00 00 00 00 00 00 F9 
03401014      00 12 60 17 10 01 20 00 
3AF      04 00 00 00 00 00 00 FE 
3AF      05 00 00 00 00 00 00 FF 
03401020      00 00 00 00 00 00 00 00 
3AF      06 00 00 00 00 00 00 FC 
03401030      00 00 00 00 00 00 00 00 
3AF      07 00 00 00 00 00 00 FD 
3AF      01 00 00 00 00 00 00 FB 
03401038      00 00 00 00 00 00 00 00 
3AF      02 00 00 00 00 00 00 F8 
3AF      03 00 00 00 00 00 00 F9 
03401040      00 20 00 00 00 00 00 00 
3AF      04 00 00 00 00 00 00 FE 
03401008      00 01 00 01 B5 07 D0 04 
3AF      05 00 00 00 00 00 00 FF 
3AF      06 00 00 00 00 00 00 FC 
03401010      5F 18 01 00 00 0A D2 00 
3AF      07 00 00 00 00 00 00 FD 
3AF      01 00 00 00 00 00 00 FB 
03401012      00 02 1A 89 00 00 00 00 
3AF      02 00 00 00 00 00 00 F8 
03401014      00 12 60 17 00 01 20 00 
3AF      03 00 00 00 00 00 00 F9 
3AF      04 00 00 00 00 00 00 FE 
03401020      00 00 00 00 00 00 00 00 
3AF      05 00 00 00 00 00 00 FF 
3AF      06 00 00 00 00 00 00 FC 
03401030      00 00 00 00 00 00 00 00 
3AF      07 00 00 00 00 00 00 FD 
03401038      00 00 00 00 00 00 00 00 
3AF      01 00 00 00 00 00 00 FB 
3AF      02 00 00 00 00 00 00 F8 
03401040      00 20 00 00 00 00 00 00 
3AF      03 00 00 00 00 00 00 F9 
3AF      04 00 00 00 00 00 00 FE 
03401008      00 01 00 02 A4 07 D0 04 
3AF      05 00 00 00 00 00 00 FF 
03401010      5F 18 01 00 00 0A D2 00 
3AF      06 00 00 00 00 00 00 FC 
3AF      07 00 00 00 00 00 00 FD 
03401012      00 02 1A 89 00 00 00 00 
3AF      01 00 00 00 00 00 00 FB 
3AF      02 00 00 00 00 00 00 F8 
03401014      00 12 60 17 00 01 20 00 
3AF      03 00 00 00 00 00 00 F9 
03401020      00 00 00 00 00 00 00 00 
3AF      04 00 00 00 00 00 00 FE 
3AF      05 00 00 00 00 00 00 FF 
03401030      00 00 00 00 00 00 00 00 
3AF      06 00 00 00 00 00 00 FC 
3AF      07 00 00 00 00 00 00 FD 
03401038      00 00 00 00 00 00 00 00 
3AF      01 00 00 00 00 00 00 FB 
03401040      00 20 00 00 00 00 00 00 
3AF      02 00 00 00 00 00 00 F8 
3AF      03 00 00 00 00 00 00 F9 
03401008      00 01 00 03 7C 07 D0 04 
3AF      04 00 00 00 00 00 00 FE 
3AF      05 00 00 00 00 00 00 FF 
03401010      5F 18 01 00 00 0A D2 00 
3AF      06 00 00 00 00 00 00 FC 
03401012      00 02 1A 89 00 00 00 00 
3AF      07 00 00 00 00 00 00 FD 
3AF      01 00 00 00 00 00 00 FB 
03401014      00 12 60 17 00 01 20 00 
3AF      02 00 00 00 00 00 00 F8 
3AF      03 00 00 00 00 00 00 F9 
03401020      00 00 00 00 00 00 00 00 
3AF      04 00 00 00 00 00 00 FE 
03401030      00 00 00 00 00 00 00 00 
3AF      05 00 00 00 00 00 00 FF 
3AF      06 00 00 00 00 00 00 FC 
03401038      00 00 00 00 00 00 00 00 
3AF      07 00 00 00 00 00 00 FD 
3AF      01 00 00 00 00 00 00 FB 
03401040      00 20 00 00 00 00 00 00 
3AF      02 00 00 00 00 00 00 F8 
03401008      00 01 00 04 59 07 D0 04 
3AF      03 00 00 00 00 00 00 F9 
3AF      04 00 00 00 00 00 00 FE 
03401010      5F 18 01 00 00 0A D2 00 
3AF      05 00 00 00 00 00 00 FF 
3AF      06 00 00 00 00 00 00 FC 
03401012      00 02 1A 89 00 00 00 00 
3AF      07 00 00 00 00 00 00 FD 
03401014      00 12 60 17 00 01 20 00 
3AF      01 00 00 00 00 00 00 FB 
3AF      02 00 00 00 00 00 00 F8 
03401020      00 00 00 00 00 00 00 00 
3AF      03 00 00 00 00 00 00 F9 
3AF      04 00 00 00 00 00 00 FE 
03401030      00 00 00 00 00 00 00 00 
3AF      05 00 00 00 00 00 00 FF 
03401038      00 00 00 00 00 00 00 00 
3AF      06 00 00 00 00 00 00 FC 
3AF      07 00 00 00 00 00 00 FD 
03401040      00 20 00 00 00 00 00 00 
3AF      01 00 00 00 00 00 00 FB 
3AF      02 00 00 00 00 00 00 F8 
03401008      00 01 00 05 37 07 D0 04 
3AF      03 00 00 00 00 00 00 F9 
03401010      5F 18 01 00 00 0A D2 00 
3AF      04 00 00 00 00 00 00 FE 
3AF      05 00 00 00 00 00 00 FF 
03401012      00 02 1A 89 00 00 00 00 
3AF      06 00 00 00 00 00 00 FC 
3AF      07 00 00 00 00 00 00 FD 
03401014      00 12 60 17 00 01 20 00 
3AF      01 00 00 00 00 00 00 FB 
03401020      00 00 00 00 00 00 00 00 
3AF      02 00 00 00 00 00 00 F8 
3AF      03 00 00 00 00 00 00 F9 
03401030      00 00 00 00 00 00 00 00 
3AF      04 00 00 00 00 00 00 FE 
3AF      05 00 00 00 00 00 00 FF 
03401038      00 00 00 00 00 00 00 00 
3AF      06 00 00 00 00 00 00 FC 
03401040      00 20 00 00 00 00 00 00 
3AF      07 00 00 00 00 00 00 FD 
3AF      01 00 00 00 00 00 00 FB 
03401008      00 01 00 06 14 07 D0 04 
3AF      02 00 00 00 00 00 00 F8 
3AF      03 00 00 00 00 00 00 F9 
03401010      5F 18 01 00 00 0A D2 00 
3AF      04 00 00 00 00 00 00 FE 
03401012      00 02 1A 89 00 00 00 00 
3AF      05 00 00 00 00 00 00 FF 
3AF      06 00 00 00 00 00 00 FC 
03401014      00 12 60 17 00 01 20 00 
3AF      07 00 00 00 00 00 00 FD 
3AF      01 00 00 00 00 00 00 FB 
03401020      00 00 00 00 00 00 00 00 
3AF      02 00 00 00 00 00 00 F8 
03401030      00 00 00 00 00 00 00 00 
3AF      03 00 00 00 00 00 00 F9 
3AF      04 00 00 00 00 00 00 FE 
03401038      00 00 00 00 00 00 00 00 
3AF      05 00 00 00 00 00 00 FF 
3AF      06 00 00 00 00 00 00 FC 
03401040      00 20 00 00 00 00 00 00 
3AF      07 00 00 00 00 00 00 FD 
03401008      00 01 00 06 E7 07 D0 05 
3AF      01 00 00 00 00 00 00 FB 
3AF      02 00 00 00 00 00 00 F8 
03401010      5F 18 01 00 00 0A D2 00 
3AF      03 00 00 00 00 00 00 F9 
3AF      04 00 00 00 00 00 00 FE 
03401012      00 02 1A 89 00 00 00 00 
3AF      05 00 00 00 00 00 00 FF 
03401014      00 12 60 17 00 01 20 00 
3AF      06 00 00 00 00 00 00 FC 
3AF      07 00 00 00 00 00 00 FD 
03401020      00 00 00 00 00 00 00 00 
3AF      01 00 00 00 00 00 00 FB 
3AF      02 00 00 00 00 00 00 F8 
03401030      00 00 00 00 00 00 00 00 
3AF      03 00 00 00 00 00 00 F9 
03401038      00 00 00 00 00 00 00 00 
3AF      04 00 00 00 00 00 00 FE 
3AF      05 00 00 00 00 00 00 FF 
03401040      00 20 00 00 00 00 00 00 
3AF      06 00 00 00 00 00 00 FC 
3AF      07 00 00 00 00 00 00 FD 
03401008      00 01 00 07 8B 07 D0 05 
3AF      01 00 00 00 00 00 00 FB 
03401010      5F 18 01 00 00 0A D2 00 
3AF      02 00 00 00 00 00 00 F8 
3AF      03 00 00 00 00 00 00 F9 
03401012      00 02 1A 89 00 00 00 00 
3AF      04 00 00 00 00 00 00 FE 
3AF      05 00 00 00 00 00 00 FF 
03401014      00 12 60 17 00 01 20 00 
3AF      06 00 00 00 00 00 00 FC 
03401020      00 00 00 00 00 00 00 00 
3AF      07 00 00 00 00 00 00 FD 
3AF      01 00 00 00 00 00 00 FB 
03401030      00 00 00 00 00 00 00 00 
3AF      02 00 00 00 00 00 00 F8 
3AF      03 00 00 00 00 00 00 F9 
03401038      00 00 00 00 00 00 00 00 
3AF      04 00 00 00 00 00 00 FE 
03401040      00 20 00 00 00 00 00 00 
3AF      05 00 00 00 00 00 00 FF 
3AF      06 00 00 00 00 00 00 FC 
03401008      00 01 00 07 D5 07 D0 05 
3AF      07 00 00 00 00 00 00 FD 
3AF      01 00 00 00 00 00 00 FB 
03401010      5F 18 01 00 00 0A D2 00 
3AF      02 00 00 00 00 00 00 F8 
03401012      00 02 1A 89 00 00 00 00 
3AF      03 00 00 00 00 00 00 F9 
3AF      04 00 00 00 00 00 00 FE 
03401014      00 12 60 17 00 01 20 00 
3AF      05 00 00 00 00 00 00 FF 
3AF      06 00 00 00 00 00 00 FC 
03401020      00 00 00 00 00 00 00 00 
3AF      07 00 00 00 00 00 00 FD 
03401030      00 00 00 00 00 00 00 00 
3AF      01 00 00 00 00 00 00 FB 
3AF      02 00 00 00 00 00 00 F8 
03401038      00 00 00 00 00 00 00 00 
3AF      03 00 00 00 00 00 00 F9 
3AF      04 00 00 00 00 00 00 FE 
03401040      00 20 00 00 00 00 00 00 
3AF      05 00 00 00 00 00 00 FF 
03401008      00 01 00 07 E1 07 D0 05 
3AF      06 00 00 00 00 00 00 FC 
3AF      07 00 00 00 00 00 00 FD 
3AF      07 00 00 00 00 00 00 FD       07 00 00 00 00 00 00 FD 
