3AF      01 00 00 00 00 00 00 FB 
3AF      02 00 00 00 00 00 00 F8 
03401010      5F 18 01 00 00 0A D2 00 
3AF      03 00 00 00 00 00 00 F9 
03401012      00 02 1A B1 00 00 00 00 
3AF      04 00 00 00 00 00 00 FE 
3AF      05 00 00 00 00 00 00 FF 
03401014      00 00 60 00 98 01 20 00 
3AF      06 00 00 00 00 00 00 FC 
3AF      07 00 00 00 00 00 00 FD 
03401020      00 00 00 00 00 00 00 00 
3AF      01 00 00 00 00 00 00 FB 
03401030      00 00 00 00 00 00 00 00 
3AF      02 00 00 00 00 00 00 F8 
3AF      03 00 00 00 00 00 00 F9 
03401038      00 00 00 00 00 00 00 00 
3AF      04 00 00 00 00 00 00 FE 
3AF      05 00 00 00 00 00 00 FF 
03401040      00 00 00 00 00 00 00 00 
3AF      06 00 00 00 00 00 00 FC 
03401008      00 01 00 00 00 07 D0 05 
3AF      07 00 00 00 00 00 00 FD 
3AF      01 00 00 00 00 00 00 FB 
03401010      5F 18 01 00 00 0A D2 00 
3AF      02 00 00 00 00 00 00 F8 
3AF      03 00 00 00 00 00 00 F9 
03401012      00 02 1A B1 00 00 00 00 
3AF      04 00 00 00 00 00 00 FE 
03401014      00 00 60 00 98 01 20 00 
3AF      05 00 00 00 00 00 00 FF 
3AF      06 00 00 00 00 00 00 FC 
03401020      00 00 00 00 00 00 00 00 
3AF      07 00 00 00 00 00 00 FD 
3AF      01 00 00 00 00 00 00 FB 
03401030      00 00 00 00 00 00 00 00 
3AF      02 00 00 00 00 00 00 F8 
03401038      00 00 00 00 00 00 00 00 
3AF      03 00 00 00 00 00 00 F9 
3AF      04 00 00 00 00 00 00 FE 
03401040      00 00 00 00 00 00 00 00 
3AF      05 00 00 00 00 00 00 FF 
3AF      06 00 00 00 00 00 00 FC 
03401008      00 01 00 00 00 07 D0 05 
3AF      07 00 00 00 00 00 00 FD 
03401010      5F 18 01 00 00 0A D2 00 
3AF      01 00 00 00 00 00 00 FB 
3AF      02 00 00 00 00 00 00 F8 
03401012      00 02 1A B1 00 00 00 00 
3AF      03 00 00 00 00 00 00 F9 
3AF      04 00 00 00 00 00 00 FE 
03401014      00 00 60 00 98 01 20 00 
3AF      05 00 00 00 00 00 00 FF 
03401020      00 00 00 00 00 00 00 00 
3AF      06 00 00 00 00 00 00 FC 
3AF      07 00 00 00 00 00 00 FD 
03401030      00 00 00 00 00 00 00 00 
3AF      01 00 00 00 00 00 00 FB 
3AF      02 00 00 00 00 00 00 F8 
03401038      00 00 00 00 00 00 00 00 
3AF      03 00 00 00 00 00 00 F9 
03401040      00 00 00 00 00 00 00 00 
3AF      04 00 00 00 00 00 00 FE 
3AF      05 00 00 00 00 00 00 FF 
03401008      00 01 00 00 00 07 D0 05 
3AF      06 00 00 00 00 00 00 FC 
3AF      07 00 00 00 00 00 00 FD 
03401010      5F 18 01 00 00 0A D2 00 
3AF      01 00 00 00 00 00 00 FB 
03401012      00 02 1A B1 00 00 00 00 
3AF      02 00 00 00 00 00 00 F8 
3AF      03 00 00 00 00 00 00 F9 
03401014      00 00 60 00 98 01 20 00 
3AF      04 00 00 00 00 00 00 FE 
3AF      05 00 00 00 00 00 00 FF 
03401020      00 00 00 00 00 00 00 00 
3AF      06 00 00 00 00 00 00 FC 
03401030      00 00 00 00 00 00 00 00 
3AF      07 00 00 00 00 00 00 FD 
3AF      01 00 00 00 00 00 00 FB 
03401038      00 00 00 00 00 00 00 00 
3AF      02 00 00 00 00 00 00 F8 
3AF      03 00 00 00 00 00 00 F9 
03401040      00 00 00 00 00 00 00 00 
3AF      04 00 00 00 00 00 00 FE 
03401008      00 01 00 00 00 07 D0 05 
3AF      05 00 00 00 00 00 00 FF 
3AF      06 00 00 00 00 00 00 FC 
03401010      5F 18 01 00 00 0A D2 00 
3AF      07 00 00 00 00 00 00 FD 
3AF      01 00 00 00 00 00 00 FB 
03401012      00 02 1A B1 00 00 00 00 
3AF      02 00 00 00 00 00 00 F8 
03401014      00 00 60 00 98 01 20 00 
3AF      03 00 00 00 00 00 00 F9 
3AF      04 00 00 00 00 00 00 FE 
03401020      00 00 00 00 00 00 00 00 
3AF      05 00 00 00 00 00 00 FF 
3AF      06 00 00 00 00 00 00 FC 
03401030      00 00 00 00 00 00 00 00 
3AF      07 00 00 00 00 00 00 FD 
03401038      00 00 00 00 00 00 00 00 
3AF      01 00 00 00 00 00 00 FB 
3AF      02 00 00 00 00 00 00 F8 
03401040      00 00 00 00 00 00 00 00 
3AF      03 00 00 00 00 00 00 F9 
3AF      04 00 00 00 00 00 00 FE 
03401008      00 01 00 00 00 07 D0 05 
3AF      05 00 00 00 00 00 00 FF 
03401010      5F 18 01 00 00 0A D2 00 
3AF      06 00 00 00 00 00 00 FC 
3AF      07 00 00 00 00 00 00 FD 
03401012      00 02 1A B1 00 00 00 00 
3AF      01 00 00 00 00 00 00 FB 
3AF      02 00 00 00 00 00 00 F8 
03401014      00 00 60 00 98 01 20 00 
3AF      03 00 00 00 00 00 00 F9 
03401020      00 00 00 00 00 00 00 00 
3AF      04 00 00 00 00 00 00 FE 
3AF      05 00 00 00 00 00 00 FF 
03401030      00 00 00 00 00 00 00 00 
3AF      06 00 00 00 00 00 00 FC 
3AF      07 00 00 00 00 00 00 FD 
03401038      00 00 00 00 00 00 00 00 
3AF      01 00 00 00 00 00 00 FB 
03401040      00 00 00 00 00 00 00 00 
3AF      02 00 00 00 00 00 00 F8 
3AF      03 00 00 00 00 00 00 F9 
03401008      00 01 00 00 00 07 D0 05 
3AF      04 00 00 00 00 00 00 FE 
3AF      05 00 00 00 00 00 00 FF 
03401010      5F 18 01 00 00 0A D2 00 
3AF      06 00 00 00 00 00 00 FC 
03401012      00 02 1A B1 00 00 00 00 
3AF      07 00 00 00 00 00 00 FD 
3AF      01 00 00 00 00 00 00 FB 
03401014      00 00 60 00 98 01 20 00 
3AF      02 00 00 00 00 00 00 F8 
3AF      03 00 00 00 00 00 00 F9 
03401020      00 00 00 00 00 00 00 00 
3AF      04 00 00 00 00 00 00 FE 
03401030      00 00 00 00 00 00 00 00 
3AF      05 00 00 00 00 00 00 FF 
3AF      06 00 00 00 00 00 00 FC 
03401038      00 00 00 00 00 00 00 00 
3AF      07 00 00 00 00 00 00 FD 
3AF      01 00 00 00 00 00 00 FB 
03401040      00 00 00 00 00 00 00 00 
3AF      02 00 00 00 00 00 00 F8 
03401008      00 01 00 00 00 07 D0 05 
3AF      03 00 00 00 00 00 00 F9 
3AF      04 00 00 00 00 00 00 FE 
03401010      5F 18 01 00 00 0A D2 00 
3AF      05 00 00 00 00 00 00 FF 
3AF      06 00 00 00 00 00 00 FC 
03401012      00 02 1A B1 00 00 00 00 
3AF      07 00 00 00 00 00 00 FD 
03401014      00 00 60 00 98 01 20 00 
3AF      01 00 00 00 00 00 00 FB 
3AF      02 00 00 00 00 00 00 F8 
03401020      00 00 00 00 00 00 00 00 
3AF      03 00 00 00 00 00 00 F9 
3AF      04 00 00 00 00 00 00 FE 
03401030      00 00 00 00 00 00 00 00 
3AF      05 00 00 00 00 00 00 FF 
03401038      00 00 00 00 00 00 00 00 
3AF      06 00 00 00 00 00 00 FC 
3AF      07 00 00 00 00 00 00 FD 
03401040      00 00 00 00 00 00 00 00 
3AF      01 00 00 00 00 00 00 FB 
3AF      02 00 00 00 00 00 00 F8 
03401008      00 01 00 00 00 07 D0 05 
3AF      03 00 00 00 00 00 00 F9 
03401010      5F 18 01 00 00 0A D2 00 
3AF      04 00 00 00 00 00 00 FE 
3AF      05 00 00 00 00 00 00 FF 
03401012      00 02 1A B1 00 00 00 00 
3AF      06 00 00 00 00 00 00 FC 
3AF      07 00 00 00 00 00 00 FD 
03401014      00 00 60 00 98 01 20 00 
3AF      01 00 00 00 00 00 00 FB 
03401020      00 00 00 00 00 00 00 00 
3AF      02 00 00 00 00 00 00 F8 
3AF      03 00 00 00 00 00 00 F9 
03401030      00 00 00 00 00 00 00 00 
3AF      04 00 00 00 00 00 00 FE 
3AF      05 00 00 00 00 00 00 FF 
03401038      00 00 00 00 00 00 00 00 
3AF      06 00 00 00 00 00 00 FC 
03401040      00 00 00 00 00 00 00 00 
3AF      07 00 00 00 00 00 00 FD 
3AF      01 00 00 00 00 00 00 FB 
03401008      00 01 00 00 00 07 D0 05 
3AF      02 00 00 00 00 00 00 F8 
3AF      03 00 00 00 00 00 00 F9 
03401010      5F 18 01 00 00 0A D2 00 
3AF      04 00 00 00 00 00 00 FE 
03401012      00 02 1A B1 00 00 00 00 
3AF      05 00 00 00 00 00 00 FF 
3AF      06 00 00 00 00 00 00 FC 
03401014      00 00 60 00 98 01 20 00 
3AF      07 00 00 00 00 00 00 FD 
3AF      01 00 00 00 00 00 00 FB 
03401020      00 00 00 00 00 00 00 00 
3AF      02 00 00 00 00 00 00 F8 
03401030      00 00 00 00 00 00 00 00 
3AF      03 00 00 00 00 00 00 F9 
3AF      04 00 00 00 00 00 00 FE 
03401038      00 00 00 00 00 00 00 00 
3AF      05 00 00 00 00 00 00 FF 
3AF      06 00 00 00 00 00 00 FC 
03401040      00 00 00 00 00 00 00 00 
3AF      07 00 00 00 00 00 00 FD 
03401008      00 01 00 00 00 07 D0 05 
3AF      01 00 00 00 00 00 00 FB 
3AF      02 00 00 00 00 00 00 F8 
03401010      5F 18 01 00 00 0A D2 00 
3AF      03 00 00 00 00 00 00 F9 
3AF      04 00 00 00 00 00 00 FE 
03401012      00 02 1A B1 00 00 00 00 
3AF      05 00 00 00 00 00 00 FF 
03401014      00 00 60 00 98 01 20 00 
3AF      06 00 00 00 00 00 00 FC 
3AF      07 00 00 00 00 00 00 FD 
03401020      00 00 00 00 00 00 00 00 
3AF      01 00 00 00 00 00 00 FB 
3AF      02 00 00 00 00 00 00 F8 
03401030      00 00 00 00 00 00 00 00 
3AF      03 00 00 00 00 00 00 F9 
03401038      00 00 00 00 00 00 00 00 
3AF      04 00 00 00 00 00 00 FE 
3AF      05 00 00 00 00 00 00 FF 
03401040      00 00 00 00 00 00 00 00 
3AF      06 00 00 00 00 00 00 FC 
3AF      07 00 00 00 00 00 00 FD 
03401008      00 01 00 00 00 07 D0 05 
3AF      01 00 00 00 00 00 00 FB 
03401010      5F 18 01 00 00 0A D2 00 
3AF      02 00 00 00 00 00 00 F8 
3AF      03 00 00 00 00 00 00 F9 
03401012      00 02 1A B1 00 00 00 00 
3AF      04 00 00 00 00 00 00 FE 
3AF      05 00 00 00 00 00 00 FF 
03401014      00 00 60 00 98 01 20 00 
3AF      06 00 00 00 00 00 00 FC 
03401020      00 00 00 00 00 00 00 00 
3AF      07 00 00 00 00 00 00 FD 
3AF      01 00 00 00 00 00 00 FB 
03401030      00 00 00 00 00 00 00 00 
3AF      02 00 00 00 00 00 00 F8 
3AF      03 00 00 00 00 00 00 F9 
03401038      00 00 00 00 00 00 00 00 
3AF      04 00 00 00 00 00 00 FE 
03401040      00 00 00 00 00 00 00 00 
3AF      05 00 00 00 00 00 00 FF 
3AF      06 00 00 00 00 00 00 FC 
03401008      00 01 00 00 00 07 D0 05 
3AF      07 00 00 00 00 00 00 FD 
3AF      01 00 00 00 00 00 00 FB 
03401010      5F 18 01 00 00 0A D2 00 
3AF      02 00 00 00 00 00 00 F8 
03401012      00 02 1A B1 00 00 00 00 
3AF      03 00 00 00 00 00 00 F9 
3AF      04 00 00 00 00 00 00 FE 
03401014      00 00 60 00 98 01 20 00 
3AF      05 00 00 00 00 00 00 FF 
3AF      06 00 00 00 00 00 00 FC 
03401020      00 00 00 00 00 00 00 00 
3AF      07 00 00 00 00 00 00 FD 
03401030      00 00 00 00 00 00 00 00 
3AF      01 00 00 00 00 00 00 FB 
3AF      02 00 00 00 00 00 00 F8 
03401038      00 00 00 00 00 00 00 00 
3AF      03 00 00 00 00 00 00 F9 
3AF      04 00 00 00 00 00 00 FE 
03401040      00 00 00 00 00 00 00 00 
3AF      05 00 00 00 00 00 00 FF 
03401008      00 01 00 00 00 07 D0 05 
3AF      06 00 00 00 00 00 00 FC 
3AF      07 00 00 00 00 00 00 FD 
03401010      5F 18 01 00 00 0A D2 00 
3AF      01 00 00 00 00 00 00 FB 
3AF      02 00 00 00 00 00 00 F8 
03401012      00 02 1A B1 00 00 00 00 
3AF      03 00 00 00 00 00 00 F9 
03401014      00 00 60 00 98 01 20 00 
3AF      04 00 00 00 00 00 00 FE 
3AF      05 00 00 00 00 00 00 FF 
03401020      00 00 00 00 00 00 00 00 
3AF      06 00 00 00 00 00 00 FC 
3AF      07 00 00 00 00 00 00 FD 
03401030      00 00 00 00 00 00 00 00 
3AF      01 00 00 00 00 00 00 FB 
03401038      00 00 00 00 00 00 00 00 
3AF      02 00 00 00 00 00 00 F8 
3AF      03 00 00 00 00 00 00 F9 
03401040      00 00 00 00 00 00 00 00 
3AF      04 00 00 00 00 00 00 FE 
3AF      05 00 00 00 00 00 00 FF 
03401008      00 01 00 00 00 07 D0 05 
3AF      06 00 00 00 00 00 00 FC 
03401010      5F 18 01 00 00 0A D2 00 
3AF      07 00 00 00 00 00 00 FD 
3AF      01 00 00 00 00 00 00 FB 
03401012      00 02 1A B1 00 00 00 00 
3AF      02 00 00 00 00 00 00 F8 
3AF      03 00 00 00 00 00 00 F9 
03401014      00 00 60 00 98 01 20 00 
3AF      04 00 00 00 00 00 00 FE 
03401020      00 00 00 00 00 00 00 00 
3AF      05 00 00 00 00 00 00 FF 
3AF      06 00 00 00 00 00 00 FC 
03401030      00 00 00 00 00 00 00 00 
3AF      07 00 00 00 00 00 00 FD 
3AF      01 00 00 00 00 00 00 FB 
03401038      00 00 00 00 00 00 00 00 
3AF      02 00 00 00 00 00 00 F8 
03401040      00 00 00 00 00 00 00 00 
3AF      03 00 00 00 00 00 00 F9 
3AF      04 00 00 00 00 00 00 FE 
03401008      00 01 00 00 00 07 D0 05 
3AF      05 00 00 00 00 00 00 FF 
3AF      06 00 00 00 00 00 00 FC 
03401010      5F 18 01 00 00 0A D2 00 
3AF      07 00 00 00 00 00 00 FD 
03401012      00 02 1A B1 00 00 00 00 
3AF      01 00 00 00 00 00 00 FB 
3AF      02 00 00 00 00 00 00 F8 
03401014      00 00 60 00 98 01 20 00 
3AF      03 00 00 00 00 00 00 F9 
3AF      04 00 00 00 00 00 00 FE 
03401020      00 00 00 00 00 00 00 00 
3AF      05 00 00 00 00 00 00 FF 
03401030      00 00 00 00 00 00 00 00 
3AF      06 00 00 00 00 00 00 FC 
3AF      07 00 00 00 00 00 00 FD 
03401038      00 00 00 00 00 00 00 00 
3AF      01 00 00 00 00 00 00 FB 
3AF      02 00 00 00 00 00 00 F8 
03401040      00 00 00 00 00 00 00 00 
3AF      03 00 00 00 00 00 00 F9 
03401008      00 01 00 00 00 07 D0 05 
3AF      04 00 00 00 00 00 00 FE 
3AF      05 00 00 00 00 00 00 FF 
03401010      5F 18 01 00 00 0A D2 00 
3AF      06 00 00 00 00 00 00 FC 
3AF      07 00 00 00 00 00 00 FD 
03401012      00 02 1A B1 00 00 00 00 
3AF      01 00 00 00 00 00 00 FB 
03401014      00 00 60 00 98 01 20 00 
3AF      02 00 00 00 00 00 00 F8 
3AF      03 00 00 00 00 00 00 F9 
03401020      00 00 00 00 00 00 00 00 
3AF      04 00 00 00 00 00 00 FE 
3AF      05 00 00 00 00 00 00 FF 
03401030      00 00 00 00 00 00 00 00 
3AF      06 00 00 00 00 00 00 FC 
03401038      00 00 00 00 00 00 00 00 
3AF      07 00 00 00 00 00 00 FD 
3AF      01 00 00 00 00 00 00 FB 
03401040      00 00 00 00 00 00 00 00 
3AF      02 00 00 00 00 00 00 F8 
3AF      03 00 00 00 00 00 00 F9 
03401008      00 01 00 00 00 07 D0 05 
3AF      04 00 00 00 00 00 00 FE 
03401010      5F 18 01 00 00 0A D2 00 
3AF      05 00 00 00 00 00 00 FF 
3AF      06 00 00 00 00 00 00 FC 
03401012      00 02 1A B1 00 00 00 00 
3AF      07 00 00 00 00 00 00 FD 
3AF      01 00 00 00 00 00 00 FB 
03401014      00 00 60 00 98 01 20 00 
3AF      02 00 00 00 00 00 00 F8 
03401020      00 00 00 00 00 00 00 00 
3AF      03 00 00 00 00 00 00 F9 
3AF      04 00 00 00 00 00 00 FE 
03401030      00 00 00 00 00 00 00 00 
3AF      05 00 00 00 00 00 00 FF 
3AF      06 00 00 00 00 00 00 FC 
03401038      00 00 00 00 00 00 00 00 
3AF      07 00 00 00 00 00 00 FD 
03401040      00 00 00 00 00 00 00 00 
3AF      01 00 00 00 00 00 00 FB 
3AF      02 00 00 00 00 00 00 F8 
03401008      00 01 00 00 00 07 D0 05 
3AF      03 00 00 00 00 00 00 F9 
3AF      04 00 00 00 00 00 00 FE 
03401010      5F 18 01 00 00 0A D2 00 
3AF      05 00 00 00 00 00 00 FF 
03401012      00 02 1A B1 00 00 00 00 
3AF      06 00 00 00 00 00 00 FC 
3AF      07 00 00 00 00 00 00 FD 
03401014      00 00 60 00 98 01 20 00 
3AF      01 00 00 00 00 00 00 FB 
3AF      02 00 00 00 00 00 00 F8 
03401020      00 00 00 00 00 00 00 00 
3AF      03 00 00 00 00 00 00 F9 
03401030      00 00 00 00 00 00 00 00 
3AF      04 00 00 00 00 00 00 FE 
3AF      05 00 00 00 00 00 00 FF 
03401038      00 00 00 00 00 00 00 00 
3AF      06 00 00 00 00 00 00 FC 
3AF      07 00 00 00 00 00 00 FD 
03401040      00 00 00 00 00 00 00 00 
3AF      01 00 00 00 00 00 00 FB 
03401008      00 01 00 00 00 07 D0 05 
3AF      02 00 00 00 00 00 00 F8 
3AF      03 00 00 00 00 00 00 F9 
03401010      5F 18 01 00 00 0A D2 00 
3AF      04 00 00 00 00 00 00 FE 
3AF      05 00 00 00 00 00 00 FF 
03401012      00 02 1A B2 00 00 00 00 
3AF      06 00 00 00 00 00 00 FC 
03401014      00 10 60 14 18 01 20 00 
3AF      07 00 00 00 00 00 00 FD 
3AF      01 00 00 00 00 00 00 FB 
03401020      00 00 00 00 00 00 00 00 
3AF      02 00 00 00 00 00 00 F8 
3AF      03 00 00 00 00 00 00 F9 
03401030      20 00 00 00 00 00 00 00 
3AF      04 00 00 00 00 00 00 FE 
03401038      00 00 00 00 00 00 00 00 
3AF      05 00 00 00 00 00 00 FF 
3AF      06 00 00 00 00 00 00 FC 
03401040      00 00 00 00 00 00 00 00 
3AF      07 00 00 00 00 00 00 FD 
3AF      01 00 00 00 00 00 00 FB 
03401008      00 01 00 00 00 07 D0 05 
3AF      02 00 00 00 00 00 00 F8 
03401010      5F 18 01 00 00 0A D2 00 
3AF      03 00 00 00 00 00 00 F9 
3AF      04 00 00 00 00 00 00 FE 
03401012      00 02 1A B2 00 00 00 00 
3AF      05 00 00 00 00 00 00 FF 
3AF      06 00 00 00 00 00 00 FC 
03401014      00 12 60 14 18 01 20 00 
3AF      07 00 00 00 00 00 00 FD 
03401020      00 00 00 00 00 00 00 00 
3AF      01 00 00 00 00 00 00 FB 
3AF      02 00 00 00 00 00 00 F8 
03401030      20 00 00 00 00 00 00 00 
3AF      04 00 00 00 00 00 00 FE 
03401038      00 00 00 00 00 00 00 00 
3AF      03 00 00 00 00 00 00 F9 
3AF      05 00 00 00 00 00 00 FF 
03401040      00 00 00 00 00 00 00 00 
3AF      06 00 00 00 00 00 00 FC 
3AF      07 00 00 00 00 00 00 FD 
03401008      00 01 00 00 00 07 D0 05 
3AF      01 00 00 00 00 00 00 FB 
3AF      02 00 00 00 00 00 00 F8 
03401010      5F 18 01 00 00 0A D2 00 
3AF      03 00 00 00 00 00 00 F9 
03401012      00 02 1A B2 00 00 00 00 
3AF      04 00 00 00 00 00 00 FE 
3AF      05 00 00 00 00 00 00 FF 
03401014      00 12 60 17 18 01 20 00 
3AF      06 00 00 00 00 00 00 FC 
3AF      07 00 00 00 00 00 00 FD 
03401020      00 00 00 00 00 00 00 00 
3AF      01 00 00 00 00 00 00 FB 
03401030      20 00 00 00 00 00 00 00 
3AF      02 00 00 00 00 00 00 F8 
3AF      03 00 00 00 00 00 00 F9 
03401038      00 00 00 00 00 00 00 00 
3AF      04 00 00 00 00 00 00 FE 
3AF      05 00 00 00 00 00 00 FF 
03401040      00 00 00 00 00 00 00 00 
3AF      06 00 00 00 00 00 00 FC 
03401008      00 01 00 00 0B 07 D0 05 
3AF      07 00 00 00 00 00 00 FD 
3AF      01 00 00 00 00 00 00 FB 
03401010      5F 18 01 00 00 0A D2 00 
3AF      02 00 00 00 00 00 00 F8 
3AF      03 00 00 00 00 00 00 F9 
03401012      00 02 1A B2 00 00 00 00 
3AF      04 00 00 00 00 00 00 FE 
03401014      00 12 60 17 18 01 20 00 
3AF      05 00 00 00 00 00 00 FF 
3AF      06 00 00 00 00 00 00 FC 
03401020      00 00 00 00 00 00 00 00 
3AF      07 00 00 00 00 00 00 FD 
03401030      20 00 00 00 00 00 00 00 
3AF      01 00 00 00 00 00 00 FB 
3AF      02 00 00 00 00 00 00 F8 
03401038      00 00 00 00 00 00 00 00 
3AF      03 00 00 00 00 00 00 F9 
3AF      04 00 00 00 00 00 00 FE 
03401040      00 00 00 00 00 00 00 00 
3AF      05 00 00 00 00 00 00 FF 
03401008      00 01 00 00 00 07 D0 05 
3AF      06 00 00 00 00 00 00 FC 
3AF      07 00 00 00 00 00 00 FD 
03401010      5F 18 01 00 00 0A D2 00 
3AF      01 00 00 00 00 00 00 FB 
3AF      02 00 00 00 00 00 00 F8 
03401012      00 02 1A B2 00 00 00 00 
3AF      03 00 00 00 00 00 00 F9 
3AF      04 00 00 00 00 00 00 FE 
03401014      00 12 60 17 18 01 20 00 
3AF      05 00 00 00 00 00 00 FF 
03401020      00 00 00 00 00 00 00 00 
3AF      06 00 00 00 00 00 00 FC 
3AF      07 00 00 00 00 00 00 FD 
03401030      20 00 00 00 00 00 00 00 
3AF      01 00 00 00 00 00 00 FB 
3AF      02 00 00 00 00 00 00 F8 
03401038      00 00 00 00 00 00 00 00 
3AF      03 00 00 00 00 00 00 F9 
03401040      00 00 00 00 00 00 00 00 
3AF      04 00 00 00 00 00 00 FE 
3AF      05 00 00 00 00 00 00 FF 
03401008      00 01 00 00 1C 07 D0 05 
3AF      06 00 00 00 00 00 00 FC 
03401010      5F 18 01 00 00 0A D2 00 
3AF      07 00 00 00 00 00 00 FD 
3AF      01 00 00 00 00 00 00 FB 
03401012      00 02 1A B2 00 00 00 00 
3AF      02 00 00 00 00 00 00 F8 
3AF      03 00 00 00 00 00 00 F9 
03401014      00 12 60 17 10 01 20 00 
3AF      04 00 00 00 00 00 00 FE 
3AF      05 00 00 00 00 00 00 FF 
03401020      00 00 00 00 00 00 00 00 
3AF      06 00 00 00 00 00 00 FC 
03401030      20 00 00 00 00 00 00 00 
3AF      07 00 00 00 00 00 00 FD 
3AF      01 00 00 00 00 00 00 FB 
03401038      00 00 00 00 00 00 00 00 
3AF      02 00 00 00 00 00 00 F8 
3AF      03 00 00 00 00 00 00 F9 
03401040      00 00 00 00 00 00 00 00 
3AF      04 00 00 00 00 00 00 FE 
03401008      00 01 00 00 99 07 D0 05 
3AF      05 00 00 00 00 00 00 FF 
3AF      06 00 00 00 00 00 00 FC 
03401010      5F 18 01 00 00 0A D2 00 
3AF      07 00 00 00 00 00 00 FD 
3AF      01 00 00 00 00 00 00 FB 
03401012      00 02 1A B2 00 00 00 00 
3AF      02 00 00 00 00 00 00 F8 
03401014      00 12 60 17 10 01 20 00 
3AF      03 00 00 00 00 00 00 F9 
3AF      04 00 00 00 00 00 00 FE 
03401020      00 00 00 00 00 00 00 00 
3AF      05 00 00 00 00 00 00 FF 
3AF      06 00 00 00 00 00 00 FC 
03401030      20 00 00 00 00 00 00 00 
03401038      00 00 00 00 00 00 00 00 
3AF      01 00 00 00 00 00 00 FB 
3AF      02 00 00 00 00 00 00 F8 
03401040      00 00 00 00 00 00 00 00 
3AF      03 00 00 00 00 00 00 F9 
3AF      04 00 00 00 00 00 00 FE 
03401008      00 01 00 01 54 07 D0 05 
3AF      05 00 00 00 00 00 00 FF 
03401010      5F 18 01 00 00 0A D2 00 
3AF      06 00 00 00 00 00 00 FC 
3AF      07 00 00 00 00 00 00 FD 
03401012      00 02 1A B2 00 00 00 00 
3AF      01 00 00 00 00 00 00 FB 
3AF      02 00 00 00 00 00 00 F8 
03401014      00 12 60 17 10 01 20 00 
3AF      03 00 00 00 00 00 00 F9 
03401020      00 00 00 00 00 00 00 00 
3AF      04 00 00 00 00 00 00 FE 
3AF      05 00 00 00 00 00 00 FF 
03401030      20 00 00 00 00 00 00 00 
3AF      06 00 00 00 00 00 00 FC 
3AF      07 00 00 00 00 00 00 FD 
03401038      00 00 00 00 00 00 00 00 
3AF      01 00 00 00 00 00 00 FB 
03401040      00 00 00 00 00 00 00 00 
3AF      02 00 00 00 00 00 00 F8 
3AF      03 00 00 00 00 00 00 F9 
03401008      00 01 00 02 38 07 D0 05 
3AF      04 00 00 00 00 00 00 FE 
3AF      05 00 00 00 00 00 00 FF 
03401010      5F 18 01 00 00 0A D2 00 
3AF      06 00 00 00 00 00 00 FC 
03401012      00 02 1A B2 00 00 00 00 
3AF      07 00 00 00 00 00 00 FD 
3AF      01 00 00 00 00 00 00 FB 
03401014      00 12 60 17 00 01 20 00 
3AF      02 00 00 00 00 00 00 F8 
3AF      03 00 00 00 00 00 00 F9 
03401020      00 00 00 00 00 00 00 00 
3AF      04 00 00 00 00 00 00 FE 
03401030      20 00 00 00 00 00 00 00 
3AF      05 00 00 00 00 00 00 FF 
3AF      06 00 00 00 00 00 00 FC 
03401038      00 00 00 00 00 00 00 00 
3AF      07 00 00 00 00 00 00 FD 
3AF      01 00 00 00 00 00 00 FB 
03401040      00 00 00 00 00 00 00 00 
3AF      02 00 00 00 00 00 00 F8 
03401008      00 01 00 03 21 07 D0 05 
3AF      03 00 00 00 00 00 00 F9 
3AF      04 00 00 00 00 00 00 FE 
03401010      5F 18 01 00 00 0A D2 00 
3AF      05 00 00 00 00 00 00 FF 
3AF      06 00 00 00 00 00 00 FC 
03401012      00 02 1A B2 00 00 00 00 
3AF      07 00 00 00 00 00 00 FD 
03401014      00 12 60 17 00 01 20 00 
3AF      01 00 00 00 00 00 00 FB 
3AF      02 00 00 00 00 00 00 F8 
03401020      00 00 00 00 00 00 00 00 
3AF      03 00 00 00 00 00 00 F9 
3AF      04 00 00 00 00 00 00 FE 
03401030      20 00 00 00 00 00 00 00 
3AF      05 00 00 00 00 00 00 FF 
03401038      00 00 00 00 00 00 00 00 
3AF      06 00 00 00 00 00 00 FC 
3AF      07 00 00 00 00 00 00 FD 
03401040      00 00 00 00 00 00 00 00 
3AF      01 00 00 00 00 00 00 FB 
3AF      02 00 00 00 00 00 00 F8 
03401008      00 01 00 03 ED 07 D0 05 
3AF      03 00 00 00 00 00 00 F9 
03401010      5F 18 01 00 00 0A D2 00 
3AF      04 00 00 00 00 00 00 FE 
3AF      05 00 00 00 00 00 00 FF 
03401012      00 02 1A B2 00 00 00 00 
3AF      06 00 00 00 00 00 00 FC 
3AF      07 00 00 00 00 00 00 FD 
03401014      00 12 60 17 00 01 20 00 
3AF      01 00 00 00 00 00 00 FB 
03401020      00 00 00 00 00 00 00 00 
3AF      02 00 00 00 00 00 00 F8 
3AF      03 00 00 00 00 00 00 F9 
03401030      20 00 00 00 00 00 00 00 
3AF      04 00 00 00 00 00 00 FE 
3AF      05 00 00 00 00 00 00 FF 
03401038      00 00 00 00 00 00 00 00 
3AF      06 00 00 00 00 00 00 FC 
03401040      00 00 00 00 00 00 00 00 
3AF      07 00 00 00 00 00 00 FD 
3AF      01 00 00 00 00 00 00 FB 
03401008      00 01 00 04 98 07 D0 05 
3AF      02 00 00 00 00 00 00 F8 
3AF      03 00 00 00 00 00 00 F9 
03401010      5F 18 01 00 00 0A D2 00 
3AF      04 00 00 00 00 00 00 FE 
03401012      00 02 1A B2 00 00 00 00 
3AF      05 00 00 00 00 00 00 FF 
3AF      06 00 00 00 00 00 00 FC 
03401014      00 12 60 17 00 01 20 00 
3AF      07 00 00 00 00 00 00 FD 
3AF      01 00 00 00 00 00 00 FB 
03401020      00 00 00 00 00 00 00 00 
3AF      02 00 00 00 00 00 00 F8 
03401030      20 00 00 00 00 00 00 00 
3AF      03 00 00 00 00 00 00 F9 
3AF      04 00 00 00 00 00 00 FE 
03401038      00 00 00 00 00 00 00 00 
3AF      05 00 00 00 00 00 00 FF 
3AF      06 00 00 00 00 00 00 FC 
03401040      00 00 00 00 00 00 00 00 
3AF      07 00 00 00 00 00 00 FD 
03401008      00 01 00 04 DC 07 D0 05 
3AF      01 00 00 00 00 00 00 FB 
3AF      02 00 00 00 00 00 00 F8 
03401010      5F 18 01 00 00 0A D2 00 
3AF      03 00 00 00 00 00 00 F9 
3AF      04 00 00 00 00 00 00 FE 
03401012      00 02 1A B2 00 00 00 00 
3AF      05 00 00 00 00 00 00 FF 
03401014      00 12 60 17 00 01 20 00 
3AF      06 00 00 00 00 00 00 FC 
3AF      07 00 00 00 00 00 00 FD 
03401020      00 00 00 00 00 00 00 00 
3AF      01 00 00 00 00 00 00 FB 
3AF      02 00 00 00 00 00 00 F8 
03401030      20 00 00 00 00 00 00 00 
3AF      03 00 00 00 00 00 00 F9 
03401038      00 00 00 00 00 00 00 00 
3AF      04 00 00 00 00 00 00 FE 
3AF      05 00 00 00 00 00 00 FF 
03401040      00 00 00 00 00 00 00 00 
3AF      06 00 00 00 00 00 00 FC 
3AF      07 00 00 00 00 00 00 FD 
03401008      00 01 00 04 E7 07 D0 05 
3AF      01 00 00 00 00 00 00 FB 
03401010      5F 18 01 00 00 0A D2 00 
3AF      02 00 00 00 00 00 00 F8 
3AF      03 00 00 00 00 00 00 F9 
03401012      00 02 1A B2 00 00 00 00 
3AF      04 00 00 00 00 00 00 FE 
3AF      05 00 00 00 00 00 00 FF 
03401014      00 12 60 17 00 01 20 00 
3AF      06 00 00 00 00 00 00 FC 
03401020      00 00 00 00 00 00 00 00 
3AF      07 00 00 00 00 00 00 FD 
3AF      01 00 00 00 00 00 00 FB 
03401030      20 00 00 00 00 00 00 00 
3AF      02 00 00 00 00 00 00 F8 
3AF      03 00 00 00 00 00 00 F9 
03401038      00 00 00 00 00 00 00 00 
3AF      04 00 00 00 00 00 00 FE 
03401040      00 00 00 00 00 00 00 00 
3AF      05 00 00 00 00 00 00 FF 
3AF      06 00 00 00 00 00 00 FC 
03401008      00 01 00 04 DC 07 D0 06 
3AF      07 00 00 00 00 00 00 FD 
3AF      01 00 00 00 00 00 00 FB 
03401010      5F 18 01 00 00 0A D2 00 
3AF      02 00 00 00 00 00 00 F8 
03401012      00 02 1A B2 00 00 00 00 
3AF      03 00 00 00 00 00 00 F9 
3AF      04 00 00 00 00 00 00 FE 
03401014      00 12 60 17 00 01 20 00 
3AF      05 00 00 00 00 00 00 FF 
3AF      06 00 00 00 00 00 00 FC 
03401020      00 00 00 00 00 00 00 00 
3AF      07 00 00 00 00 00 00 FD 
03401030      20 00 00 00 00 00 00 00 
3AF      01 00 00 00 00 00 00 FB 
3AF      02 00 00 00 00 00 00 F8 
03401038      00 00 00 00 00 00 00 00 
3AF      03 00 00 00 00 00 00 F9 
3AF      04 00 00 00 00 00 00 FE 
03401040      00 00 00 00 00 00 00 00 
3AF      05 00 00 00 00 00 00 FF 
03401008      00 01 00 04 D6 07 D0 06 
3AF      06 00 00 00 00 00 00 FC 
3AF      07 00 00 00 00 00 00 FD 
03401010      5F 18 01 00 00 0A D2 00 
3AF      01 00 00 00 00 00 00 FB 
3AF      02 00 00 00 00 00 00 F8 
03401012      00 02 1A B2 00 00 00 00 
3AF      03 00 00 00 00 00 00 F9 
03401014      00 12 60 17 00 01 20 00 
3AF      04 00 00 00 00 00 00 FE 
3AF      05 00 00 00 00 00 00 FF 
03401020      00 00 00 00 00 00 00 00 
3AF      06 00 00 00 00 00 00 FC 
3AF      07 00 00 00 00 00 00 FD 
03401030      20 00 00 00 00 00 00 00 
3AF      01 00 00 00 00 00 00 FB 
03401038      00 00 00 00 00 00 00 00 
3AF      02 00 00 00 00 00 00 F8 
3AF      03 00 00 00 00 00 00 F9 
03401040      00 00 00 00 00 00 00 00 
3AF      04 00 00 00 00 00 00 FE 
3AF      05 00 00 00 00 00 00 FF 
03401008      00 01 00 04 8C 07 D0 06 
3AF      06 00 00 00 00 00 00 FC 
03401010      5F 18 01 00 00 0A D2 00 
3AF      07 00 00 00 00 00 00 FD 
3AF      01 00 00 00 00 00 00 FB 
03401012      00 02 1A B2 00 00 00 00 
3AF      02 00 00 00 00 00 00 F8 
3AF      03 00 00 00 00 00 00 F9 
03401014      00 12 60 17 00 01 20 00 
3AF      04 00 00 00 00 00 00 FE 
03401020      00 00 00 00 00 00 00 00 
3AF      05 00 00 00 00 00 00 FF 
3AF      06 00 00 00 00 00 00 FC 
03401030      20 00 00 00 00 00 00 00 
3AF      07 00 00 00 00 00 00 FD 
3AF      01 00 00 00 00 00 00 FB 
03401038      00 00 00 00 00 00 00 00 
3AF      02 00 00 00 00 00 00 F8 
03401040      00 00 00 00 00 00 00 00 
3AF      03 00 00 00 00 00 00 F9 
3AF      04 00 00 00 00 00 00 FE 
03401008      00 01 00 03 D6 07 D0 06 
3AF      05 00 00 00 00 00 00 FF 
3AF      06 00 00 00 00 00 00 FC 
03401010      5F 18 01 00 00 0A D2 00 
3AF      07 00 00 00 00 00 00 FD 
03401012      00 02 1A B2 00 00 00 00 
3AF      01 00 00 00 00 00 00 FB 
3AF      02 00 00 00 00 00 00 F8 
03401014      00 12 60 17 00 01 20 00 
3AF      03 00 00 00 00 00 00 F9 
3AF      04 00 00 00 00 00 00 FE 
03401020      00 00 00 00 00 00 00 00 
3AF      05 00 00 00 00 00 00 FF 
03401030      20 00 00 00 00 00 00 00 
3AF      06 00 00 00 00 00 00 FC 
3AF      07 00 00 00 00 00 00 FD 
03401038      00 00 00 00 00 00 00 00 
3AF      01 00 00 00 00 00 00 FB 
3AF      02 00 00 00 00 00 00 F8 
03401040      00 00 00 00 00 00 00 00 
3AF      03 00 00 00 00 00 00 F9 
03401008      00 01 00 02 F3 07 D0 06 
3AF      04 00 00 00 00 00 00 FE 
3AF      05 00 00 00 00 00 00 FF 
03401010      5F 18 01 00 00 0A D2 00 
3AF      06 00 00 00 00 00 00 FC 
3AF      07 00 00 00 00 00 00 FD 
03401012      00 02 1A B2 00 00 00 00 
3AF      01 00 00 00 00 00 00 FB 
03401014      00 12 60 17 00 01 20 00 
3AF      02 00 00 00 00 00 00 F8 
3AF      03 00 00 00 00 00 00 F9 
03401020      00 00 00 00 00 00 00 00 
3AF      04 00 00 00 00 00 00 FE 
3AF      05 00 00 00 00 00 00 FF 
03401030      20 00 00 00 00 00 00 00 
3AF      06 00 00 00 00 00 00 FC 
03401038      00 00 00 00 00 00 00 00 
3AF      07 00 00 00 00 00 00 FD 
3AF      01 00 00 00 00 00 00 FB 
03401040      00 00 00 00 00 00 00 00 
3AF      02 00 00 00 00 00 00 F8 
3AF      03 00 00 00 00 00 00 F9 
03401008      00 01 00 02 05 07 D0 06 
3AF      04 00 00 00 00 00 00 FE 
03401010      5F 18 01 00 00 0A D2 00 
3AF      05 00 00 00 00 00 00 FF 
3AF      06 00 00 00 00 00 00 FC 
03401012      00 02 1A B2 00 00 00 00 
3AF      07 00 00 00 00 00 00 FD 
3AF      01 00 00 00 00 00 00 FB 
03401014      00 12 60 17 08 01 20 00 
3AF      02 00 00 00 00 00 00 F8 
03401020      00 00 00 00 00 00 00 00 
3AF      03 00 00 00 00 00 00 F9 
3AF      04 00 00 00 00 00 00 FE 
03401030      20 00 00 00 00 00 00 00 
3AF      05 00 00 00 00 00 00 FF 
3AF      06 00 00 00 00 00 00 FC 
03401038      00 00 00 00 00 00 00 00 
3AF      07 00 00 00 00 00 00 FD 
03401040      00 00 00 00 00 00 00 00 
3AF      01 00 00 00 00 00 00 FB 
3AF      02 00 00 00 00 00 00 F8 
03401008      00 01 00 01 2D 07 D0 06 
3AF      03 00 00 00 00 00 00 F9 
3AF      04 00 00 00 00 00 00 FE 
03401010      5F 18 01 00 00 0A D2 00 
3AF      05 00 00 00 00 00 00 FF 
03401012      00 02 1A B2 00 00 00 00 
3AF      06 00 00 00 00 00 00 FC 
3AF      07 00 00 00 00 00 00 FD 
03401014      00 12 60 17 08 01 20 00 
3AF      01 00 00 00 00 00 00 FB 
3AF      02 00 00 00 00 00 00 F8 
03401020      00 00 00 00 00 00 00 00 
3AF      03 00 00 00 00 00 00 F9 
03401030      20 00 00 00 00 00 00 00 
3AF      04 00 00 00 00 00 00 FE 
3AF      05 00 00 00 00 00 00 FF 
03401038      00 00 00 00 00 00 00 00 
3AF      06 00 00 00 00 00 00 FC 
3AF      07 00 00 00 00 00 00 FD 
03401040      00 00 00 00 00 00 00 00 
3AF      01 00 00 00 00 00 00 FB 
03401008      00 01 00 00 6B 07 D0 06 
3AF      02 00 00 00 00 00 00 F8 
3AF      03 00 00 00 00 00 00 F9 
03401010      5F 18 01 00 00 0A D2 00 
3AF      04 00 00 00 00 00 00 FE 
3AF      05 00 00 00 00 00 00 FF 
03401012      00 02 1A B2 00 00 00 00 
3AF      06 00 00 00 00 00 00 FC 
03401014      00 12 60 17 18 01 20 00 
3AF      07 00 00 00 00 00 00 FD 
3AF      01 00 00 00 00 00 00 FB 
03401020      00 00 00 00 00 00 00 00 
3AF      02 00 00 00 00 00 00 F8 
3AF      03 00 00 00 00 00 00 F9 
03401030      20 00 00 00 00 00 00 00 
3AF      04 00 00 00 00 00 00 FE 
03401038      00 00 00 00 00 00 00 00 
3AF      05 00 00 00 00 00 00 FF 
3AF      06 00 00 00 00 00 00 FC 
03401040      00 00 00 00 00 00 00 00 
3AF      07 00 00 00 00 00 00 FD 
3AF      01 00 00 00 00 00 00 FB 
03401008      00 01 00 00 1C 07 D0 06 
3AF      02 00 00 00 00 00 00 F8 
03401010      5F 18 01 00 00 0A D2 00 
3AF      03 00 00 00 00 00 00 F9 
3AF      04 00 00 00 00 00 00 FE 
03401012      00 02 1A B2 00 00 00 00 
3AF      05 00 00 00 00 00 00 FF 
3AF      06 00 00 00 00 00 00 FC 
03401014      00 12 60 17 18 01 20 00 
3AF      07 00 00 00 00 00 00 FD 
03401020      00 00 00 00 00 00 00 00 
3AF      01 00 00 00 00 00 00 FB 
3AF      02 00 00 00 00 00 00 F8 
03401030      20 00 00 00 00 00 00 00 
3AF      03 00 00 00 00 00 00 F9 
3AF      04 00 00 00 00 00 00 FE 
03401038      00 00 00 00 00 00 00 00 
3AF      05 00 00 00 00 00 00 FF 
03401040      00 00 00 00 00 00 00 00 
3AF      06 00 00 00 00 00 00 FC 
3AF      07 00 00 00 00 00 00 FD 
03401008      00 01 00 00 00 07 D0 06 
3AF      01 00 00 00 00 00 00 FB 
3AF      02 00 00 00 00 00 00 F8 
03401010      5F 18 01 00 00 0A D2 00 
3AF      03 00 00 00 00 00 00 F9 
03401012      00 02 1A B2 00 00 00 00 
3AF      04 00 00 00 00 00 00 FE 
3AF      05 00 00 00 00 00 00 FF 
03401014      00 12 60 17 18 01 20 00 
3AF      06 00 00 00 00 00 00 FC 
3AF      07 00 00 00 00 00 00 FD 
03401020      00 00 00 00 00 00 00 00 
3AF      01 00 00 00 00 00 00 FB 
03401030      20 00 00 00 00 00 00 00 
3AF      02 00 00 00 00 00 00 F8 
3AF      03 00 00 00 00 00 00 F9 
03401038      00 00 00 00 00 00 00 00 
3AF      04 00 00 00 00 00 00 FE 
3AF      05 00 00 00 00 00 00 FF 
03401040      00 00 00 00 00 00 00 00 
3AF      06 00 00 00 00 00 00 FC 
03401008      00 01 00 00 00 07 D0 06 
3AF      07 00 00 00 00 00 00 FD 
3AF      01 00 00 00 00 00 00 FB 
03401010      5F 18 01 00 00 0A D2 00 
3AF      02 00 00 00 00 00 00 F8 
3AF      03 00 00 00 00 00 00 F9 
03401012      00 02 1A B2 00 00 00 00 
3AF      04 00 00 00 00 00 00 FE 
03401014      00 12 60 02 18 01 20 00 
3AF      05 00 00 00 00 00 00 FF 
3AF      06 00 00 00 00 00 00 FC 
03401020      00 00 00 00 00 00 00 00 
3AF      07 00 00 00 00 00 00 FD 
3AF      01 00 00 00 00 00 00 FB 
03401030      00 00 00 00 00 00 00 00 
3AF      02 00 00 00 00 00 00 F8 
03401038      00 00 00 00 00 00 00 00 
3AF      03 00 00 00 00 00 00 F9 
3AF      04 00 00 00 00 00 00 FE 
03401040      00 00 00 00 00 00 00 00 
3AF      05 00 00 00 00 00 00 FF 
3AF      06 00 00 00 00 00 00 FC 
03401008      00 01 00 00 00 07 D0 06 
3AF      07 00 00 00 00 00 00 FD 
03401010      5F 18 01 00 00 0A D2 00 
3AF      01 00 00 00 00 00 00 FB 
3AF      02 00 00 00 00 00 00 F8 
03401012      00 02 1A B2 00 00 00 00 
3AF      03 00 00 00 00 00 00 F9 
3AF      04 00 00 00 00 00 00 FE 
03401014      00 12 60 00 18 01 20 00 
3AF      05 00 00 00 00 00 00 FF 
03401020      00 00 00 00 00 00 00 00 
3AF      06 00 00 00 00 00 00 FC 
3AF      07 00 00 00 00 00 00 FD 
03401030      00 00 00 00 00 00 00 00 
3AF      01 00 00 00 00 00 00 FB 
3AF      02 00 00 00 00 00 00 F8 
03401038      00 00 00 00 00 00 00 00 
3AF      03 00 00 00 00 00 00 F9 
03401040      00 00 00 00 00 00 00 00 
3AF      04 00 00 00 00 00 00 FE 
3AF      05 00 00 00 00 00 00 FF 
03401008      00 01 00 00 00 07 D0 06 
3AF      06 00 00 00 00 00 00 FC 
3AF      07 00 00 00 00 00 00 FD 
03401010      5F 18 01 00 00 0A D2 00 
3AF      01 00 00 00 00 00 00 FB 
03401012      00 02 1A B2 00 00 00 00 
3AF      02 00 00 00 00 00 00 F8 
3AF      03 00 00 00 00 00 00 F9 
03401014      00 10 60 00 18 01 20 00 
3AF      04 00 00 00 00 00 00 FE 
3AF      05 00 00 00 00 00 00 FF 
03401020      00 00 00 00 00 00 00 00 
3AF      06 00 00 00 00 00 00 FC 
03401030      00 00 00 00 00 00 00 00 
3AF      07 00 00 00 00 00 00 FD 
3AF      01 00 00 00 00 00 00 FB 
03401038      00 00 00 00 00 00 00 00 
3AF      02 00 00 00 00 00 00 F8 
3AF      03 00 00 00 00 00 00 F9 
03401040      00 00 00 00 00 00 00 00 
3AF      04 00 00 00 00 00 00 FE 
03401008      00 01 00 00 00 07 D0 06 
3AF      05 00 00 00 00 00 00 FF 
3AF      06 00 00 00 00 00 00 FC 
03401010      5F 18 01 00 00 0A D2 00 
3AF      07 00 00 00 00 00 00 FD 
3AF      01 00 00 00 00 00 00 FB 
03401012      00 02 1A B2 00 00 00 00 
3AF      02 00 00 00 00 00 00 F8 
03401014      00 10 60 20 98 01 20 00 
3AF      03 00 00 00 00 00 00 F9 
3AF      04 00 00 00 00 00 00 FE 
03401020      00 00 00 00 00 00 00 00 
3AF      05 00 00 00 00 00 00 FF 
3AF      06 00 00 00 00 00 00 FC 
03401030      00 00 00 00 00 00 00 00 
3AF      07 00 00 00 00 00 00 FD 
03401038      00 00 00 00 00 00 00 00 
3AF      01 00 00 00 00 00 00 FB 
3AF      02 00 00 00 00 00 00 F8 
03401040      00 00 00 00 00 00 00 00 
3AF      03 00 00 00 00 00 00 F9 
3AF      04 00 00 00 00 00 00 FE 
03401008      00 01 00 00 00 07 D0 06 
3AF      05 00 00 00 00 00 00 FF 
03401010      5F 18 01 00 00 0A D2 00 
3AF      06 00 00 00 00 00 00 FC 
3AF      07 00 00 00 00 00 00 FD 
03401012      00 02 1A B2 00 00 00 00 
3AF      01 00 00 00 00 00 00 FB 
3AF      02 00 00 00 00 00 00 F8 
03401014      00 10 60 20 98 01 20 00 
3AF      03 00 00 00 00 00 00 F9 
03401020      00 00 00 00 00 00 00 00 
3AF      04 00 00 00 00 00 00 FE 
3AF      05 00 00 00 00 00 00 FF 
03401030      00 00 00 00 00 00 00 00 
3AF      06 00 00 00 00 00 00 FC 
3AF      07 00 00 00 00 00 00 FD 
03401038      00 00 00 00 00 00 00 00 
3AF      01 00 00 00 00 00 00 FB 
03401040      00 00 00 00 00 00 00 00 
3AF      02 00 00 00 00 00 00 F8 
3AF      03 00 00 00 00 00 00 F9 
03401008      00 01 00 00 00 07 D0 06 
3AF      04 00 00 00 00 00 00 FE 
3AF      05 00 00 00 00 00 00 FF 
03401010      5F 18 01 00 00 0A D2 00 
3AF      06 00 00 00 00 00 00 FC 
03401012      00 02 1A B2 00 00 00 00 
3AF      07 00 00 00 00 00 00 FD 
3AF      01 00 00 00 00 00 00 FB 
03401014      00 10 60 20 9B 00 00 00 
3AF      02 00 00 00 00 00 00 F8 
3AF      03 00 00 00 00 00 00 F9 
03401020      00 00 00 00 00 00 00 00 
3AF      04 00 00 00 00 00 00 FE 
03401030      00 00 00 00 00 00 00 00 
3AF      05 00 00 00 00 00 00 FF 
3AF      06 00 00 00 00 00 00 FC 
03401038      00 00 00 00 00 00 00 00 
3AF      07 00 00 00 00 00 00 FD 
3AF      01 00 00 00 00 00 00 FB 
03401040      00 00 00 00 00 00 00 00 
3AF      02 00 00 00 00 00 00 F8 
03401008      00 01 00 00 00 07 D0 06 
3AF      03 00 00 00 00 00 00 F9 
3AF      04 00 00 00 00 00 00 FE 
03401010      5F 18 01 00 00 0A D2 00 
3AF      05 00 00 00 00 00 00 FF 
3AF      06 00 00 00 00 00 00 FC 
03401012      00 02 1A B2 00 00 00 00 
3AF      07 00 00 00 00 00 00 FD 
03401014      00 10 60 20 9B 00 00 00 
3AF      01 00 00 00 00 00 00 FB 
3AF      02 00 00 00 00 00 00 F8 
03401020      00 00 00 00 00 00 00 00 
3AF      03 00 00 00 00 00 00 F9 
3AF      04 00 00 00 00 00 00 FE 
03401030      00 00 00 00 00 00 00 00 
3AF      05 00 00 00 00 00 00 FF 
03401038      00 00 00 00 00 00 00 00 
3AF      06 00 00 00 00 00 00 FC 
3AF      07 00 00 00 00 00 00 FD 
03401040      00 00 00 00 00 00 00 00 
3AF      01 00 00 00 00 00 00 FB 
3AF      02 00 00 00 00 00 00 F8 
03401008      00 01 00 00 00 07 D0 06 
3AF      03 00 00 00 00 00 00 F9 
03401010      5F 18 01 00 00 0A D2 00 
3AF      04 00 00 00 00 00 00 FE 
3AF      05 00 00 00 00 00 00 FF 
03401012      00 02 1A B2 00 00 00 00 
3AF      06 00 00 00 00 00 00 FC 
3AF      07 00 00 00 00 00 00 FD 
03401014      00 10 60 20 9B 00 00 00 
3AF      01 00 00 00 00 00 00 FB 
03401020      00 00 00 00 00 00 00 00 
3AF      02 00 00 00 00 00 00 F8 
3AF      03 00 00 00 00 00 00 F9 
03401030      00 00 00 00 00 00 00 00 
3AF      04 00 00 00 00 00 00 FE 
3AF      05 00 00 00 00 00 00 FF 
03401038      00 00 00 00 00 00 00 00 
3AF      06 00 00 00 00 00 00 FC 
03401040      00 00 00 00 00 00 00 00 
3AF      07 00 00 00 00 00 00 FD 
3AF      01 00 00 00 00 00 00 FB 
03401008      00 01 00 00 00 07 D0 06 
3AF      02 00 00 00 00 00 00 F8 
3AF      03 00 00 00 00 00 00 F9 
03401010      5F 18 01 00 00 0A D2 00 
3AF      04 00 00 00 00 00 00 FE 
03401012      00 02 1A B2 00 00 00 00 
3AF      05 00 00 00 00 00 00 FF 
3AF      06 00 00 00 00 00 00 FC 
03401014      00 10 60 20 9B 00 00 00 
3AF      07 00 00 00 00 00 00 FD 
3AF      01 00 00 00 00 00 00 FB 
03401020      00 00 00 00 00 00 00 00 
3AF      02 00 00 00 00 00 00 F8 
03401030      00 00 00 00 00 00 00 00 
3AF      03 00 00 00 00 00 00 F9 
3AF      04 00 00 00 00 00 00 FE 
03401038      00 00 00 00 00 00 00 00 
3AF      05 00 00 00 00 00 00 FF 
3AF      06 00 00 00 00 00 00 FC 
03401040      00 00 00 00 00 00 00 00 
3AF      07 00 00 00 00 00 00 FD 
03401008      00 01 00 00 00 07 D0 06 
3AF      01 00 00 00 00 00 00 FB 
3AF      02 00 00 00 00 00 00 F8 
03401010      5F 18 01 00 00 0A D2 00 
3AF      03 00 00 00 00 00 00 F9 
3AF      04 00 00 00 00 00 00 FE 
03401012      00 02 1A B2 00 00 00 00 
3AF      05 00 00 00 00 00 00 FF 
03401014      00 10 60 20 9B 00 00 00 
3AF      06 00 00 00 00 00 00 FC 
3AF      07 00 00 00 00 00 00 FD 
03401020      00 00 00 00 00 00 00 00 
3AF      01 00 00 00 00 00 00 FB 
3AF      02 00 00 00 00 00 00 F8 
03401030      00 00 00 00 00 00 00 00 
3AF      03 00 00 00 00 00 00 F9 
03401038      00 00 00 00 00 00 00 00 
3AF      04 00 00 00 00 00 00 FE 
3AF      05 00 00 00 00 00 00 FF 
03401040      00 00 00 00 00 00 00 00 
3AF      06 00 00 00 00 00 00 FC 
3AF      07 00 00 00 00 00 00 FD 
03401008      00 01 00 00 00 07 D0 06 
3AF      01 00 00 00 00 00 00 FB 
03401010      5F 18 01 00 00 0A D2 00 
3AF      02 00 00 00 00 00 00 F8 
3AF      03 00 00 00 00 00 00 F9 
03401012      00 02 1A B2 00 00 00 00 
3AF      04 00 00 00 00 00 00 FE 
3AF      05 00 00 00 00 00 00 FF 
03401014      00 10 60 00 9B 02 00 00 
3AF      06 00 00 00 00 00 00 FC 
03401020      00 00 00 00 00 00 00 00 
3AF      07 00 00 00 00 00 00 FD 
3AF      01 00 00 00 00 00 00 FB 
03401030      00 00 00 00 00 00 00 00 
3AF      02 00 00 00 00 00 00 F8 
3AF      03 00 00 00 00 00 00 F9 
03401038      00 00 00 00 00 00 00 00 
3AF      04 00 00 00 00 00 00 FE 
03401040      00 00 00 00 00 00 00 00 
3AF      05 00 00 00 00 00 00 FF 
3AF      06 00 00 00 00 00 00 FC 
03401008      00 01 00 00 00 07 D0 06 
3AF      07 00 00 00 00 00 00 FD 
3AF      01 00 00 00 00 00 00 FB 
03401010      5F 18 01 00 00 0A D2 00 
3AF      02 00 00 00 00 00 00 F8 
03401012      00 02 1A B2 00 00 00 00 
3AF      03 00 00 00 00 00 00 F9 
3AF      04 00 00 00 00 00 00 FE 
03401014      00 10 60 00 9B 02 00 00 
3AF      05 00 00 00 00 00 00 FF 
3AF      06 00 00 00 00 00 00 FC 
03401020      00 00 00 00 00 00 00 00 
3AF      07 00 00 00 00 00 00 FD 
03401030      00 00 00 00 00 00 00 00 
3AF      01 00 00 00 00 00 00 FB 
3AF      02 00 00 00 00 00 00 F8 
03401038      00 00 00 00 00 00 00 00 
3AF      03 00 00 00 00 00 00 F9 
3AF      04 00 00 00 00 00 00 FE 
03401040      00 00 00 00 00 00 00 00 
3AF      05 00 00 00 00 00 00 FF 
03401008      00 01 00 00 00 07 D0 06 
3AF      06 00 00 00 00 00 00 FC 
3AF      07 00 00 00 00 00 00 FD 
03401010      5F 18 01 00 00 0A D2 00 
3AF      01 00 00 00 00 00 00 FB 
3AF      02 00 00 00 00 00 00 F8 
03401012      00 02 1A B2 00 00 00 00 
3AF      03 00 00 00 00 00 00 F9 
03401014      00 10 60 00 9B 02 00 00 
3AF      04 00 00 00 00 00 00 FE 
3AF      05 00 00 00 00 00 00 FF 
03401020      00 00 00 00 00 00 00 00 
3AF      06 00 00 00 00 00 00 FC 
3AF      07 00 00 00 00 00 00 FD 
03401030      00 00 00 00 00 00 00 00 
03401038      00 00 00 00 00 00 00 00 
3AF      02 00 00 00 00 00 00 F8 
3AF      03 00 00 00 00 00 00 F9 
03401040      00 00 00 00 00 00 00 00 
3AF      04 00 00 00 00 00 00 FE 
3AF      05 00 00 00 00 00 00 FF 
03401008      00 01 00 00 00 07 D0 06 
3AF      06 00 00 00 00 00 00 FC 
03401010      5F 18 01 00 00 0A D2 00 
3AF      07 00 00 00 00 00 00 FD 
3AF      01 00 00 00 00 00 00 FB 
03401012      00 02 1A B2 00 00 00 00 
3AF      02 00 00 00 00 00 00 F8 
3AF      03 00 00 00 00 00 00 F9 
03401014      00 10 60 00 9B 02 00 00 
3AF      04 00 00 00 00 00 00 FE 
03401020      00 00 00 00 00 00 00 00 
3AF      05 00 00 00 00 00 00 FF 
3AF      06 00 00 00 00 00 00 FC 
03401030      00 00 00 00 00 00 00 00 
3AF      07 00 00 00 00 00 00 FD 
3AF      01 00 00 00 00 00 00 FB 
03401038      00 00 00 00 00 00 00 00 
3AF      02 00 00 00 00 00 00 F8 
03401040      00 00 00 00 00 00 00 00 
3AF      03 00 00 00 00 00 00 F9 
3AF      04 00 00 00 00 00 00 FE 
03401008      00 01 00 00 00 07 D0 06 
3AF      05 00 00 00 00 00 00 FF 
3AF      06 00 00 00 00 00 00 FC 
03401010      5F 18 01 00 00 0A D2 00 
3AF      07 00 00 00 00 00 00 FD 
03401012      00 02 1A B2 00 00 00 00 
3AF      01 00 00 00 00 00 00 FB 
3AF      02 00 00 00 00 00 00 F8 
03401014      00 10 60 00 9B 02 00 00 
3AF      03 00 00 00 00 00 00 F9 
3AF      04 00 00 00 00 00 00 FE 
03401020      00 00 00 00 00 00 00 00 
3AF      05 00 00 00 00 00 00 FF 
03401030      00 00 00 00 00 00 00 00 
3AF      06 00 00 00 00 00 00 FC 
3AF      07 00 00 00 00 00 00 FD 
03401038      00 00 00 00 00 00 00 00 
3AF      01 00 00 00 00 00 00 FB 
3AF      02 00 00 00 00 00 00 F8 
03401040      00 00 00 00 00 00 00 00 
3AF      03 00 00 00 00 00 00 F9 
03401008      00 01 00 00 00 07 D0 06 
3AF      04 00 00 00 00 00 00 FE 
3AF      05 00 00 00 00 00 00 FF 
03401010      5F 18 01 00 00 0A D2 00 
3AF      06 00 00 00 00 00 00 FC 
3AF      07 00 00 00 00 00 00 FD 
03401012      00 02 1A B2 00 00 00 00 
3AF      01 00 00 00 00 00 00 FB 
03401014      00 10 60 00 9B 02 00 00 
3AF      02 00 00 00 00 00 00 F8 
3AF      03 00 00 00 00 00 00 F9 
03401020      00 00 00 00 00 00 00 00 
3AF      04 00 00 00 00 00 00 FE 
3AF      05 00 00 00 00 00 00 FF 
03401030      00 00 00 00 00 00 00 00 
3AF      06 00 00 00 00 00 00 FC 
03401038      00 00 00 00 00 00 00 00 
3AF      07 00 00 00 00 00 00 FD 
3AF      01 00 00 00 00 00 00 FB 
03401040      00 00 00 00 00 00 00 00 
3AF      02 00 00 00 00 00 00 F8 
3AF      03 00 00 00 00 00 00 F9 
03401008      00 01 00 00 00 07 D0 06 
3AF      04 00 00 00 00 00 00 FE 
03401010      5F 18 01 00 00 0A D2 00 
3AF      05 00 00 00 00 00 00 FF 
3AF      06 00 00 00 00 00 00 FC 
03401012      00 02 1A B2 00 00 00 00 
3AF      07 00 00 00 00 00 00 FD 
3AF      01 00 00 00 00 00 00 FB 
03401014      00 10 60 00 9B 02 00 00 
3AF      02 00 00 00 00 00 00 F8 
03401020      00 00 00 00 00 00 00 00 
3AF      03 00 00 00 00 00 00 F9 
3AF      04 00 00 00 00 00 00 FE 
03401030      00 00 00 00 00 00 00 00 
3AF      05 00 00 00 00 00 00 FF 
3AF      06 00 00 00 00 00 00 FC 
03401038      00 00 00 00 00 00 00 00 
3AF      07 00 00 00 00 00 00 FD 
03401040      00 00 00 00 00 00 00 00 
3AF      01 00 00 00 00 00 00 FB 
3AF      02 00 00 00 00 00 00 F8 
03401008      00 01 00 00 00 07 D0 06 
3AF      03 00 00 00 00 00 00 F9 
3AF      04 00 00 00 00 00 00 FE 
03401010      5F 18 01 00 00 0A D2 00 
3AF      05 00 00 00 00 00 00 FF 
03401012      00 02 1A B2 00 00 00 00 
3AF      06 00 00 00 00 00 00 FC 
3AF      07 00 00 00 00 00 00 FD 
03401014      00 10 60 00 9B 02 00 00 
3AF      01 00 00 00 00 00 00 FB 
3AF      02 00 00 00 00 00 00 F8 
03401020      00 00 00 00 00 00 00 00 
3AF      03 00 00 00 00 00 00 F9 
03401030      00 00 00 00 00 00 00 00 
3AF      04 00 00 00 00 00 00 FE 
3AF      05 00 00 00 00 00 00 FF 
03401038      00 00 00 00 00 00 00 00 
3AF      06 00 00 00 00 00 00 FC 
3AF      07 00 00 00 00 00 00 FD 
03401040      00 00 00 00 00 00 00 00 
3AF      01 00 00 00 00 00 00 FB 
03401008      00 01 00 00 00 07 D0 06 
3AF      02 00 00 00 00 00 00 F8 
3AF      03 00 00 00 00 00 00 F9 
03401010      5F 18 01 00 00 0A D2 00 
3AF      04 00 00 00 00 00 00 FE 
3AF      05 00 00 00 00 00 00 FF 
03401012      00 02 1A B2 00 00 00 00 
3AF      06 00 00 00 00 00 00 FC 
03401014      00 10 60 00 9B 02 00 00 
3AF      07 00 00 00 00 00 00 FD 
3AF      01 00 00 00 00 00 00 FB 
03401020      00 00 00 00 00 00 00 00 
3AF      02 00 00 00 00 00 00 F8 
3AF      03 00 00 00 00 00 00 F9 
03401030      00 00 00 00 00 00 00 00 
3AF      04 00 00 00 00 00 00 FE 
03401038      00 00 00 00 00 00 00 00 
3AF      05 00 00 00 00 00 00 FF 
3AF      06 00 00 00 00 00 00 FC 
03401040      00 00 00 00 00 00 00 00 
3AF      07 00 00 00 00 00 00 FD 
3AF      01 00 00 00 00 00 00 FB 
03401008      00 01 00 00 00 07 D0 06 
3AF      02 00 00 00 00 00 00 F8 
03401010      5F 18 01 00 00 0A D2 00 
3AF      03 00 00 00 00 00 00 F9 
3AF      04 00 00 00 00 00 00 FE 
03401012      00 02 1A B2 00 00 00 00 
3AF      05 00 00 00 00 00 00 FF 
3AF      06 00 00 00 00 00 00 FC 
03401014      00 10 60 00 9B 02 00 00 
3AF      07 00 00 00 00 00 00 FD 
03401020      00 00 00 00 00 00 00 00 
3AF      01 00 00 00 00 00 00 FB 
3AF      02 00 00 00 00 00 00 F8 
03401030      00 00 00 00 00 00 00 00 
3AF      03 00 00 00 00 00 00 F9 
3AF      04 00 00 00 00 00 00 FE 
03401038      00 00 00 00 00 00 00 00 
3AF      05 00 00 00 00 00 00 FF 
03401040      00 00 00 00 00 00 00 00 
3AF      06 00 00 00 00 00 00 FC 
3AF      07 00 00 00 00 00 00 FD 
03401008      00 01 00 00 00 07 D0 06 
3AF      01 00 00 00 00 00 00 FB 
3AF      02 00 00 00 00 00 00 F8 
03401010      5F 18 01 00 00 0A D2 00 
3AF      03 00 00 00 00 00 00 F9 
03401012      00 02 1A B2 00 00 00 00 
3AF      04 00 00 00 00 00 00 FE 
3AF      05 00 00 00 00 00 00 FF 
03401014      00 10 60 00 9B 02 00 00 
3AF      06 00 00 00 00 00 00 FC 
3AF      07 00 00 00 00 00 00 FD 
03401020      00 00 00 00 00 00 00 00 
3AF      01 00 00 00 00 00 00 FB 
03401030      00 00 00 00 00 00 00 00 
3AF      02 00 00 00 00 00 00 F8 
3AF      03 00 00 00 00 00 00 F9 
03401038      00 00 00 00 00 00 00 00 
3AF      04 00 00 00 00 00 00 FE 
3AF      05 00 00 00 00 00 00 FF 
03401040      00 00 00 00 00 00 00 00 
3AF      06 00 00 00 00 00 00 FC 
03401008      00 01 00 00 00 07 D0 06 
3AF      07 00 00 00 00 00 00 FD 
3AF      01 00 00 00 00 00 00 FB 
03401010      5F 18 01 00 00 0A D2 00 
3AF      02 00 00 00 00 00 00 F8 
3AF      03 00 00 00 00 00 00 F9 
03401012      00 02 1A B2 00 00 00 00 
3AF      04 00 00 00 00 00 00 FE 
03401014      00 10 60 00 9B 02 00 00 
3AF      05 00 00 00 00 00 00 FF 
3AF      06 00 00 00 00 00 00 FC 
03401020      00 00 00 00 00 00 00 00 
3AF      07 00 00 00 00 00 00 FD 
3AF      01 00 00 00 00 00 00 FB 
03401030      00 00 00 00 00 00 00 00 
3AF      02 00 00 00 00 00 00 F8 
03401038      00 00 00 00 00 00 00 00 
3AF      03 00 00 00 00 00 00 F9 
3AF      04 00 00 00 00 00 00 FE 
03401040      00 00 00 00 00 00 00 00 
3AF      05 00 00 00 00 00 00 FF 
3AF      06 00 00 00 00 00 00 FC 
03401008      00 01 00 00 00 07 D0 06 
3AF      07 00 00 00 00 00 00 FD 
03401010      5F 18 01 00 00 0A D2 00 
3AF      01 00 00 00 00 00 00 FB 
3AF      02 00 00 00 00 00 00 F8 
03401012      00 02 1A B2 00 00 00 00 
3AF      03 00 00 00 00 00 00 F9 
3AF      04 00 00 00 00 00 00 FE 
03401014      00 10 60 00 9B 02 00 00 
3AF      05 00 00 00 00 00 00 FF 
03401020      00 00 00 00 00 00 00 00 
3AF      06 00 00 00 00 00 00 FC 
3AF      07 00 00 00 00 00 00 FD 
03401030      00 00 00 00 00 00 00 00 
3AF      01 00 00 00 00 00 00 FB 
3AF      02 00 00 00 00 00 00 F8 
03401038      00 00 00 00 00 00 00 00 
3AF      03 00 00 00 00 00 00 F9 
03401040      00 00 00 00 00 00 00 00 
3AF      04 00 00 00 00 00 00 FE 
3AF      05 00 00 00 00 00 00 FF 
03401008      00 01 00 00 00 07 D0 06 
3AF      06 00 00 00 00 00 00 FC 
3AF      07 00 00 00 00 00 00 FD 
03401010      5F 18 01 00 00 0A D2 00 
3AF      01 00 00 00 00 00 00 FB 
03401012      00 02 1A B2 00 00 00 00 
3AF      02 00 00 00 00 00 00 F8 
3AF      03 00 00 00 00 00 00 F9 
03401014      00 10 60 10 9B 02 00 00 
3AF      04 00 00 00 00 00 00 FE 
3AF      05 00 00 00 00 00 00 FF 
03401020      00 00 00 00 00 00 00 00 
3AF      06 00 00 00 00 00 00 FC 
03401030      00 00 00 00 00 00 00 00 
3AF      07 00 00 00 00 00 00 FD 
3AF      01 00 00 00 00 00 00 FB 
03401038      00 00 00 00 00 00 00 00 
3AF      02 00 00 00 00 00 00 F8 
3AF      03 00 00 00 00 00 00 F9 
03401040      00 00 00 00 00 00 00 00 
3AF      04 00 00 00 00 00 00 FE 
03401008      00 01 00 00 00 07 D0 06 
3AF      05 00 00 00 00 00 00 FF 
3AF      06 00 00 00 00 00 00 FC 
03401010      5F 18 01 00 00 0A D2 00 
3AF      07 00 00 00 00 00 00 FD 
3AF      01 00 00 00 00 00 00 FB 
03401012      00 02 1A B2 00 00 00 00 
3AF      02 00 00 00 00 00 00 F8 
03401014      00 10 60 10 9B 00 00 00 
3AF      03 00 00 00 00 00 00 F9 
3AF      04 00 00 00 00 00 00 FE 
03401020      00 00 00 00 00 00 00 00 
3AF      05 00 00 00 00 00 00 FF 
3AF      06 00 00 00 00 00 00 FC 
03401030      00 00 00 00 00 00 00 00 
3AF      07 00 00 00 00 00 00 FD 
03401038      00 00 00 00 00 00 00 00 
3AF      01 00 00 00 00 00 00 FB 
3AF      02 00 00 00 00 00 00 F8 
03401040      00 00 00 00 00 00 00 00 
3AF      03 00 00 00 00 00 00 F9 
3AF      04 00 00 00 00 00 00 FE 
03401008      00 01 00 00 00 07 D0 06 
3AF      05 00 00 00 00 00 00 FF 
03401010      5F 18 01 00 00 0A D2 00 
3AF      06 00 00 00 00 00 00 FC 
3AF      07 00 00 00 00 00 00 FD 
03401012      00 02 1A B2 00 00 00 00 
3AF      01 00 00 00 00 00 00 FB 
3AF      02 00 00 00 00 00 00 F8 
03401014      00 10 60 10 9B 00 00 00 
3AF      03 00 00 00 00 00 00 F9 
03401020      00 00 00 00 00 00 00 00 
3AF      04 00 00 00 00 00 00 FE 
3AF      05 00 00 00 00 00 00 FF 
03401030      00 00 00 00 00 00 00 00 
3AF      06 00 00 00 00 00 00 FC 
3AF      07 00 00 00 00 00 00 FD 
03401038      00 00 00 00 00 00 00 00 
3AF      01 00 00 00 00 00 00 FB 
03401040      00 00 00 00 00 00 00 00 
3AF      02 00 00 00 00 00 00 F8 
3AF      03 00 00 00 00 00 00 F9 
03401008      00 01 00 00 00 07 D0 06 
3AF      04 00 00 00 00 00 00 FE 
3AF      05 00 00 00 00 00 00 FF 
03401010      5F 18 01 00 00 0A D2 00 
3AF      06 00 00 00 00 00 00 FC 
03401012      00 02 1A B2 00 00 00 00 
3AF      07 00 00 00 00 00 00 FD 
3AF      01 00 00 00 00 00 00 FB 
03401014      00 10 60 10 9B 00 00 00 
3AF      02 00 00 00 00 00 00 F8 
3AF      03 00 00 00 00 00 00 F9 
03401020      00 00 00 00 00 00 00 00 
3AF      04 00 00 00 00 00 00 FE 
03401030      00 00 00 00 00 00 00 00 
3AF      05 00 00 00 00 00 00 FF 
3AF      06 00 00 00 00 00 00 FC 
03401038      00 00 00 00 00 00 00 00 
3AF      07 00 00 00 00 00 00 FD 
3AF      01 00 00 00 00 00 00 FB 
03401040      00 00 00 00 00 00 00 00 
3AF      02 00 00 00 00 00 00 F8 
03401008      00 01 00 00 00 07 D0 06 
3AF      03 00 00 00 00 00 00 F9 
3AF      04 00 00 00 00 00 00 FE 
03401010      5F 18 01 00 00 0A D2 00 
3AF      05 00 00 00 00 00 00 FF 
3AF      06 00 00 00 00 00 00 FC 
03401012      00 02 1A B2 00 00 00 00 
3AF      07 00 00 00 00 00 00 FD 
03401014      00 10 60 10 9B 00 00 00 
3AF      01 00 00 00 00 00 00 FB 
3AF      02 00 00 00 00 00 00 F8 
03401020      00 00 00 00 00 00 00 00 
3AF      03 00 00 00 00 00 00 F9 
3AF      04 00 00 00 00 00 00 FE 
03401030      00 00 00 00 00 00 00 00 
3AF      05 00 00 00 00 00 00 FF 
03401038      00 00 00 00 00 00 00 00 
3AF      06 00 00 00 00 00 00 FC 
3AF      07 00 00 00 00 00 00 FD 
03401040      00 00 00 00 00 00 00 00 
3AF      01 00 00 00 00 00 00 FB 
3AF      02 00 00 00 00 00 00 F8 
03401008      00 01 00 00 00 07 D0 06 
3AF      03 00 00 00 00 00 00 F9 
03401010      5F 18 01 00 00 0A D2 00 
3AF      04 00 00 00 00 00 00 FE 
3AF      05 00 00 00 00 00 00 FF 
03401012      00 02 1A B2 00 00 00 00 
3AF      06 00 00 00 00 00 00 FC 
3AF      07 00 00 00 00 00 00 FD 
03401014      00 10 60 10 9B 00 00 00 
3AF      01 00 00 00 00 00 00 FB 
03401020      00 00 00 00 00 00 00 00 
3AF      02 00 00 00 00 00 00 F8 
3AF      03 00 00 00 00 00 00 F9 
03401030      00 00 00 00 00 00 00 00 
3AF      04 00 00 00 00 00 00 FE 
3AF      05 00 00 00 00 00 00 FF 
03401038      00 00 00 00 00 00 00 00 
3AF      06 00 00 00 00 00 00 FC 
03401040      00 00 00 00 00 00 00 00 
3AF      07 00 00 00 00 00 00 FD 
3AF      01 00 00 00 00 00 00 FB 
03401008      00 01 00 00 00 07 D0 06 
3AF      02 00 00 00 00 00 00 F8 
3AF      03 00 00 00 00 00 00 F9 
03401010      5F 18 01 00 00 0A D2 00 
3AF      04 00 00 00 00 00 00 FE 
03401012      00 02 1A B2 00 00 00 00 
3AF      05 00 00 00 00 00 00 FF 
3AF      06 00 00 00 00 00 00 FC 
03401014      00 10 60 10 9B 00 00 00 
3AF      07 00 00 00 00 00 00 FD 
3AF      01 00 00 00 00 00 00 FB 
03401020      00 00 00 00 00 00 00 00 
3AF      02 00 00 00 00 00 00 F8 
03401030      00 00 00 00 00 00 00 00 
3AF      03 00 00 00 00 00 00 F9 
3AF      04 00 00 00 00 00 00 FE 
03401038      00 00 00 00 00 00 00 00 
3AF      05 00 00 00 00 00 00 FF 
3AF      06 00 00 00 00 00 00 FC 
03401040      00 00 00 00 00 00 00 00 
3AF      07 00 00 00 00 00 00 FD 
03401008      00 01 00 00 00 07 D0 06 
3AF      01 00 00 00 00 00 00 FB 
3AF      02 00 00 00 00 00 00 F8 
03401010      5F 18 01 00 00 0A D2 00 
3AF      03 00 00 00 00 00 00 F9 
3AF      04 00 00 00 00 00 00 FE 
03401012      00 02 1A B2 00 00 00 00 
3AF      05 00 00 00 00 00 00 FF 
03401014      00 10 60 10 9B 00 00 00 
3AF      06 00 00 00 00 00 00 FC 
3AF      07 00 00 00 00 00 00 FD 
03401020      00 00 00 00 00 00 00 00 
3AF      01 00 00 00 00 00 00 FB 
3AF      02 00 00 00 00 00 00 F8 
03401030      00 00 00 00 00 00 00 00 
3AF      03 00 00 00 00 00 00 F9 
03401038      00 00 00 00 00 00 00 00 
3AF      04 00 00 00 00 00 00 FE 
3AF      05 00 00 00 00 00 00 FF 
03401040      00 00 00 00 00 00 00 00 
3AF      06 00 00 00 00 00 00 FC 
3AF      07 00 00 00 00 00 00 FD 
03401008      00 01 00 00 00 07 D0 06 
3AF      01 00 00 00 00 00 00 FB 
03401010      5F 18 01 00 00 0A D2 00 
3AF      02 00 00 00 00 00 00 F8 
3AF      03 00 00 00 00 00 00 F9 
03401012      00 02 1A B2 00 00 00 00 
3AF      04 00 00 00 00 00 00 FE 
3AF      05 00 00 00 00 00 00 FF 
03401014      00 00 60 10 98 00 20 00 
3AF      06 00 00 00 00 00 00 FC 
03401020      00 00 00 00 00 00 00 00 
3AF      07 00 00 00 00 00 00 FD 
3AF      01 00 00 00 00 00 00 FB 
03401030      00 00 00 00 00 00 00 00 
3AF      02 00 00 00 00 00 00 F8 
3AF      03 00 00 00 00 00 00 F9 
03401038      00 00 00 00 00 00 00 00 
3AF      04 00 00 00 00 00 00 FE 
03401040      00 00 00 00 00 00 00 00 
3AF      05 00 00 00 00 00 00 FF 
3AF      06 00 00 00 00 00 00 FC 
03401008      00 01 00 00 00 07 D0 06 
3AF      07 00 00 00 00 00 00 FD 
3AF      01 00 00 00 00 00 00 FB 
03401010      5F 18 01 00 00 0A D2 00 
3AF      02 00 00 00 00 00 00 F8 
03401012      00 02 1A B2 00 00 00 00 
3AF      03 00 00 00 00 00 00 F9 
3AF      04 00 00 00 00 00 00 FE 
03401014      00 00 60 00 98 01 20 00 
3AF      05 00 00 00 00 00 00 FF 
3AF      06 00 00 00 00 00 00 FC 
03401020      00 00 00 00 00 00 00 00 
3AF      07 00 00 00 00 00 00 FD 
03401030      00 00 00 00 00 00 00 00 
3AF      01 00 00 00 00 00 00 FB 
3AF      02 00 00 00 00 00 00 F8 
03401038      00 00 00 00 00 00 00 00 
3AF      03 00 00 00 00 00 00 F9 
3AF      04 00 00 00 00 00 00 FE 
03401040      00 00 00 00 00 00 00 00 
3AF      05 00 00 00 00 00 00 FF 
03401008      00 01 00 00 00 07 D0 06 
3AF      06 00 00 00 00 00 00 FC 
3AF      07 00 00 00 00 00 00 FD 
03401010      5F 18 01 00 00 0A D2 00 
3AF      01 00 00 00 00 00 00 FB 
3AF      02 00 00 00 00 00 00 F8 
03401012      00 02 1A B2 00 00 00 00 
3AF      03 00 00 00 00 00 00 F9 
03401014      00 00 60 00 98 01 20 00 
3AF      04 00 00 00 00 00 00 FE 
3AF      05 00 00 00 00 00 00 FF 
03401020      00 00 00 00 00 00 00 00 
3AF      06 00 00 00 00 00 00 FC 
3AF      07 00 00 00 00 00 00 FD 
03401030      00 00 00 00 00 00 00 00 
3AF      01 00 00 00 00 00 00 FB 
03401038      00 00 00 00 00 00 00 00 
3AF      02 00 00 00 00 00 00 F8 
3AF      03 00 00 00 00 00 00 F9 
03401040      00 00 00 00 00 00 00 00 
3AF      04 00 00 00 00 00 00 FE 
3AF      05 00 00 00 00 00 00 FF 
03401008      00 01 00 00 00 07 D0 06 
3AF      06 00 00 00 00 00 00 FC 
03401010      5F 18 01 00 00 0A D2 00 
3AF      07 00 00 00 00 00 00 FD 
3AF      01 00 00 00 00 00 00 FB 
03401012      00 02 1A B2 00 00 00 00 
3AF      02 00 00 00 00 00 00 F8 
3AF      03 00 00 00 00 00 00 F9 
03401014      00 00 60 00 98 01 20 00 
3AF      04 00 00 00 00 00 00 FE 
03401020      00 00 00 00 00 00 00 00 
3AF      05 00 00 00 00 00 00 FF 
3AF      06 00 00 00 00 00 00 FC 
03401030      00 00 00 00 00 00 00 00 
3AF      07 00 00 00 00 00 00 FD 
3AF      01 00 00 00 00 00 00 FB 
03401038      00 00 00 00 00 00 00 00 
3AF      02 00 00 00 00 00 00 F8 
03401040      00 00 00 00 00 00 00 00 
3AF      03 00 00 00 00 00 00 F9 
3AF      04 00 00 00 00 00 00 FE 
03401008      00 01 00 00 00 07 D0 06 
3AF      05 00 00 00 00 00 00 FF 
3AF      06 00 00 00 00 00 00 FC 
03401010      5F 18 01 00 00 0A D2 00 
3AF      07 00 00 00 00 00 00 FD 
03401012      00 02 1A B2 00 00 00 00 
3AF      01 00 00 00 00 00 00 FB 
3AF      02 00 00 00 00 00 00 F8 
03401014      00 00 60 00 98 01 20 00 
3AF      03 00 00 00 00 00 00 F9 
3AF      04 00 00 00 00 00 00 FE 
03401020      00 00 00 00 00 00 00 00 
3AF      05 00 00 00 00 00 00 FF 
03401030      00 00 00 00 00 00 00 00 
3AF      06 00 00 00 00 00 00 FC 
3AF      07 00 00 00 00 00 00 FD 
03401038      00 00 00 00 00 00 00 00 
3AF      01 00 00 00 00 00 00 FB 
3AF      02 00 00 00 00 00 00 F8 
03401040      00 00 00 00 00 00 00 00 
3AF      03 00 00 00 00 00 00 F9 
03401008      00 01 00 00 00 07 D0 06 
3AF      04 00 00 00 00 00 00 FE 
3AF      05 00 00 00 00 00 00 FF 
03401010      5F 18 01 00 00 0A D2 00 
3AF      06 00 00 00 00 00 00 FC 
3AF      07 00 00 00 00 00 00 FD 
03401012      00 02 1A B2 00 00 00 00 
3AF      01 00 00 00 00 00 00 FB 
03401014      00 00 60 00 98 01 20 00 
3AF      02 00 00 00 00 00 00 F8 
3AF      03 00 00 00 00 00 00 F9 
03401020      00 00 00 00 00 00 00 00 
3AF      04 00 00 00 00 00 00 FE 
3AF      05 00 00 00 00 00 00 FF 
03401030      00 00 00 00 00 00 00 00 
3AF      06 00 00 00 00 00 00 FC 
03401038      00 00 00 00 00 00 00 00 
3AF      07 00 00 00 00 00 00 FD 
3AF      01 00 00 00 00 00 00 FB 
03401040      00 00 00 00 00 00 00 00 
3AF      02 00 00 00 00 00 00 F8 
3AF      03 00 00 00 00 00 00 F9 
03401008      00 01 00 00 00 07 D0 06 
3AF      04 00 00 00 00 00 00 FE 
03401010      5F 18 01 00 00 0A D2 00 
3AF      05 00 00 00 00 00 00 FF 
3AF      06 00 00 00 00 00 00 FC 
03401012      00 02 1A B2 00 00 00 00 
3AF      07 00 00 00 00 00 00 FD 
3AF      01 00 00 00 00 00 00 FB 
03401014      00 00 60 00 98 01 20 00 
3AF      02 00 00 00 00 00 00 F8 
03401020      00 00 00 00 00 00 00 00 
3AF      03 00 00 00 00 00 00 F9 
3AF      04 00 00 00 00 00 00 FE 
03401030      00 00 00 00 00 00 00 00 
3AF      05 00 00 00 00 00 00 FF 
3AF      06 00 00 00 00 00 00 FC 
03401038      00 00 00 00 00 00 00 00 
3AF      07 00 00 00 00 00 00 FD 
03401040      00 00 00 00 00 00 00 00 
3AF      01 00 00 00 00 00 00 FB 
3AF      02 00 00 00 00 00 00 F8 
03401008      00 01 00 00 00 07 D0 06 
3AF      03 00 00 00 00 00 00 F9 
3AF      04 00 00 00 00 00 00 FE 
03401010      5F 18 01 00 00 0A D2 00 
3AF      05 00 00 00 00 00 00 FF 
03401012      00 02 1A B2 00 00 00 00 
3AF      06 00 00 00 00 00 00 FC 
3AF      07 00 00 00 00 00 00 FD 
03401014      00 00 60 00 98 01 20 00 
3AF      01 00 00 00 00 00 00 FB 
3AF      02 00 00 00 00 00 00 F8 
03401020      00 00 00 00 00 00 00 00 
3AF      03 00 00 00 00 00 00 F9 
03401030      00 00 00 00 00 00 00 00 
3AF      04 00 00 00 00 00 00 FE 
3AF      05 00 00 00 00 00 00 FF 
03401038      00 00 00 00 00 00 00 00 
3AF      06 00 00 00 00 00 00 FC 
3AF      07 00 00 00 00 00 00 FD 
03401040      00 00 00 00 00 00 00 00 
3AF      01 00 00 00 00 00 00 FB 
03401008      00 01 00 00 00 07 D0 06 
3AF      02 00 00 00 00 00 00 F8 
3AF      03 00 00 00 00 00 00 F9 
03401010      5F 18 01 00 00 0A D2 00 
3AF      04 00 00 00 00 00 00 FE 
3AF      05 00 00 00 00 00 00 FF 
03401012      00 02 1A B2 00 00 00 00 
3AF      06 00 00 00 00 00 00 FC 
03401014      00 00 60 00 98 01 20 00 
3AF      07 00 00 00 00 00 00 FD 
3AF      01 00 00 00 00 00 00 FB 
03401020      00 00 00 00 00 00 00 00 
3AF      02 00 00 00 00 00 00 F8 
3AF      03 00 00 00 00 00 00 F9 
03401030      00 00 00 00 00 00 00 00 
3AF      04 00 00 00 00 00 00 FE 
03401038      00 00 00 00 00 00 00 00 
3AF      05 00 00 00 00 00 00 FF 
3AF      06 00 00 00 00 00 00 FC 
03401040      00 00 00 00 00 00 00 00 
3AF      07 00 00 00 00 00 00 FD 
3AF      01 00 00 00 00 00 00 FB 
03401008      00 01 00 00 00 07 D0 06 
3AF      02 00 00 00 00 00 00 F8 
03401010      5F 18 01 00 00 0A D2 00 
3AF      03 00 00 00 00 00 00 F9 
3AF      04 00 00 00 00 00 00 FE 
03401012      00 02 1A B2 00 00 00 00 
3AF      05 00 00 00 00 00 00 FF 
3AF      06 00 00 00 00 00 00 FC 
03401014      00 00 60 00 98 01 20 00 
3AF      07 00 00 00 00 00 00 FD 
03401020      00 00 00 00 00 00 00 00 
3AF      01 00 00 00 00 00 00 FB 
3AF      02 00 00 00 00 00 00 F8 
03401030      00 00 00 00 00 00 00 00 
3AF      03 00 00 00 00 00 00 F9 
3AF      04 00 00 00 00 00 00 FE 
03401038      00 00 00 00 00 00 00 00 
3AF      05 00 00 00 00 00 00 FF 
03401040      00 00 00 00 00 00 00 00 
3AF      06 00 00 00 00 00 00 FC 
3AF      07 00 00 00 00 00 00 FD 
03401008      00 01 00 00 00 07 D0 06 
3AF      01 00 00 00 00 00 00 FB 
3AF      02 00 00 00 00 00 00 F8 
03401010      5F 18 01 00 00 0A D2 00 
3AF      03 00 00 00 00 00 00 F9 
03401012      00 02 1A B2 00 00 00 00 
3AF      04 00 00 00 00 00 00 FE 
3AF      05 00 00 00 00 00 00 FF 
03401014      00 00 60 00 98 01 20 00 
3AF      06 00 00 00 00 00 00 FC 
3AF      07 00 00 00 00 00 00 FD 
03401020      00 00 00 00 00 00 00 00 
3AF      01 00 00 00 00 00 00 FB 
03401030      00 00 00 00 00 00 00 00 
3AF      02 00 00 00 00 00 00 F8 
3AF      03 00 00 00 00 00 00 F9 
03401038      00 00 00 00 00 00 00 00 
3AF      04 00 00 00 00 00 00 FE 
3AF      05 00 00 00 00 00 00 FF 
03401040      00 00 00 00 00 00 00 00 
3AF      06 00 00 00 00 00 00 FC 
03401008      00 01 00 00 00 07 D0 06 
3AF      07 00 00 00 00 00 00 FD 
3AF      01 00 00 00 00 00 00 FB 
03401010      5F 18 01 00 00 0A D2 00 
3AF      02 00 00 00 00 00 00 F8 
3AF      03 00 00 00 00 00 00 F9 
03401012      00 02 1A B2 00 00 00 00 
3AF      04 00 00 00 00 00 00 FE 
03401014      00 00 60 00 98 01 20 00 
3AF      05 00 00 00 00 00 00 FF 
3AF      06 00 00 00 00 00 00 FC 
03401020      00 00 00 00 00 00 00 00 
3AF      07 00 00 00 00 00 00 FD 
3AF      01 00 00 00 00 00 00 FB 
03401030      00 00 00 00 00 00 00 00 
03401038      00 00 00 00 00 00 00 00 
3AF      03 00 00 00 00 00 00 F9 
3AF      04 00 00 00 00 00 00 FE 
03401040      00 00 00 00 00 00 00 00 
3AF      05 00 00 00 00 00 00 FF 
3AF      06 00 00 00 00 00 00 FC 
03401008      00 01 00 00 00 07 D0 06 
3AF      07 00 00 00 00 00 00 FD 
03401010      5F 18 01 00 00 0A D2 00 
3AF      01 00 00 00 00 00 00 FB 
3AF      02 00 00 00 00 00 00 F8 
03401012      00 02 1A B2 00 00 00 00 
3AF      03 00 00 00 00 00 00 F9 
3AF      04 00 00 00 00 00 00 FE 
03401014      00 00 60 00 98 01 20 00 
3AF      05 00 00 00 00 00 00 FF 
03401020      00 00 00 00 00 00 00 00 
3AF      06 00 00 00 00 00 00 FC 
3AF      07 00 00 00 00 00 00 FD 
03401030      00 00 00 00 00 00 00 00 
3AF      01 00 00 00 00 00 00 FB 
3AF      02 00 00 00 00 00 00 F8 
03401038      00 00 00 00 00 00 00 00 
3AF      03 00 00 00 00 00 00 F9 
03401040      00 00 00 00 00 00 00 00 
3AF      04 00 00 00 00 00 00 FE 
3AF      05 00 00 00 00 00 00 FF 
03401008      00 01 00 00 00 07 D0 06 
3AF      06 00 00 00 00 00 00 FC 
3AF      07 00 00 00 00 00 00 FD 
03401010      5F 18 01 00 00 0A D2 00 
3AF      01 00 00 00 00 00 00 FB 
03401012      00 02 1A B2 00 00 00 00 
3AF      02 00 00 00 00 00 00 F8 
3AF      03 00 00 00 00 00 00 F9 
03401014      00 00 60 00 98 01 20 00 
3AF      04 00 00 00 00 00 00 FE 
3AF      05 00 00 00 00 00 00 FF 
03401020      00 00 00 00 00 00 00 00 
3AF      06 00 00 00 00 00 00 FC 
03401030      00 00 00 00 00 00 00 00 
3AF      07 00 00 00 00 00 00 FD 
3AF      01 00 00 00 00 00 00 FB 
03401038      00 00 00 00 00 00 00 00 
3AF      02 00 00 00 00 00 00 F8 
3AF      03 00 00 00 00 00 00 F9 
03401040      00 00 00 00 00 00 00 00 
3AF      04 00 00 00 00 00 00 FE 
03401008      00 01 00 00 00 07 D0 06 
3AF      05 00 00 00 00 00 00 FF 
3AF      06 00 00 00 00 00 00 FC 
03401010      5F 18 01 00 00 0A D2 00 
3AF      07 00 00 00 00 00 00 FD 
3AF      01 00 00 00 00 00 00 FB 
03401012      00 02 1A B2 00 00 00 00 
3AF      02 00 00 00 00 00 00 F8 
03401014      00 00 60 00 98 01 20 00 
3AF      03 00 00 00 00 00 00 F9 
3AF      04 00 00 00 00 00 00 FE 
03401020      00 00 00 00 00 00 00 00 
3AF      05 00 00 00 00 00 00 FF 
3AF      06 00 00 00 00 00 00 FC 
03401030      00 00 00 00 00 00 00 00 
3AF      07 00 00 00 00 00 00 FD 
03401038      00 00 00 00 00 00 00 00 
3AF      01 00 00 00 00 00 00 FB 
3AF      02 00 00 00 00 00 00 F8 
03401040      00 00 00 00 00 00 00 00 
3AF      03 00 00 00 00 00 00 F9 
3AF      04 00 00 00 00 00 00 FE 
03401008      00 01 00 00 00 07 D0 06 
3AF      05 00 00 00 00 00 00 FF 
03401010      5F 18 01 00 00 0A D2 00 
3AF      06 00 00 00 00 00 00 FC 
3AF      07 00 00 00 00 00 00 FD 
03401012      00 02 1A B2 00 00 00 00 
3AF      01 00 00 00 00 00 00 FB 
3AF      02 00 00 00 00 00 00 F8 
03401014      00 00 60 00 98 01 20 00 
3AF      03 00 00 00 00 00 00 F9 
03401020      00 00 00 00 00 00 00 00 
3AF      04 00 00 00 00 00 00 FE 
3AF      05 00 00 00 00 00 00 FF 
03401030      00 00 00 00 00 00 00 00 
3AF      06 00 00 00 00 00 00 FC 
3AF      07 00 00 00 00 00 00 FD 
03401038      00 00 00 00 00 00 00 00 
3AF      01 00 00 00 00 00 00 FB 
03401040      00 00 00 00 00 00 00 00 
3AF      02 00 00 00 00 00 00 F8 
3AF      03 00 00 00 00 00 00 F9 
03401008      00 01 00 00 00 07 D0 06 
3AF      04 00 00 00 00 00 00 FE 
3AF      05 00 00 00 00 00 00 FF 
03401010      5F 18 01 00 00 0A D2 00 
3AF      06 00 00 00 00 00 00 FC 
03401012      00 02 1A B2 00 00 00 00 
3AF      07 00 00 00 00 00 00 FD 
3AF      01 00 00 00 00 00 00 FB 
03401014      00 00 60 00 98 01 20 00 
3AF      02 00 00 00 00 00 00 F8 
3AF      03 00 00 00 00 00 00 F9 
03401020      00 00 00 00 00 00 00 00 
3AF      04 00 00 00 00 00 00 FE 
03401030      00 00 00 00 00 00 00 00 
3AF      05 00 00 00 00 00 00 FF 
3AF      06 00 00 00 00 00 00 FC 
03401038      00 00 00 00 00 00 00 00 
3AF      07 00 00 00 00 00 00 FD 
3AF      01 00 00 00 00 00 00 FB 
03401040      00 00 00 00 00 00 00 00 
3AF      02 00 00 00 00 00 00 F8 
03401008      00 01 00 00 00 07 D0 06 
3AF      03 00 00 00 00 00 00 F9 
3AF      04 00 00 00 00 00 00 FE 
03401010      5F 18 01 00 00 0A D2 00 
3AF      05 00 00 00 00 00 00 FF 
3AF      06 00 00 00 00 00 00 FC 
03401012      00 02 1A B2 00 00 00 00 
3AF      07 00 00 00 00 00 00 FD 
03401014      00 00 60 00 98 01 20 00 
3AF      01 00 00 00 00 00 00 FB 
3AF      02 00 00 00 00 00 00 F8 
03401020      00 00 00 00 00 00 00 00 
3AF      03 00 00 00 00 00 00 F9 
3AF      04 00 00 00 00 00 00 FE 
03401030      00 00 00 00 00 00 00 00 
3AF      05 00 00 00 00 00 00 FF 
03401038      00 00 00 00 00 00 00 00 
3AF      06 00 00 00 00 00 00 FC 
3AF      07 00 00 00 00 00 00 FD 
03401040      00 00 00 00 00 00 00 00 
3AF      01 00 00 00 00 00 00 FB 
3AF      02 00 00 00 00 00 00 F8 
03401008      00 01 00 00 00 07 D0 06 
3AF      03 00 00 00 00 00 00 F9 
03401010      5F 18 01 00 00 0A D2 00 
3AF      04 00 00 00 00 00 00 FE 
3AF      05 00 00 00 00 00 00 FF 
03401012      00 02 1A B2 00 00 00 00 
3AF      06 00 00 00 00 00 00 FC 
3AF      07 00 00 00 00 00 00 FD 
03401014      00 00 60 00 98 01 20 00 
3AF      01 00 00 00 00 00 00 FB 
03401020      00 00 00 00 00 00 00 00 
3AF      02 00 00 00 00 00 00 F8 
3AF      03 00 00 00 00 00 00 F9 
03401030      00 00 00 00 00 00 00 00 
3AF      04 00 00 00 00 00 00 FE 
3AF      05 00 00 00 00 00 00 FF 
03401038      00 00 00 00 00 00 00 00 
3AF      06 00 00 00 00 00 00 FC 
03401040      00 00 00 00 00 00 00 00 
3AF      07 00 00 00 00 00 00 FD 
3AF      01 00 00 00 00 00 00 FB 
03401008      00 01 00 00 00 07 D0 06 
3AF      02 00 00 00 00 00 00 F8 
3AF      03 00 00 00 00 00 00 F9 
03401010      5F 18 01 00 00 0A D2 00 
3AF      04 00 00 00 00 00 00 FE 
03401012      00 02 1A B2 00 00 00 00 
3AF      05 00 00 00 00 00 00 FF 
3AF      06 00 00 00 00 00 00 FC 
03401014      00 00 60 00 98 01 20 00 
3AF      07 00 00 00 00 00 00 FD 
3AF      01 00 00 00 00 00 00 FB 
03401020      00 00 00 00 00 00 00 00 
3AF      02 00 00 00 00 00 00 F8 
03401030      00 00 00 00 00 00 00 00 
3AF      03 00 00 00 00 00 00 F9 
3AF      04 00 00 00 00 00 00 FE 
03401038      00 00 00 00 00 00 00 00 
3AF      05 00 00 00 00 00 00 FF 
3AF      06 00 00 00 00 00 00 FC 
03401040      00 00 00 00 00 00 00 00 
3AF      07 00 00 00 00 00 00 FD 
03401008      00 01 00 00 00 07 D0 06 
3AF      01 00 00 00 00 00 00 FB 
3AF      02 00 00 00 00 00 00 F8 
03401010      5F 18 01 00 00 0A D2 00 
3AF      03 00 00 00 00 00 00 F9 
3AF      04 00 00 00 00 00 00 FE 
03401012      00 02 1A B2 00 00 00 00 
3AF      05 00 00 00 00 00 00 FF 
03401014      00 00 60 00 98 01 20 00 
3AF      06 00 00 00 00 00 00 FC 
3AF      07 00 00 00 00 00 00 FD 
03401020      00 00 00 00 00 00 00 00 
3AF      01 00 00 00 00 00 00 FB 
3AF      02 00 00 00 00 00 00 F8 
03401030      00 00 00 00 00 00 00 00 
3AF      03 00 00 00 00 00 00 F9 
03401038      00 00 00 00 00 00 00 00 
3AF      04 00 00 00 00 00 00 FE 
3AF      05 00 00 00 00 00 00 FF 
03401040      00 00 00 00 00 00 00 00 
3AF      06 00 00 00 00 00 00 FC 
3AF      07 00 00 00 00 00 00 FD 
03401008      00 01 00 00 00 07 D0 06 
3AF      01 00 00 00 00 00 00 FB 
03401010      5F 18 01 00 00 0A D2 00 
3AF      02 00 00 00 00 00 00 F8 
3AF      03 00 00 00 00 00 00 F9 
03401012      00 02 1A B2 00 00 00 00 
3AF      04 00 00 00 00 00 00 FE 
3AF      05 00 00 00 00 00 00 FF 
03401014      00 00 60 00 98 01 20 00 
3AF      06 00 00 00 00 00 00 FC 
03401020      00 00 00 00 00 00 00 00 
3AF      07 00 00 00 00 00 00 FD 
3AF      01 00 00 00 00 00 00 FB 
03401030      00 00 00 00 00 00 00 00 
3AF      02 00 00 00 00 00 00 F8 
3AF      03 00 00 00 00 00 00 F9 
03401038      00 00 00 00 00 00 00 00 
3AF      04 00 00 00 00 00 00 FE 
03401040      00 00 00 00 00 00 00 00 
3AF      05 00 00 00 00 00 00 FF 
3AF      06 00 00 00 00 00 00 FC 
03401008      00 01 00 00 00 07 D0 06 
3AF      07 00 00 00 00 00 00 FD 
3AF      01 00 00 00 00 00 00 FB 
03401010      5F 18 01 00 00 0A D2 00 
3AF      02 00 00 00 00 00 00 F8 
03401012      00 02 1A B2 00 00 00 00 
3AF      03 00 00 00 00 00 00 F9 
3AF      04 00 00 00 00 00 00 FE 
03401014      00 00 60 00 98 01 20 00 
3AF      05 00 00 00 00 00 00 FF 
3AF      06 00 00 00 00 00 00 FC 
03401020      00 00 00 00 00 00 00 00 
3AF      07 00 00 00 00 00 00 FD 
03401030      00 00 00 00 00 00 00 00 
3AF      01 00 00 00 00 00 00 FB 
3AF      02 00 00 00 00 00 00 F8 
03401038      00 00 00 00 00 00 00 00 
3AF      03 00 00 00 00 00 00 F9 
3AF      04 00 00 00 00 00 00 FE 
03401040      00 00 00 00 00 00 00 00 
3AF      05 00 00 00 00 00 00 FF 
03401008      00 01 00 00 00 07 D0 06 
3AF      06 00 00 00 00 00 00 FC 
3AF      07 00 00 00 00 00 00 FD 
03401010      5F 18 01 00 00 0A D2 00 
3AF      01 00 00 00 00 00 00 FB 
3AF      02 00 00 00 00 00 00 F8 
03401012      00 02 1A B2 00 00 00 00 
3AF      03 00 00 00 00 00 00 F9 
03401014      00 00 60 00 98 01 20 00 
3AF      04 00 00 00 00 00 00 FE 
3AF      05 00 00 00 00 00 00 FF 
03401020      00 00 00 00 00 00 00 00 
3AF      06 00 00 00 00 00 00 FC 
3AF      07 00 00 00 00 00 00 FD 
03401030      00 00 00 00 00 00 00 00 
3AF      01 00 00 00 00 00 00 FB 
03401038      00 00 00 00 00 00 00 00 
3AF      02 00 00 00 00 00 00 F8 
3AF      03 00 00 00 00 00 00 F9 
03401040      00 00 00 00 00 00 00 00 
3AF      04 00 00 00 00 00 00 FE 
3AF      05 00 00 00 00 00 00 FF 
03401008      00 01 00 00 00 07 D0 06 
3AF      06 00 00 00 00 00 00 FC 
03401010      5F 18 01 00 00 0A D2 00 
3AF      07 00 00 00 00 00 00 FD 
3AF      01 00 00 00 00 00 00 FB 
03401012      00 02 1A B2 00 00 00 00 
3AF      02 00 00 00 00 00 00 F8 
3AF      03 00 00 00 00 00 00 F9 
03401014      00 00 60 00 98 01 20 00 
3AF      04 00 00 00 00 00 00 FE 
03401020      00 00 00 00 00 00 00 00 
3AF      05 00 00 00 00 00 00 FF 
3AF      06 00 00 00 00 00 00 FC 
03401030      00 00 00 00 00 00 00 00 
3AF      07 00 00 00 00 00 00 FD 
3AF      01 00 00 00 00 00 00 FB 
03401038      00 00 00 00 00 00 00 00 
3AF      02 00 00 00 00 00 00 F8 
03401040      00 00 00 00 00 00 00 00 
3AF      03 00 00 00 00 00 00 F9 
3AF      04 00 00 00 00 00 00 FE 
03401008      00 01 00 00 00 07 D0 06 
3AF      05 00 00 00 00 00 00 FF 
3AF      06 00 00 00 00 00 00 FC 
03401010      5F 18 01 00 00 0A D2 00 
3AF      07 00 00 00 00 00 00 FD 
03401012      00 02 1A B2 00 00 00 00 
3AF      01 00 00 00 00 00 00 FB 
3AF      02 00 00 00 00 00 00 F8 
03401014      00 00 60 00 98 01 20 00 
3AF      03 00 00 00 00 00 00 F9 
3AF      04 00 00 00 00 00 00 FE 
03401020      00 00 00 00 00 00 00 00 
3AF      05 00 00 00 00 00 00 FF 
03401030      00 00 00 00 00 00 00 00 
3AF      06 00 00 00 00 00 00 FC 
3AF      07 00 00 00 00 00 00 FD 
03401038      00 00 00 00 00 00 00 00 
3AF      01 00 00 00 00 00 00 FB 
3AF      02 00 00 00 00 00 00 F8 
03401040      00 00 00 00 00 00 00 00 
3AF      03 00 00 00 00 00 00 F9 
03401008      00 01 00 00 00 07 D0 06 
3AF      04 00 00 00 00 00 00 FE 
3AF      05 00 00 00 00 00 00 FF 
03401010      5F 18 01 00 00 0A D2 00 
3AF      06 00 00 00 00 00 00 FC 
3AF      07 00 00 00 00 00 00 FD 
03401012      00 02 1A B2 00 00 00 00 
3AF      01 00 00 00 00 00 00 FB 
03401014      00 00 60 00 98 01 20 00 
3AF      02 00 00 00 00 00 00 F8 
3AF      03 00 00 00 00 00 00 F9 
03401020      00 00 00 00 00 00 00 00 
3AF      04 00 00 00 00 00 00 FE 
3AF      05 00 00 00 00 00 00 FF 
03401030      00 00 00 00 00 00 00 00 
3AF      06 00 00 00 00 00 00 FC 
03401038      00 00 00 00 00 00 00 00 
3AF      07 00 00 00 00 00 00 FD 
3AF      01 00 00 00 00 00 00 FB 
03401040      00 00 00 00 00 00 00 00 
3AF      02 00 00 00 00 00 00 F8 
3AF      03 00 00 00 00 00 00 F9 
03401008      00 01 00 00 00 07 D0 06 
3AF      04 00 00 00 00 00 00 FE 
03401010      5F 18 01 00 00 0A D2 00 
3AF      05 00 00 00 00 00 00 FF 
3AF      06 00 00 00 00 00 00 FC 
03401012      00 02 1A B2 00 00 00 00 
3AF      07 00 00 00 00 00 00 FD 
3AF      01 00 00 00 00 00 00 FB 
03401014      00 00 60 00 98 01 20 00 
3AF      02 00 00 00 00 00 00 F8 
03401020      00 00 00 00 00 00 00 00 
3AF      03 00 00 00 00 00 00 F9 
3AF      04 00 00 00 00 00 00 FE 
03401030      00 00 00 00 00 00 00 00 
3AF      05 00 00 00 00 00 00 FF 
3AF      06 00 00 00 00 00 00 FC 
03401038      00 00 00 00 00 00 00 00 
3AF      07 00 00 00 00 00 00 FD 
03401040      00 00 00 00 00 00 00 00 
3AF      01 00 00 00 00 00 00 FB 
3AF      02 00 00 00 00 00 00 F8 
03401008      00 01 00 00 00 07 D0 06 
3AF      03 00 00 00 00 00 00 F9 
3AF      04 00 00 00 00 00 00 FE 
03401010      5F 18 01 00 00 0A D2 00 
3AF      05 00 00 00 00 00 00 FF 
03401012      00 02 1A B2 00 00 00 00 
3AF      06 00 00 00 00 00 00 FC 
3AF      07 00 00 00 00 00 00 FD 
03401014      00 00 60 00 98 01 20 00 
3AF      01 00 00 00 00 00 00 FB 
3AF      02 00 00 00 00 00 00 F8 
03401020      00 00 00 00 00 00 00 00 
3AF      03 00 00 00 00 00 00 F9 
03401030      00 00 00 00 00 00 00 00 
3AF      04 00 00 00 00 00 00 FE 
3AF      05 00 00 00 00 00 00 FF 
03401038      00 00 00 00 00 00 00 00 
3AF      06 00 00 00 00 00 00 FC 
3AF      07 00 00 00 00 00 00 FD 
03401040      00 00 00 00 00 00 00 00 
3AF      01 00 00 00 00 00 00 FB 
03401008      00 01 00 00 00 07 D0 06 
3AF      02 00 00 00 00 00 00 F8 
3AF      03 00 00 00 00 00 00 F9 
03401010      5F 18 01 00 00 0A D2 00 
3AF      04 00 00 00 00 00 00 FE 
3AF      05 00 00 00 00 00 00 FF 
03401012      00 02 1A B2 00 00 00 00 
3AF      06 00 00 00 00 00 00 FC 
03401014      00 00 60 00 98 01 20 00 
3AF      07 00 00 00 00 00 00 FD 
3AF      01 00 00 00 00 00 00 FB 
03401020      00 00 00 00 00 00 00 00 
3AF      02 00 00 00 00 00 00 F8 
3AF      03 00 00 00 00 00 00 F9 
03401030      00 00 00 00 00 00 00 00 
3AF      04 00 00 00 00 00 00 FE 
03401038      00 00 00 00 00 00 00 00 
3AF      05 00 00 00 00 00 00 FF 
3AF      06 00 00 00 00 00 00 FC 
03401040      00 00 00 00 00 00 00 00 
3AF      07 00 00 00 00 00 00 FD 
3AF      01 00 00 00 00 00 00 FB 
03401008      00 01 00 00 00 07 D0 06 
3AF      02 00 00 00 00 00 00 F8 
03401010      5F 18 01 00 00 0A D2 00 
3AF      03 00 00 00 00 00 00 F9 
3AF      04 00 00 00 00 00 00 FE 
03401012      00 02 1A B2 00 00 00 00 
3AF      05 00 00 00 00 00 00 FF 
3AF      06 00 00 00 00 00 00 FC 
03401014      00 00 60 00 98 01 20 00 
3AF      07 00 00 00 00 00 00 FD 
03401020      00 00 00 00 00 00 00 00 
3AF      01 00 00 00 00 00 00 FB 
3AF      02 00 00 00 00 00 00 F8 
03401030      00 00 00 00 00 00 00 00 
3AF      03 00 00 00 00 00 00 F9 
3AF      04 00 00 00 00 00 00 FE 
03401038      00 00 00 00 00 00 00 00 
3AF      05 00 00 00 00 00 00 FF 
03401040      00 00 00 00 00 00 00 00 
3AF      06 00 00 00 00 00 00 FC 
3AF      07 00 00 00 00 00 00 FD 
03401008      00 01 00 00 00 07 D0 06 
3AF      01 00 00 00 00 00 00 FB 
3AF      02 00 00 00 00 00 00 F8 
03401010      5F 18 01 00 00 0A D2 00 
3AF      03 00 00 00 00 00 00 F9 
03401012      00 02 1A B2 00 00 00 00 
3AF      04 00 00 00 00 00 00 FE 
3AF      05 00 00 00 00 00 00 FF 
03401014      00 00 60 00 98 01 20 00 
3AF      06 00 00 00 00 00 00 FC 
3AF      07 00 00 00 00 00 00 FD 
03401020      00 00 00 00 00 00 00 00 
3AF      01 00 00 00 00 00 00 FB 
03401030      00 00 00 00 00 00 00 00 
3AF      02 00 00 00 00 00 00 F8 
3AF      03 00 00 00 00 00 00 F9 
03401038      00 00 00 00 00 00 00 00 
3AF      04 00 00 00 00 00 00 FE 
3AF      05 00 00 00 00 00 00 FF 
03401040      00 00 00 00 00 00 00 00 
3AF      06 00 00 00 00 00 00 FC 
03401008      00 01 00 00 00 07 D0 06 
3AF      07 00 00 00 00 00 00 FD 
3AF      01 00 00 00 00 00 00 FB 
03401010      5F 18 01 00 00 0A D2 00 
3AF      02 00 00 00 00 00 00 F8 
3AF      03 00 00 00 00 00 00 F9 
03401012      00 02 1A B2 00 00 00 00 
3AF      04 00 00 00 00 00 00 FE 
03401014      00 00 60 00 98 01 20 00 
3AF      05 00 00 00 00 00 00 FF 
3AF      06 00 00 00 00 00 00 FC 
03401020      00 00 00 00 00 00 00 00 
3AF      07 00 00 00 00 00 00 FD 
3AF      01 00 00 00 00 00 00 FB 
03401030      00 00 00 00 00 00 00 00 
3AF      02 00 00 00 00 00 00 F8 
03401038      00 00 00 00 00 00 00 00 
3AF      03 00 00 00 00 00 00 F9 
3AF      04 00 00 00 00 00 00 FE 
03401040      00 00 00 00 00 00 00 00 
3AF      05 00 00 00 00 00 00 FF 
3AF      06 00 00 00 00 00 00 FC 
03401008      00 01 00 00 00 07 D0 06 
3AF      07 00 00 00 00 00 00 FD 
03401010      5F 18 01 00 00 0A D2 00 
3AF      01 00 00 00 00 00 00 FB 
3AF      02 00 00 00 00 00 00 F8 
03401012      00 02 1A B2 00 00 00 00 
3AF      03 00 00 00 00 00 00 F9 
3AF      04 00 00 00 00 00 00 FE 
03401014      00 00 60 00 98 01 20 00 
3AF      05 00 00 00 00 00 00 FF 
03401020      00 00 00 00 00 00 00 00 
3AF      06 00 00 00 00 00 00 FC 
3AF      07 00 00 00 00 00 00 FD 
03401030      00 00 00 00 00 00 00 00 
3AF      01 00 00 00 00 00 00 FB 
3AF      02 00 00 00 00 00 00 F8 
03401038      00 00 00 00 00 00 00 00 
3AF      03 00 00 00 00 00 00 F9 
03401040      00 00 00 00 00 00 00 00 
3AF      04 00 00 00 00 00 00 FE 
3AF      05 00 00 00 00 00 00 FF 
03401008      00 01 00 00 00 07 D0 06 
3AF      06 00 00 00 00 00 00 FC 
3AF      07 00 00 00 00 00 00 FD 
03401010      5F 18 01 00 00 0A D2 00 
3AF      01 00 00 00 00 00 00 FB 
3AF      01 00 00 00 00 00 00 FB       01 00 00 00 00 00 00 FB 
