03401008      00 01 00 00 00 07 D0 05 
3AF      03 00 00 00 00 00 00 F9 
3AF      04 00 00 00 00 00 00 FE 
03401010      5F 18 01 00 00 0A D2 00 
3AF      05 00 00 00 00 00 00 FF 
3AF      06 00 00 00 00 00 00 FC 
03401012      00 02 1A 93 00 00 00 00 
3AF      07 00 00 00 00 00 00 FD 
03401014      00 00 60 00 98 01 20 00 
3AF      01 00 00 00 00 00 00 FB 
3AF      02 00 00 00 00 00 00 F8 
03401020      00 00 00 00 00 00 00 00 
3AF      03 00 00 00 00 00 00 F9 
3AF      04 00 00 00 00 00 00 FE 
03401030      00 00 00 00 00 00 00 00 
3AF      05 00 00 00 00 00 00 FF 
03401038      00 00 00 00 00 00 00 00 
3AF      06 00 00 00 00 00 00 FC 
3AF      07 00 00 00 00 00 00 FD 
03401040      00 00 00 00 00 00 00 00 
3AF      01 00 00 00 00 00 00 FB 
3AF      02 00 00 00 00 00 00 F8 
03401008      00 01 00 00 00 07 D0 05 
3AF      03 00 00 00 00 00 00 F9 
03401010      5F 18 01 00 00 0A D2 00 
3AF      04 00 00 00 00 00 00 FE 
3AF      05 00 00 00 00 00 00 FF 
03401012      00 02 1A 93 00 00 00 00 
3AF      06 00 00 00 00 00 00 FC 
3AF      07 00 00 00 00 00 00 FD 
03401014      00 00 60 00 98 01 20 00 
3AF      01 00 00 00 00 00 00 FB 
03401020      00 00 00 00 00 00 00 00 
3AF      02 00 00 00 00 00 00 F8 
3AF      03 00 00 00 00 00 00 F9 
03401030      00 00 00 00 00 00 00 00 
3AF      04 00 00 00 00 00 00 FE 
3AF      05 00 00 00 00 00 00 FF 
03401038      00 00 00 00 00 00 00 00 
3AF      06 00 00 00 00 00 00 FC 
03401040      00 00 00 00 00 00 00 00 
3AF      07 00 00 00 00 00 00 FD 
3AF      01 00 00 00 00 00 00 FB 
03401008      00 01 00 00 00 07 D0 05 
3AF      02 00 00 00 00 00 00 F8 
3AF      03 00 00 00 00 00 00 F9 
03401010      5F 18 01 00 00 0A D2 00 
3AF      04 00 00 00 00 00 00 FE 
03401012      00 02 1A 93 00 00 00 00 
3AF      05 00 00 00 00 00 00 FF 
3AF      06 00 00 00 00 00 00 FC 
03401014      00 00 60 00 98 01 20 00 
3AF      07 00 00 00 00 00 00 FD 
3AF      01 00 00 00 00 00 00 FB 
03401020      00 00 00 00 00 00 00 00 
3AF      02 00 00 00 00 00 00 F8 
03401030      00 00 00 00 00 00 00 00 
3AF      03 00 00 00 00 00 00 F9 
3AF      04 00 00 00 00 00 00 FE 
03401038      00 00 00 00 00 00 00 00 
3AF      05 00 00 00 00 00 00 FF 
3AF      06 00 00 00 00 00 00 FC 
03401040      00 00 00 00 00 00 00 00 
3AF      07 00 00 00 00 00 00 FD 
03401008      00 01 00 00 00 07 D0 05 
3AF      01 00 00 00 00 00 00 FB 
3AF      02 00 00 00 00 00 00 F8 
03401010      5F 18 01 00 00 0A D2 00 
3AF      03 00 00 00 00 00 00 F9 
3AF      04 00 00 00 00 00 00 FE 
03401012      00 02 1A 93 00 00 00 00 
3AF      05 00 00 00 00 00 00 FF 
03401014      00 00 60 00 98 01 20 00 
3AF      06 00 00 00 00 00 00 FC 
3AF      07 00 00 00 00 00 00 FD 
03401020      00 00 00 00 00 00 00 00 
3AF      01 00 00 00 00 00 00 FB 
3AF      02 00 00 00 00 00 00 F8 
03401030      00 00 00 00 00 00 00 00 
3AF      03 00 00 00 00 00 00 F9 
03401038      00 00 00 00 00 00 00 00 
3AF      04 00 00 00 00 00 00 FE 
3AF      05 00 00 00 00 00 00 FF 
03401040      00 00 00 00 00 00 00 00 
3AF      06 00 00 00 00 00 00 FC 
3AF      07 00 00 00 00 00 00 FD 
03401008      00 01 00 00 00 07 D0 05 
3AF      01 00 00 00 00 00 00 FB 
03401010      5F 18 01 00 00 0A D2 00 
3AF      02 00 00 00 00 00 00 F8 
3AF      03 00 00 00 00 00 00 F9 
03401012      00 02 1A 93 00 00 00 00 
3AF      04 00 00 00 00 00 00 FE 
3AF      05 00 00 00 00 00 00 FF 
03401014      00 00 60 00 98 01 20 00 
3AF      06 00 00 00 00 00 00 FC 
03401020      00 00 00 00 00 00 00 00 
3AF      07 00 00 00 00 00 00 FD 
3AF      01 00 00 00 00 00 00 FB 
03401030      00 00 00 00 00 00 00 00 
3AF      02 00 00 00 00 00 00 F8 
3AF      03 00 00 00 00 00 00 F9 
03401038      00 00 00 00 00 00 00 00 
3AF      04 00 00 00 00 00 00 FE 
03401040      00 00 00 00 00 00 00 00 
3AF      05 00 00 00 00 00 00 FF 
3AF      06 00 00 00 00 00 00 FC 
03401008      00 01 00 00 00 07 D0 05 
3AF      07 00 00 00 00 00 00 FD 
3AF      01 00 00 00 00 00 00 FB 
03401010      5F 18 01 00 00 0A D2 00 
3AF      02 00 00 00 00 00 00 F8 
03401012      00 02 1A 93 00 00 00 00 
3AF      03 00 00 00 00 00 00 F9 
3AF      04 00 00 00 00 00 00 FE 
03401014      00 00 60 00 98 01 20 00 
3AF      05 00 00 00 00 00 00 FF 
3AF      06 00 00 00 00 00 00 FC 
03401020      00 00 00 00 00 00 00 00 
3AF      07 00 00 00 00 00 00 FD 
03401030      00 00 00 00 00 00 00 00 
3AF      01 00 00 00 00 00 00 FB 
3AF      02 00 00 00 00 00 00 F8 
03401038      00 00 00 00 00 00 00 00 
3AF      03 00 00 00 00 00 00 F9 
3AF      04 00 00 00 00 00 00 FE 
03401040      00 00 00 00 00 00 00 00 
3AF      05 00 00 00 00 00 00 FF 
03401008      00 01 00 00 00 07 D0 05 
3AF      06 00 00 00 00 00 00 FC 
3AF      07 00 00 00 00 00 00 FD 
03401010      5F 18 01 00 00 0A D2 00 
3AF      01 00 00 00 00 00 00 FB 
3AF      02 00 00 00 00 00 00 F8 
03401012      00 02 1A 93 00 00 00 00 
3AF      03 00 00 00 00 00 00 F9 
03401014      00 00 60 00 98 01 20 00 
3AF      04 00 00 00 00 00 00 FE 
3AF      05 00 00 00 00 00 00 FF 
03401020      00 00 00 00 00 00 00 00 
3AF      06 00 00 00 00 00 00 FC 
3AF      07 00 00 00 00 00 00 FD 
03401030      00 00 00 00 00 00 00 00 
3AF      01 00 00 00 00 00 00 FB 
03401038      00 00 00 00 00 00 00 00 
3AF      02 00 00 00 00 00 00 F8 
3AF      03 00 00 00 00 00 00 F9 
03401040      00 00 00 00 00 00 00 00 
3AF      04 00 00 00 00 00 00 FE 
3AF      05 00 00 00 00 00 00 FF 
03401008      00 01 00 00 00 07 D0 05 
3AF      06 00 00 00 00 00 00 FC 
03401010      5F 18 01 00 00 0A D2 00 
3AF      07 00 00 00 00 00 00 FD 
3AF      01 00 00 00 00 00 00 FB 
03401012      00 02 1A 93 00 00 00 00 
3AF      02 00 00 00 00 00 00 F8 
3AF      03 00 00 00 00 00 00 F9 
03401014      00 00 60 00 98 01 20 00 
3AF      04 00 00 00 00 00 00 FE 
03401020      00 00 00 00 00 00 00 00 
3AF      05 00 00 00 00 00 00 FF 
3AF      06 00 00 00 00 00 00 FC 
03401030      00 00 00 00 00 00 00 00 
3AF      07 00 00 00 00 00 00 FD 
3AF      01 00 00 00 00 00 00 FB 
03401038      00 00 00 00 00 00 00 00 
3AF      02 00 00 00 00 00 00 F8 
03401040      00 00 00 00 00 00 00 00 
3AF      03 00 00 00 00 00 00 F9 
3AF      04 00 00 00 00 00 00 FE 
03401008      00 01 00 00 00 07 D0 05 
3AF      05 00 00 00 00 00 00 FF 
3AF      06 00 00 00 00 00 00 FC 
03401010      5F 18 01 00 00 0A D2 00 
3AF      07 00 00 00 00 00 00 FD 
03401012      00 02 1A 93 00 00 00 00 
3AF      01 00 00 00 00 00 00 FB 
3AF      02 00 00 00 00 00 00 F8 
03401014      00 00 60 00 98 01 20 00 
3AF      03 00 00 00 00 00 00 F9 
3AF      04 00 00 00 00 00 00 FE 
03401020      00 00 00 00 00 00 00 00 
3AF      05 00 00 00 00 00 00 FF 
03401030      00 00 00 00 00 00 00 00 
3AF      06 00 00 00 00 00 00 FC 
3AF      07 00 00 00 00 00 00 FD 
03401038      00 00 00 00 00 00 00 00 
3AF      01 00 00 00 00 00 00 FB 
3AF      02 00 00 00 00 00 00 F8 
03401040      00 00 00 00 00 00 00 00 
3AF      03 00 00 00 00 00 00 F9 
03401008      00 01 00 00 00 07 D0 05 
3AF      04 00 00 00 00 00 00 FE 
3AF      05 00 00 00 00 00 00 FF 
03401010      5F 18 01 00 00 0A D2 00 
3AF      06 00 00 00 00 00 00 FC 
3AF      07 00 00 00 00 00 00 FD 
03401012      00 02 1A 93 00 00 00 00 
3AF      01 00 00 00 00 00 00 FB 
03401014      00 00 60 00 98 01 20 00 
3AF      02 00 00 00 00 00 00 F8 
3AF      03 00 00 00 00 00 00 F9 
03401020      00 00 00 00 00 00 00 00 
3AF      04 00 00 00 00 00 00 FE 
3AF      05 00 00 00 00 00 00 FF 
03401030      00 00 00 00 00 00 00 00 
3AF      06 00 00 00 00 00 00 FC 
03401038      00 00 00 00 00 00 00 00 
3AF      07 00 00 00 00 00 00 FD 
3AF      01 00 00 00 00 00 00 FB 
03401040      00 00 00 00 00 00 00 00 
3AF      02 00 00 00 00 00 00 F8 
3AF      03 00 00 00 00 00 00 F9 
03401008      00 01 00 00 00 07 D0 05 
3AF      04 00 00 00 00 00 00 FE 
03401010      5F 18 01 00 00 0A D2 00 
3AF      05 00 00 00 00 00 00 FF 
3AF      06 00 00 00 00 00 00 FC 
03401012      00 02 1A 93 00 00 00 00 
3AF      07 00 00 00 00 00 00 FD 
3AF      01 00 00 00 00 00 00 FB 
03401014      00 00 60 00 98 01 20 00 
3AF      02 00 00 00 00 00 00 F8 
03401020      00 00 00 00 00 00 00 00 
3AF      03 00 00 00 00 00 00 F9 
3AF      04 00 00 00 00 00 00 FE 
03401030      00 00 00 00 00 00 00 00 
3AF      05 00 00 00 00 00 00 FF 
3AF      06 00 00 00 00 00 00 FC 
03401038      00 00 00 00 00 00 00 00 
3AF      07 00 00 00 00 00 00 FD 
03401040      00 00 00 00 00 00 00 00 
3AF      01 00 00 00 00 00 00 FB 
3AF      02 00 00 00 00 00 00 F8 
03401008      00 01 00 00 00 07 D0 05 
3AF      03 00 00 00 00 00 00 F9 
3AF      04 00 00 00 00 00 00 FE 
03401010      5F 18 01 00 00 0A D2 00 
3AF      05 00 00 00 00 00 00 FF 
03401012      00 02 1A 93 00 00 00 00 
3AF      06 00 00 00 00 00 00 FC 
3AF      07 00 00 00 00 00 00 FD 
03401014      00 00 60 00 98 01 20 00 
3AF      01 00 00 00 00 00 00 FB 
3AF      02 00 00 00 00 00 00 F8 
03401020      00 00 00 00 00 00 00 00 
3AF      03 00 00 00 00 00 00 F9 
03401030      00 00 00 00 00 00 00 00 
3AF      04 00 00 00 00 00 00 FE 
3AF      05 00 00 00 00 00 00 FF 
03401038      00 00 00 00 00 00 00 00 
3AF      06 00 00 00 00 00 00 FC 
3AF      07 00 00 00 00 00 00 FD 
03401040      00 00 00 00 00 00 00 00 
3AF      01 00 00 00 00 00 00 FB 
03401008      00 01 00 00 00 07 D0 05 
3AF      02 00 00 00 00 00 00 F8 
3AF      03 00 00 00 00 00 00 F9 
03401010      5F 18 01 00 00 0A D2 00 
3AF      04 00 00 00 00 00 00 FE 
3AF      05 00 00 00 00 00 00 FF 
03401012      00 02 1A 93 00 00 00 00 
3AF      06 00 00 00 00 00 00 FC 
03401014      00 00 60 00 98 01 20 00 
3AF      07 00 00 00 00 00 00 FD 
3AF      01 00 00 00 00 00 00 FB 
03401020      00 00 00 00 00 00 00 00 
3AF      02 00 00 00 00 00 00 F8 
3AF      03 00 00 00 00 00 00 F9 
03401030      00 00 00 00 00 00 00 00 
3AF      04 00 00 00 00 00 00 FE 
03401038      00 00 00 00 00 00 00 00 
3AF      05 00 00 00 00 00 00 FF 
3AF      06 00 00 00 00 00 00 FC 
03401040      00 00 00 00 00 00 00 00 
3AF      07 00 00 00 00 00 00 FD 
3AF      01 00 00 00 00 00 00 FB 
03401008      00 01 00 00 00 07 D0 05 
3AF      02 00 00 00 00 00 00 F8 
03401010      5F 18 01 00 00 0A D2 00 
3AF      03 00 00 00 00 00 00 F9 
3AF      04 00 00 00 00 00 00 FE 
03401012      00 02 1A 93 00 00 00 00 
3AF      05 00 00 00 00 00 00 FF 
3AF      06 00 00 00 00 00 00 FC 
03401014      00 00 60 00 98 01 20 00 
3AF      07 00 00 00 00 00 00 FD 
03401020      00 00 00 00 00 00 00 00 
3AF      01 00 00 00 00 00 00 FB 
3AF      02 00 00 00 00 00 00 F8 
03401030      08 00 00 00 00 00 00 00 
3AF      03 00 00 00 00 00 00 F9 
3AF      04 00 00 00 00 00 00 FE 
03401038      00 00 00 00 00 00 00 00 
3AF      05 00 00 00 00 00 00 FF 
03401040      00 00 00 00 00 00 00 00 
3AF      06 00 00 00 00 00 00 FC 
3AF      07 00 00 00 00 00 00 FD 
03401008      00 01 00 00 00 07 D0 05 
3AF      01 00 00 00 00 00 00 FB 
3AF      02 00 00 00 00 00 00 F8 
03401010      5F 18 01 00 00 0A D2 00 
3AF      03 00 00 00 00 00 00 F9 
03401012      00 02 1A 94 00 00 00 00 
3AF      04 00 00 00 00 00 00 FE 
3AF      05 00 00 00 00 00 00 FF 
03401014      00 0A 60 14 18 01 20 00 
3AF      06 00 00 00 00 00 00 FC 
3AF      07 00 00 00 00 00 00 FD 
03401020      00 00 00 00 00 00 00 00 
3AF      01 00 00 00 00 00 00 FB 
03401030      08 00 00 00 00 00 00 00 
3AF      02 00 00 00 00 00 00 F8 
3AF      03 00 00 00 00 00 00 F9 
03401038      00 00 00 00 00 00 00 00 
3AF      04 00 00 00 00 00 00 FE 
3AF      05 00 00 00 00 00 00 FF 
03401040      00 00 00 00 00 00 00 00 
3AF      06 00 00 00 00 00 00 FC 
03401008      00 01 00 00 00 07 D0 05 
3AF      07 00 00 00 00 00 00 FD 
3AF      01 00 00 00 00 00 00 FB 
03401010      5F 18 01 00 00 0A D2 00 
3AF      02 00 00 00 00 00 00 F8 
3AF      03 00 00 00 00 00 00 F9 
03401012      00 02 1A 94 00 00 00 00 
3AF      04 00 00 00 00 00 00 FE 
03401014      00 0A 60 14 18 01 20 00 
3AF      05 00 00 00 00 00 00 FF 
3AF      06 00 00 00 00 00 00 FC 
03401020      00 00 00 00 00 00 00 00 
3AF      07 00 00 00 00 00 00 FD 
3AF      01 00 00 00 00 00 00 FB 
03401030      0C 00 00 00 00 00 00 00 
3AF      02 00 00 00 00 00 00 F8 
03401038      00 00 00 00 00 00 00 00 
3AF      04 00 00 00 00 00 00 FE 
3AF      03 00 00 00 00 00 00 F9 
03401040      00 00 00 00 00 00 00 00 
3AF      05 00 00 00 00 00 00 FF 
3AF      06 00 00 00 00 00 00 FC 
03401008      00 01 00 00 05 07 D0 05 
3AF      07 00 00 00 00 00 00 FD 
03401010      5F 18 01 00 00 0A D2 00 
3AF      01 00 00 00 00 00 00 FB 
3AF      02 00 00 00 00 00 00 F8 
03401012      00 02 1A 94 00 00 00 00 
3AF      03 00 00 00 00 00 00 F9 
3AF      04 00 00 00 00 00 00 FE 
03401014      00 0A 60 17 18 01 20 00 
3AF      05 00 00 00 00 00 00 FF 
03401020      00 00 00 00 00 00 00 00 
3AF      06 00 00 00 00 00 00 FC 
3AF      07 00 00 00 00 00 00 FD 
03401030      0C 00 00 00 00 00 00 00 
3AF      01 00 00 00 00 00 00 FB 
3AF      02 00 00 00 00 00 00 F8 
03401038      00 00 00 00 00 00 00 00 
3AF      03 00 00 00 00 00 00 F9 
03401040      00 00 00 00 00 00 00 00 
3AF      04 00 00 00 00 00 00 FE 
3AF      05 00 00 00 00 00 00 FF 
03401008      00 01 00 00 0B 07 D0 05 
3AF      06 00 00 00 00 00 00 FC 
3AF      07 00 00 00 00 00 00 FD 
03401010      5F 18 01 00 00 0A D2 00 
3AF      01 00 00 00 00 00 00 FB 
03401012      00 02 1A 94 00 00 00 00 
3AF      02 00 00 00 00 00 00 F8 
3AF      03 00 00 00 00 00 00 F9 
3AF      03 00 00 00 00 00 00 F9 
03401014      00 0A 60 17 18 01 20 00 
3AF      04 00 00 00 00 00 00 FE 
3AF      05 00 00 00 00 00 00 FF 
03401020      00 00 00 00 00 00 00 00 
3AF      06 00 00 00 00 00 00 FC 
03401030      0C 00 00 00 00 00 00 00 
3AF      07 00 00 00 00 00 00 FD 
3AF      01 00 00 00 00 00 00 FB 
03401038      00 00 00 00 00 00 00 00 
3AF      02 00 00 00 00 00 00 F8 
03401040      00 00 00 00 00 00 00 00 
3AF      03 00 00 00 00 00 00 F9 
3AF      04 00 00 00 00 00 00 FE 
03401008      00 01 00 00 05 07 D0 05 
3AF      05 00 00 00 00 00 00 FF 
3AF      06 00 00 00 00 00 00 FC 
03401010      5F 18 01 00 00 0A D2 00 
3AF      07 00 00 00 00 00 00 FD 
3AF      01 00 00 00 00 00 00 FB 
03401012      00 02 1A 94 00 00 00 00 
3AF      02 00 00 00 00 00 00 F8 
03401014      00 0A 60 17 18 01 20 00 
3AF      03 00 00 00 00 00 00 F9 
3AF      04 00 00 00 00 00 00 FE 
03401020      00 00 00 00 00 00 00 00 
3AF      05 00 00 00 00 00 00 FF 
3AF      06 00 00 00 00 00 00 FC 
03401030      0C 00 00 00 00 00 00 00 
3AF      07 00 00 00 00 00 00 FD 
03401038      00 00 00 00 00 00 00 00 
3AF      01 00 00 00 00 00 00 FB 
3AF      02 00 00 00 00 00 00 F8 
03401040      00 00 00 00 00 00 00 00 
3AF      03 00 00 00 00 00 00 F9 
3AF      04 00 00 00 00 00 00 FE 
03401008      00 01 00 00 27 07 D0 05 
3AF      05 00 00 00 00 00 00 FF 
03401010      5F 18 01 00 00 0A D2 00 
3AF      06 00 00 00 00 00 00 FC 
3AF      07 00 00 00 00 00 00 FD 
03401012      00 02 1A 94 00 00 00 00 
3AF      01 00 00 00 00 00 00 FB 
3AF      02 00 00 00 00 00 00 F8 
03401014      00 0A 60 17 18 01 20 00 
3AF      03 00 00 00 00 00 00 F9 
03401020      00 00 00 00 00 00 00 00 
3AF      04 00 00 00 00 00 00 FE 
3AF      05 00 00 00 00 00 00 FF 
03401030      0C 00 00 00 00 00 00 00 
3AF      06 00 00 00 00 00 00 FC 
3AF      07 00 00 00 00 00 00 FD 
03401038      00 00 00 00 00 00 00 00 
3AF      01 00 00 00 00 00 00 FB 
03401040      00 00 00 00 00 00 00 00 
3AF      02 00 00 00 00 00 00 F8 
3AF      03 00 00 00 00 00 00 F9 
03401008      00 01 00 00 C1 07 D0 05 
3AF      04 00 00 00 00 00 00 FE 
3AF      05 00 00 00 00 00 00 FF 
03401010      5F 18 01 00 00 0A D2 00 
3AF      06 00 00 00 00 00 00 FC 
03401012      00 02 1A 94 00 00 00 00 
3AF      07 00 00 00 00 00 00 FD 
3AF      01 00 00 00 00 00 00 FB 
03401014      00 0A 60 17 08 01 20 00 
3AF      02 00 00 00 00 00 00 F8 
3AF      03 00 00 00 00 00 00 F9 
03401020      00 00 00 00 00 00 00 00 
3AF      04 00 00 00 00 00 00 FE 
03401030      0C 00 00 00 00 00 00 00 
3AF      05 00 00 00 00 00 00 FF 
3AF      06 00 00 00 00 00 00 FC 
03401038      00 00 00 00 00 00 00 00 
3AF      07 00 00 00 00 00 00 FD 
3AF      01 00 00 00 00 00 00 FB 
03401040      00 00 00 00 00 00 00 00 
3AF      02 00 00 00 00 00 00 F8 
03401008      00 01 00 01 88 07 D0 05 
3AF      03 00 00 00 00 00 00 F9 
3AF      04 00 00 00 00 00 00 FE 
03401010      5F 18 01 00 00 0A D2 00 
3AF      05 00 00 00 00 00 00 FF 
3AF      06 00 00 00 00 00 00 FC 
03401012      00 02 1A 94 00 00 00 00 
3AF      07 00 00 00 00 00 00 FD 
03401014      00 0A 60 17 08 01 20 00 
3AF      01 00 00 00 00 00 00 FB 
3AF      02 00 00 00 00 00 00 F8 
03401020      00 00 00 00 00 00 00 00 
3AF      03 00 00 00 00 00 00 F9 
3AF      04 00 00 00 00 00 00 FE 
03401030      0C 00 00 00 00 00 00 00 
3AF      05 00 00 00 00 00 00 FF 
03401038      00 00 00 00 00 00 00 00 
3AF      06 00 00 00 00 00 00 FC 
3AF      07 00 00 00 00 00 00 FD 
03401040      00 00 00 00 00 00 00 00 
3AF      01 00 00 00 00 00 00 FB 
3AF      02 00 00 00 00 00 00 F8 
03401008      00 01 00 02 71 07 D0 05 
3AF      03 00 00 00 00 00 00 F9 
03401010      5F 18 01 00 00 0A D2 00 
3AF      04 00 00 00 00 00 00 FE 
3AF      05 00 00 00 00 00 00 FF 
03401012      00 02 1A 94 00 00 00 00 
3AF      06 00 00 00 00 00 00 FC 
3AF      07 00 00 00 00 00 00 FD 
03401014      00 0A 60 17 00 01 20 00 
3AF      01 00 00 00 00 00 00 FB 
03401020      00 00 00 00 00 00 00 00 
3AF      02 00 00 00 00 00 00 F8 
3AF      03 00 00 00 00 00 00 F9 
03401030      0C 00 00 00 00 00 00 00 
3AF      04 00 00 00 00 00 00 FE 
3AF      05 00 00 00 00 00 00 FF 
03401038      00 00 00 00 00 00 00 00 
3AF      06 00 00 00 00 00 00 FC 
03401040      00 00 00 00 00 00 00 00 
3AF      07 00 00 00 00 00 00 FD 
3AF      01 00 00 00 00 00 00 FB 
03401008      00 01 00 03 54 07 D0 05 
3AF      02 00 00 00 00 00 00 F8 
3AF      03 00 00 00 00 00 00 F9 
03401010      5F 18 01 00 00 0A D2 00 
3AF      04 00 00 00 00 00 00 FE 
03401012      00 02 1A 94 00 00 00 00 
3AF      05 00 00 00 00 00 00 FF 
3AF      06 00 00 00 00 00 00 FC 
03401014      00 0A 60 17 00 01 20 00 
3AF      07 00 00 00 00 00 00 FD 
3AF      01 00 00 00 00 00 00 FB 
03401020      00 00 00 00 00 00 00 00 
3AF      02 00 00 00 00 00 00 F8 
03401030      0C 00 00 00 00 00 00 00 
3AF      03 00 00 00 00 00 00 F9 
3AF      04 00 00 00 00 00 00 FE 
03401038      00 00 00 00 00 00 00 00 
3AF      05 00 00 00 00 00 00 FF 
3AF      06 00 00 00 00 00 00 FC 
03401040      00 00 00 00 00 00 00 00 
3AF      07 00 00 00 00 00 00 FD 
03401008      00 01 00 04 20 07 D0 05 
3AF      01 00 00 00 00 00 00 FB 
3AF      02 00 00 00 00 00 00 F8 
03401010      5F 18 01 00 00 0A D2 00 
3AF      03 00 00 00 00 00 00 F9 
3AF      04 00 00 00 00 00 00 FE 
03401012      00 02 1A 94 00 00 00 00 
3AF      05 00 00 00 00 00 00 FF 
03401014      00 0A 60 17 00 01 20 00 
3AF      06 00 00 00 00 00 00 FC 
3AF      07 00 00 00 00 00 00 FD 
03401020      00 00 00 00 00 00 00 00 
3AF      01 00 00 00 00 00 00 FB 
3AF      02 00 00 00 00 00 00 F8 
03401030      0C 00 00 00 00 00 00 00 
3AF      03 00 00 00 00 00 00 F9 
03401038      00 00 00 00 00 00 00 00 
3AF      04 00 00 00 00 00 00 FE 
3AF      05 00 00 00 00 00 00 FF 
03401040      00 00 00 00 00 00 00 00 
3AF      06 00 00 00 00 00 00 FC 
3AF      07 00 00 00 00 00 00 FD 
03401008      00 01 00 04 B4 07 D0 05 
3AF      01 00 00 00 00 00 00 FB 
03401010      5F 18 01 00 00 0A D2 00 
3AF      02 00 00 00 00 00 00 F8 
3AF      03 00 00 00 00 00 00 F9 
03401012      00 02 1A 94 00 00 00 00 
3AF      04 00 00 00 00 00 00 FE 
3AF      05 00 00 00 00 00 00 FF 
03401014      00 0A 60 17 00 01 20 00 
3AF      06 00 00 00 00 00 00 FC 
03401020      00 00 00 00 00 00 00 00 
3AF      07 00 00 00 00 00 00 FD 
3AF      01 00 00 00 00 00 00 FB 
03401030      0C 00 00 00 00 00 00 00 
3AF      02 00 00 00 00 00 00 F8 
3AF      03 00 00 00 00 00 00 F9 
03401038      00 00 00 00 00 00 00 00 
3AF      04 00 00 00 00 00 00 FE 
03401040      00 00 00 00 00 00 00 00 
3AF      05 00 00 00 00 00 00 FF 
3AF      06 00 00 00 00 00 00 FC 
03401008      00 01 00 04 E2 07 D0 05 
3AF      07 00 00 00 00 00 00 FD 
3AF      01 00 00 00 00 00 00 FB 
03401010      5F 18 01 00 00 0A D2 00 
3AF      02 00 00 00 00 00 00 F8 
03401012      00 02 1A 94 00 00 00 00 
3AF      04 00 00 00 00 00 00 FE 
03401014      00 0A 60 17 00 01 20 00 
3AF      05 00 00 00 00 00 00 FF 
3AF      06 00 00 00 00 00 00 FC 
03401020      00 00 00 00 00 00 00 00 
3AF      07 00 00 00 00 00 00 FD 
03401030      0C 00 00 00 00 00 00 00 
3AF      01 00 00 00 00 00 00 FB 
3AF      02 00 00 00 00 00 00 F8 
03401038      00 00 00 00 00 00 00 00 
3AF      03 00 00 00 00 00 00 F9 
3AF      04 00 00 00 00 00 00 FE 
03401040      00 00 00 00 00 00 00 00 
3AF      05 00 00 00 00 00 00 FF 
03401008      00 01 00 04 E2 07 D0 05 
3AF      06 00 00 00 00 00 00 FC 
3AF      07 00 00 00 00 00 00 FD 
03401010      5F 18 01 00 00 0A D2 00 
3AF      01 00 00 00 00 00 00 FB 
3AF      02 00 00 00 00 00 00 F8 
03401012      00 02 1A 94 00 00 00 00 
3AF      03 00 00 00 00 00 00 F9 
03401014      00 0A 60 17 00 01 20 00 
3AF      04 00 00 00 00 00 00 FE 
3AF      05 00 00 00 00 00 00 FF 
03401020      00 00 00 00 00 00 00 00 
3AF      06 00 00 00 00 00 00 FC 
3AF      07 00 00 00 00 00 00 FD 
03401030      0C 00 00 00 00 00 00 00 
3AF      01 00 00 00 00 00 00 FB 
03401038      00 00 00 00 00 00 00 00 
3AF      02 00 00 00 00 00 00 F8 
3AF      03 00 00 00 00 00 00 F9 
03401040      00 00 00 00 00 00 00 00 
3AF      04 00 00 00 00 00 00 FE 
3AF      05 00 00 00 00 00 00 FF 
03401008      00 01 00 04 DC 07 D0 04 
3AF      06 00 00 00 00 00 00 FC 
03401010      5F 18 01 00 00 0A D2 00 
3AF      07 00 00 00 00 00 00 FD 
3AF      01 00 00 00 00 00 00 FB 
03401012      00 02 1A 94 00 00 00 00 
3AF      02 00 00 00 00 00 00 F8 
3AF      03 00 00 00 00 00 00 F9 
03401014      00 0A 60 17 00 01 20 00 
3AF      04 00 00 00 00 00 00 FE 
03401020      00 00 00 00 00 00 00 00 
3AF      05 00 00 00 00 00 00 FF 
3AF      06 00 00 00 00 00 00 FC 
03401030      0C 00 00 00 00 00 00 00 
3AF      07 00 00 00 00 00 00 FD 
3AF      01 00 00 00 00 00 00 FB 
03401038      00 00 00 00 00 00 00 00 
3AF      02 00 00 00 00 00 00 F8 
03401040      00 00 00 00 00 00 00 00 
3AF      03 00 00 00 00 00 00 F9 
3AF      04 00 00 00 00 00 00 FE 
03401008      00 01 00 04 CB 07 D0 04 
3AF      05 00 00 00 00 00 00 FF 
3AF      06 00 00 00 00 00 00 FC 
03401010      5F 18 01 00 00 0A D2 00 
3AF      07 00 00 00 00 00 00 FD 
03401012      00 02 1A 94 00 00 00 00 
3AF      01 00 00 00 00 00 00 FB 
3AF      02 00 00 00 00 00 00 F8 
03401014      00 0A 60 17 00 01 20 00 
3AF      03 00 00 00 00 00 00 F9 
3AF      04 00 00 00 00 00 00 FE 
03401020      00 00 00 00 00 00 00 00 
3AF      05 00 00 00 00 00 00 FF 
03401030      0C 00 00 00 00 00 00 00 
3AF      06 00 00 00 00 00 00 FC 
3AF      07 00 00 00 00 00 00 FD 
03401038      00 00 00 00 00 00 00 00 
3AF      01 00 00 00 00 00 00 FB 
3AF      02 00 00 00 00 00 00 F8 
03401040      00 00 00 00 00 00 00 00 
3AF      03 00 00 00 00 00 00 F9 
03401008      00 01 00 04 65 07 D0 04 
3AF      04 00 00 00 00 00 00 FE 
3AF      05 00 00 00 00 00 00 FF 
03401010      5F 18 01 00 00 0A D2 00 
3AF      06 00 00 00 00 00 00 FC 
3AF      07 00 00 00 00 00 00 FD 
03401012      00 02 1A 94 00 00 00 00 
3AF      01 00 00 00 00 00 00 FB 
03401014      00 0A 60 17 00 01 20 00 
3AF      02 00 00 00 00 00 00 F8 
3AF      03 00 00 00 00 00 00 F9 
03401020      00 00 00 00 00 00 00 00 
3AF      04 00 00 00 00 00 00 FE 
3AF      05 00 00 00 00 00 00 FF 
03401030      0C 00 00 00 00 00 00 00 
3AF      06 00 00 00 00 00 00 FC 
03401038      00 00 00 00 00 00 00 00 
3AF      07 00 00 00 00 00 00 FD 
3AF      01 00 00 00 00 00 00 FB 
03401040      00 00 00 00 00 00 00 00 
3AF      02 00 00 00 00 00 00 F8 
3AF      03 00 00 00 00 00 00 F9 
03401008      00 01 00 03 A3 07 D0 04 
3AF      04 00 00 00 00 00 00 FE 
03401010      5F 18 01 00 00 0A D2 00 
3AF      05 00 00 00 00 00 00 FF 
3AF      06 00 00 00 00 00 00 FC 
03401012      00 02 1A 94 00 00 00 00 
3AF      07 00 00 00 00 00 00 FD 
3AF      01 00 00 00 00 00 00 FB 
03401014      00 0A 60 17 00 01 20 00 
3AF      02 00 00 00 00 00 00 F8 
03401020      00 00 00 00 00 00 00 00 
3AF      03 00 00 00 00 00 00 F9 
3AF      04 00 00 00 00 00 00 FE 
03401030      0C 00 00 00 00 00 00 00 
3AF      05 00 00 00 00 00 00 FF 
3AF      06 00 00 00 00 00 00 FC 
03401038      00 00 00 00 00 00 00 00 
3AF      07 00 00 00 00 00 00 FD 
03401040      00 00 00 00 00 00 00 00 
3AF      01 00 00 00 00 00 00 FB 
3AF      02 00 00 00 00 00 00 F8 
03401008      00 01 00 02 B5 07 D0 04 
3AF      03 00 00 00 00 00 00 F9 
3AF      04 00 00 00 00 00 00 FE 
03401010      5F 18 01 00 00 0A D2 00 
3AF      05 00 00 00 00 00 00 FF 
03401012      00 02 1A 94 00 00 00 00 
3AF      06 00 00 00 00 00 00 FC 
3AF      07 00 00 00 00 00 00 FD 
03401014      00 0A 60 17 00 01 20 00 
3AF      01 00 00 00 00 00 00 FB 
3AF      02 00 00 00 00 00 00 F8 
03401020      00 00 00 00 00 00 00 00 
3AF      03 00 00 00 00 00 00 F9 
03401030      0C 00 00 00 00 00 00 00 
3AF      04 00 00 00 00 00 00 FE 
3AF      05 00 00 00 00 00 00 FF 
03401038      00 00 00 00 00 00 00 00 
3AF      06 00 00 00 00 00 00 FC 
3AF      07 00 00 00 00 00 00 FD 
03401040      00 00 00 00 00 00 00 00 
3AF      01 00 00 00 00 00 00 FB 
03401008      00 01 00 01 CC 07 D0 04 
3AF      02 00 00 00 00 00 00 F8 
3AF      03 00 00 00 00 00 00 F9 
03401010      5F 18 01 00 00 0A D2 00 
3AF      04 00 00 00 00 00 00 FE 
3AF      05 00 00 00 00 00 00 FF 
03401012      00 02 1A 94 00 00 00 00 
3AF      06 00 00 00 00 00 00 FC 
03401014      00 0A 60 17 10 01 20 00 
3AF      07 00 00 00 00 00 00 FD 
3AF      01 00 00 00 00 00 00 FB 
03401020      00 00 00 00 00 00 00 00 
3AF      02 00 00 00 00 00 00 F8 
3AF      03 00 00 00 00 00 00 F9 
03401030      0C 00 00 00 00 00 00 00 
3AF      04 00 00 00 00 00 00 FE 
03401038      00 00 00 00 00 00 00 00 
3AF      05 00 00 00 00 00 00 FF 
3AF      06 00 00 00 00 00 00 FC 
03401040      00 00 00 00 00 00 00 00 
3AF      07 00 00 00 00 00 00 FD 
3AF      01 00 00 00 00 00 00 FB 
03401008      00 01 00 00 FF 07 D0 04 
3AF      02 00 00 00 00 00 00 F8 
03401010      5F 18 01 00 00 0A D2 00 
3AF      03 00 00 00 00 00 00 F9 
3AF      04 00 00 00 00 00 00 FE 
03401012      00 02 1A 94 00 00 00 00 
3AF      05 00 00 00 00 00 00 FF 
3AF      06 00 00 00 00 00 00 FC 
03401014      00 0A 60 17 10 01 20 00 
3AF      07 00 00 00 00 00 00 FD 
03401020      00 00 00 00 00 00 00 00 
3AF      01 00 00 00 00 00 00 FB 
3AF      02 00 00 00 00 00 00 F8 
03401030      0C 00 00 00 00 00 00 00 
3AF      03 00 00 00 00 00 00 F9 
3AF      04 00 00 00 00 00 00 FE 
03401038      00 00 00 00 00 00 00 00 
3AF      05 00 00 00 00 00 00 FF 
03401040      00 00 00 00 00 00 00 00 
3AF      06 00 00 00 00 00 00 FC 
3AF      07 00 00 00 00 00 00 FD 
03401008      00 01 00 00 55 07 D0 04 
3AF      01 00 00 00 00 00 00 FB 
3AF      02 00 00 00 00 00 00 F8 
03401010      5F 18 01 00 00 0A D2 00 
3AF      03 00 00 00 00 00 00 F9 
03401012      00 02 1A 94 00 00 00 00 
3AF      04 00 00 00 00 00 00 FE 
3AF      05 00 00 00 00 00 00 FF 
03401014      00 0A 60 17 18 01 20 00 
3AF      06 00 00 00 00 00 00 FC 
3AF      07 00 00 00 00 00 00 FD 
03401020      00 00 00 00 00 00 00 00 
3AF      01 00 00 00 00 00 00 FB 
03401030      0C 00 00 00 00 00 00 00 
3AF      02 00 00 00 00 00 00 F8 
3AF      03 00 00 00 00 00 00 F9 
03401038      00 00 00 00 00 00 00 00 
3AF      04 00 00 00 00 00 00 FE 
3AF      05 00 00 00 00 00 00 FF 
03401040      00 00 00 00 00 00 00 00 
3AF      06 00 00 00 00 00 00 FC 
03401008      00 01 00 00 16 07 D0 04 
3AF      07 00 00 00 00 00 00 FD 
3AF      01 00 00 00 00 00 00 FB 
03401010      5F 18 01 00 00 0A D2 00 
3AF      02 00 00 00 00 00 00 F8 
3AF      03 00 00 00 00 00 00 F9 
03401012      00 02 1A 94 00 00 00 00 
3AF      04 00 00 00 00 00 00 FE 
03401014      00 0A 60 17 18 01 20 00 
3AF      05 00 00 00 00 00 00 FF 
3AF      06 00 00 00 00 00 00 FC 
03401020      00 00 00 00 00 00 00 00 
3AF      07 00 00 00 00 00 00 FD 
3AF      01 00 00 00 00 00 00 FB 
03401030      0C 00 00 00 00 00 00 00 
3AF      02 00 00 00 00 00 00 F8 
03401038      00 00 00 00 00 00 00 00 
3AF      03 00 00 00 00 00 00 F9 
3AF      04 00 00 00 00 00 00 FE 
03401040      00 00 00 00 00 00 00 00 
3AF      05 00 00 00 00 00 00 FF 
3AF      06 00 00 00 00 00 00 FC 
03401008      00 01 00 00 05 07 D0 04 
3AF      07 00 00 00 00 00 00 FD 
03401010      5F 18 01 00 00 0A D2 00 
3AF      01 00 00 00 00 00 00 FB 
3AF      02 00 00 00 00 00 00 F8 
03401012      00 02 1A 94 00 00 00 00 
3AF      03 00 00 00 00 00 00 F9 
3AF      04 00 00 00 00 00 00 FE 
03401014      00 0A 60 17 18 01 20 00 
3AF      05 00 00 00 00 00 00 FF 
03401020      00 00 00 00 00 00 00 00 
3AF      06 00 00 00 00 00 00 FC 
3AF      07 00 00 00 00 00 00 FD 
03401030      0C 00 00 00 00 00 00 00 
3AF      01 00 00 00 00 00 00 FB 
3AF      02 00 00 00 00 00 00 F8 
03401038      00 00 00 00 00 00 00 00 
3AF      03 00 00 00 00 00 00 F9 
03401040      00 00 00 00 00 00 00 00 
3AF      04 00 00 00 00 00 00 FE 
3AF      05 00 00 00 00 00 00 FF 
03401008      00 01 00 00 00 07 D0 04 
3AF      06 00 00 00 00 00 00 FC 
3AF      07 00 00 00 00 00 00 FD 
03401010      5F 18 01 00 00 0A D2 00 
3AF      01 00 00 00 00 00 00 FB 
03401012      00 02 1A 94 00 00 00 00 
3AF      02 00 00 00 00 00 00 F8 
3AF      03 00 00 00 00 00 00 F9 
03401014      00 0A 60 00 18 01 20 00 
3AF      04 00 00 00 00 00 00 FE 
3AF      05 00 00 00 00 00 00 FF 
03401020      00 00 00 00 00 00 00 00 
3AF      06 00 00 00 00 00 00 FC 
03401030      0C 00 00 00 00 00 00 00 
3AF      07 00 00 00 00 00 00 FD 
3AF      01 00 00 00 00 00 00 FB 
03401038      00 00 00 00 00 00 00 00 
3AF      02 00 00 00 00 00 00 F8 
3AF      03 00 00 00 00 00 00 F9 
03401040      00 00 00 00 00 00 00 00 
3AF      04 00 00 00 00 00 00 FE 
03401008      00 01 00 00 00 07 D0 04 
3AF      05 00 00 00 00 00 00 FF 
3AF      06 00 00 00 00 00 00 FC 
03401010      5F 18 01 00 00 0A D2 00 
3AF      07 00 00 00 00 00 00 FD 
3AF      01 00 00 00 00 00 00 FB 
03401012      00 02 1A 94 00 00 00 00 
3AF      02 00 00 00 00 00 00 F8 
03401014      00 0A 60 00 18 01 20 00 
3AF      03 00 00 00 00 00 00 F9 
3AF      04 00 00 00 00 00 00 FE 
03401020      00 00 00 00 00 00 00 00 
3AF      05 00 00 00 00 00 00 FF 
3AF      06 00 00 00 00 00 00 FC 
03401030      0C 00 00 00 00 00 00 00 
3AF      07 00 00 00 00 00 00 FD 
03401038      00 00 00 00 00 00 00 00 
3AF      01 00 00 00 00 00 00 FB 
3AF      02 00 00 00 00 00 00 F8 
03401040      00 00 00 00 00 00 00 00 
3AF      03 00 00 00 00 00 00 F9 
3AF      04 00 00 00 00 00 00 FE 
03401008      00 01 00 00 00 07 D0 04 
3AF      05 00 00 00 00 00 00 FF 
03401010      5F 18 01 00 00 0A D2 00 
3AF      06 00 00 00 00 00 00 FC 
3AF      07 00 00 00 00 00 00 FD 
03401012      00 02 1A 94 00 00 00 00 
3AF      01 00 00 00 00 00 00 FB 
3AF      02 00 00 00 00 00 00 F8 
03401014      00 08 60 00 18 01 20 00 
3AF      03 00 00 00 00 00 00 F9 
03401020      00 00 00 00 00 00 00 00 
3AF      04 00 00 00 00 00 00 FE 
3AF      05 00 00 00 00 00 00 FF 
03401030      0C 00 00 00 00 00 00 00 
3AF      06 00 00 00 00 00 00 FC 
3AF      07 00 00 00 00 00 00 FD 
03401038      00 00 00 00 00 00 00 00 
3AF      01 00 00 00 00 00 00 FB 
03401040      00 00 00 00 00 00 00 00 
3AF      02 00 00 00 00 00 00 F8 
3AF      03 00 00 00 00 00 00 F9 
03401008      00 01 00 00 00 07 D0 04 
3AF      04 00 00 00 00 00 00 FE 
3AF      05 00 00 00 00 00 00 FF 
03401010      5F 18 01 00 00 0A D2 00 
3AF      06 00 00 00 00 00 00 FC 
03401012      00 02 1A 94 00 00 00 00 
3AF      07 00 00 00 00 00 00 FD 
3AF      01 00 00 00 00 00 00 FB 
03401014      00 08 60 20 98 01 20 00 
3AF      02 00 00 00 00 00 00 F8 
3AF      03 00 00 00 00 00 00 F9 
03401020      00 00 00 00 00 00 00 00 
3AF      04 00 00 00 00 00 00 FE 
03401030      04 00 00 00 00 00 00 00 
3AF      05 00 00 00 00 00 00 FF 
3AF      06 00 00 00 00 00 00 FC 
03401038      00 00 00 00 00 00 00 00 
3AF      07 00 00 00 00 00 00 FD 
3AF      01 00 00 00 00 00 00 FB 
03401040      00 00 00 00 00 00 00 00 
3AF      02 00 00 00 00 00 00 F8 
03401008      00 01 00 00 00 07 D0 04 
3AF      03 00 00 00 00 00 00 F9 
3AF      04 00 00 00 00 00 00 FE 
03401010      5F 18 01 00 00 0A D2 00 
3AF      05 00 00 00 00 00 00 FF 
3AF      06 00 00 00 00 00 00 FC 
03401012      00 02 1A 94 00 00 00 00 
3AF      07 00 00 00 00 00 00 FD 
03401014      00 08 60 20 98 01 20 00 
3AF      01 00 00 00 00 00 00 FB 
3AF      02 00 00 00 00 00 00 F8 
03401020      00 00 00 00 00 00 00 00 
3AF      03 00 00 00 00 00 00 F9 
3AF      04 00 00 00 00 00 00 FE 
03401030      04 00 00 00 00 00 00 00 
3AF      05 00 00 00 00 00 00 FF 
03401038      00 00 00 00 00 00 00 00 
3AF      06 00 00 00 00 00 00 FC 
3AF      07 00 00 00 00 00 00 FD 
03401040      00 00 00 00 00 00 00 00 
3AF      01 00 00 00 00 00 00 FB 
3AF      02 00 00 00 00 00 00 F8 
03401008      00 01 00 00 00 07 D0 04 
3AF      03 00 00 00 00 00 00 F9 
03401010      5F 18 01 00 00 0A D2 00 
3AF      04 00 00 00 00 00 00 FE 
3AF      05 00 00 00 00 00 00 FF 
03401012      00 02 1A 94 00 00 00 00 
3AF      06 00 00 00 00 00 00 FC 
3AF      07 00 00 00 00 00 00 FD 
03401014      00 08 60 20 9B 00 00 00 
3AF      01 00 00 00 00 00 00 FB 
03401020      00 00 00 00 00 00 00 00 
3AF      02 00 00 00 00 00 00 F8 
3AF      03 00 00 00 00 00 00 F9 
03401030      04 00 00 00 00 00 00 00 
3AF      04 00 00 00 00 00 00 FE 
3AF      05 00 00 00 00 00 00 FF 
03401038      00 00 00 00 00 00 00 00 
3AF      06 00 00 00 00 00 00 FC 
03401040      00 00 00 00 00 00 00 00 
3AF      07 00 00 00 00 00 00 FD 
3AF      01 00 00 00 00 00 00 FB 
03401008      00 01 00 00 00 07 D0 04 
3AF      02 00 00 00 00 00 00 F8 
3AF      03 00 00 00 00 00 00 F9 
03401010      5F 18 01 00 00 0A D2 00 
3AF      04 00 00 00 00 00 00 FE 
03401012      00 02 1A 94 00 00 00 00 
3AF      05 00 00 00 00 00 00 FF 
3AF      06 00 00 00 00 00 00 FC 
03401014      00 08 60 20 9B 00 00 00 
3AF      07 00 00 00 00 00 00 FD 
3AF      01 00 00 00 00 00 00 FB 
03401020      00 00 00 00 00 00 00 00 
3AF      02 00 00 00 00 00 00 F8 
03401030      04 00 00 00 00 00 00 00 
3AF      03 00 00 00 00 00 00 F9 
3AF      04 00 00 00 00 00 00 FE 
03401038      00 00 00 00 00 00 00 00 
3AF      05 00 00 00 00 00 00 FF 
3AF      06 00 00 00 00 00 00 FC 
03401040      00 00 00 00 00 00 00 00 
3AF      07 00 00 00 00 00 00 FD 
03401008      00 01 00 00 00 07 D0 04 
3AF      01 00 00 00 00 00 00 FB 
3AF      02 00 00 00 00 00 00 F8 
03401010      5F 18 01 00 00 0A D2 00 
3AF      03 00 00 00 00 00 00 F9 
3AF      04 00 00 00 00 00 00 FE 
03401012      00 02 1A 94 00 00 00 00 
3AF      05 00 00 00 00 00 00 FF 
03401014      00 08 60 20 9B 00 00 00 
3AF      06 00 00 00 00 00 00 FC 
3AF      07 00 00 00 00 00 00 FD 
03401020      00 00 00 00 00 00 00 00 
3AF      01 00 00 00 00 00 00 FB 
3AF      02 00 00 00 00 00 00 F8 
03401030      04 00 00 00 00 00 00 00 
3AF      03 00 00 00 00 00 00 F9 
03401038      00 00 00 00 00 00 00 00 
3AF      04 00 00 00 00 00 00 FE 
3AF      05 00 00 00 00 00 00 FF 
03401040      00 00 00 00 00 00 00 00 
3AF      06 00 00 00 00 00 00 FC 
3AF      07 00 00 00 00 00 00 FD 
03401008      00 01 00 00 00 07 D0 04 
3AF      01 00 00 00 00 00 00 FB 
03401010      5F 18 01 00 00 0A D2 00 
3AF      02 00 00 00 00 00 00 F8 
3AF      03 00 00 00 00 00 00 F9 
03401012      00 02 1A 94 00 00 00 00 
3AF      04 00 00 00 00 00 00 FE 
3AF      05 00 00 00 00 00 00 FF 
03401014      00 08 60 20 9B 00 00 00 
3AF      06 00 00 00 00 00 00 FC 
03401020      00 00 00 00 00 00 00 00 
3AF      07 00 00 00 00 00 00 FD 
3AF      01 00 00 00 00 00 00 FB 
03401030      04 00 00 00 00 00 00 00 
3AF      02 00 00 00 00 00 00 F8 
3AF      03 00 00 00 00 00 00 F9 
03401038      00 00 00 00 00 00 00 00 
3AF      04 00 00 00 00 00 00 FE 
03401040      00 00 00 00 00 00 00 00 
3AF      05 00 00 00 00 00 00 FF 
3AF      06 00 00 00 00 00 00 FC 
03401008      00 01 00 00 00 07 D0 04 
3AF      07 00 00 00 00 00 00 FD 
3AF      01 00 00 00 00 00 00 FB 
03401010      5F 18 01 00 00 0A D2 00 
3AF      02 00 00 00 00 00 00 F8 
03401012      00 02 1A 94 00 00 00 00 
3AF      03 00 00 00 00 00 00 F9 
3AF      04 00 00 00 00 00 00 FE 
03401014      00 08 60 20 9B 00 00 00 
3AF      05 00 00 00 00 00 00 FF 
3AF      06 00 00 00 00 00 00 FC 
03401020      00 00 00 00 00 00 00 00 
3AF      07 00 00 00 00 00 00 FD 
03401030      04 00 00 00 00 00 00 00 
3AF      01 00 00 00 00 00 00 FB 
3AF      02 00 00 00 00 00 00 F8 
03401038      00 00 00 00 00 00 00 00 
3AF      03 00 00 00 00 00 00 F9 
3AF      04 00 00 00 00 00 00 FE 
03401040      00 00 00 00 00 00 00 00 
3AF      05 00 00 00 00 00 00 FF 
03401008      00 01 00 00 00 07 D0 04 
3AF      06 00 00 00 00 00 00 FC 
3AF      07 00 00 00 00 00 00 FD 
03401010      5F 18 01 00 00 0A D2 00 
3AF      01 00 00 00 00 00 00 FB 
3AF      02 00 00 00 00 00 00 F8 
03401012      00 02 1A 94 00 00 00 00 
3AF      03 00 00 00 00 00 00 F9 
03401014      00 08 60 00 9B 02 00 00 
3AF      04 00 00 00 00 00 00 FE 
3AF      05 00 00 00 00 00 00 FF 
03401020      00 00 00 00 00 00 00 00 
3AF      06 00 00 00 00 00 00 FC 
3AF      07 00 00 00 00 00 00 FD 
03401030      04 00 00 00 00 00 00 00 
3AF      01 00 00 00 00 00 00 FB 
03401038      00 00 00 00 00 00 00 00 
3AF      02 00 00 00 00 00 00 F8 
3AF      03 00 00 00 00 00 00 F9 
03401040      00 00 00 00 00 00 00 00 
3AF      04 00 00 00 00 00 00 FE 
3AF      05 00 00 00 00 00 00 FF 
03401008      00 01 00 00 00 07 D0 04 
3AF      06 00 00 00 00 00 00 FC 
03401010      5F 18 01 00 00 0A D2 00 
3AF      07 00 00 00 00 00 00 FD 
3AF      01 00 00 00 00 00 00 FB 
03401012      00 02 1A 94 00 00 00 00 
3AF      02 00 00 00 00 00 00 F8 
3AF      03 00 00 00 00 00 00 F9 
03401014      00 08 60 00 9B 02 00 00 
3AF      04 00 00 00 00 00 00 FE 
03401020      00 00 00 00 00 00 00 00 
3AF      05 00 00 00 00 00 00 FF 
3AF      06 00 00 00 00 00 00 FC 
03401030      04 00 00 00 00 00 00 00 
3AF      07 00 00 00 00 00 00 FD 
3AF      01 00 00 00 00 00 00 FB 
03401038      00 00 00 00 00 00 00 00 
3AF      02 00 00 00 00 00 00 F8 
03401040      00 00 00 00 00 00 00 00 
3AF      03 00 00 00 00 00 00 F9 
3AF      04 00 00 00 00 00 00 FE 
03401008      00 01 00 00 00 07 D0 04 
3AF      05 00 00 00 00 00 00 FF 
3AF      06 00 00 00 00 00 00 FC 
03401010      5F 18 01 00 00 0A D2 00 
3AF      07 00 00 00 00 00 00 FD 
03401012      00 02 1A 94 00 00 00 00 
3AF      01 00 00 00 00 00 00 FB 
3AF      02 00 00 00 00 00 00 F8 
03401014      00 08 60 00 9B 02 00 00 
3AF      03 00 00 00 00 00 00 F9 
3AF      04 00 00 00 00 00 00 FE 
03401020      00 00 00 00 00 00 00 00 
3AF      05 00 00 00 00 00 00 FF 
03401030      04 00 00 00 00 00 00 00 
3AF      06 00 00 00 00 00 00 FC 
3AF      07 00 00 00 00 00 00 FD 
03401038      00 00 00 00 00 00 00 00 
3AF      01 00 00 00 00 00 00 FB 
3AF      02 00 00 00 00 00 00 F8 
03401040      00 00 00 00 00 00 00 00 
3AF      03 00 00 00 00 00 00 F9 
03401008      00 01 00 00 00 07 D0 04 
3AF      04 00 00 00 00 00 00 FE 
3AF      05 00 00 00 00 00 00 FF 
03401010      5F 18 01 00 00 0A D2 00 
3AF      06 00 00 00 00 00 00 FC 
3AF      07 00 00 00 00 00 00 FD 
03401012      00 02 1A 94 00 00 00 00 
3AF      01 00 00 00 00 00 00 FB 
03401014      00 08 60 00 9B 02 00 00 
3AF      02 00 00 00 00 00 00 F8 
3AF      03 00 00 00 00 00 00 F9 
03401020      00 00 00 00 00 00 00 00 
3AF      04 00 00 00 00 00 00 FE 
3AF      05 00 00 00 00 00 00 FF 
03401030      04 00 00 00 00 00 00 00 
3AF      06 00 00 00 00 00 00 FC 
03401038      00 00 00 00 00 00 00 00 
3AF      07 00 00 00 00 00 00 FD 
3AF      01 00 00 00 00 00 00 FB 
03401040      00 00 00 00 00 00 00 00 
3AF      02 00 00 00 00 00 00 F8 
3AF      03 00 00 00 00 00 00 F9 
03401008      00 01 00 00 00 07 D0 04 
3AF      04 00 00 00 00 00 00 FE 
03401010      5F 18 01 00 00 0A D2 00 
3AF      05 00 00 00 00 00 00 FF 
3AF      06 00 00 00 00 00 00 FC 
03401012      00 02 1A 94 00 00 00 00 
3AF      07 00 00 00 00 00 00 FD 
3AF      01 00 00 00 00 00 00 FB 
03401014      00 08 60 00 9B 02 00 00 
3AF      02 00 00 00 00 00 00 F8 
03401020      00 00 00 00 00 00 00 00 
3AF      03 00 00 00 00 00 00 F9 
3AF      04 00 00 00 00 00 00 FE 
03401030      04 00 00 00 00 00 00 00 
3AF      05 00 00 00 00 00 00 FF 
3AF      06 00 00 00 00 00 00 FC 
03401038      00 00 00 00 00 00 00 00 
3AF      07 00 00 00 00 00 00 FD 
03401040      00 00 00 00 00 00 00 00 
3AF      01 00 00 00 00 00 00 FB 
3AF      02 00 00 00 00 00 00 F8 
03401008      00 01 00 00 00 07 D0 04 
3AF      03 00 00 00 00 00 00 F9 
3AF      04 00 00 00 00 00 00 FE 
03401010      5F 18 01 00 00 0A D2 00 
3AF      05 00 00 00 00 00 00 FF 
03401012      00 02 1A 94 00 00 00 00 
3AF      06 00 00 00 00 00 00 FC 
3AF      07 00 00 00 00 00 00 FD 
03401014      00 08 60 00 9B 02 00 00 
3AF      01 00 00 00 00 00 00 FB 
3AF      02 00 00 00 00 00 00 F8 
03401020      00 00 00 00 00 00 00 00 
3AF      03 00 00 00 00 00 00 F9 
03401030      04 00 00 00 00 00 00 00 
3AF      04 00 00 00 00 00 00 FE 
3AF      05 00 00 00 00 00 00 FF 
03401038      00 00 00 00 00 00 00 00 
3AF      06 00 00 00 00 00 00 FC 
3AF      07 00 00 00 00 00 00 FD 
03401040      00 00 00 00 00 00 00 00 
3AF      01 00 00 00 00 00 00 FB 
03401008      00 01 00 00 00 07 D0 04 
3AF      02 00 00 00 00 00 00 F8 
3AF      03 00 00 00 00 00 00 F9 
03401010      5F 18 01 00 00 0A D2 00 
3AF      04 00 00 00 00 00 00 FE 
3AF      05 00 00 00 00 00 00 FF 
03401012      00 02 1A 94 00 00 00 00 
3AF      06 00 00 00 00 00 00 FC 
03401014      00 08 60 00 9B 02 00 00 
3AF      07 00 00 00 00 00 00 FD 
3AF      01 00 00 00 00 00 00 FB 
03401020      00 00 00 00 00 00 00 00 
3AF      02 00 00 00 00 00 00 F8 
3AF      03 00 00 00 00 00 00 F9 
03401030      04 00 00 00 00 00 00 00 
3AF      04 00 00 00 00 00 00 FE 
03401038      00 00 00 00 00 00 00 00 
3AF      05 00 00 00 00 00 00 FF 
3AF      06 00 00 00 00 00 00 FC 
03401040      00 00 00 00 00 00 00 00 
3AF      07 00 00 00 00 00 00 FD 
3AF      01 00 00 00 00 00 00 FB 
03401008      00 01 00 00 00 07 D0 04 
3AF      02 00 00 00 00 00 00 F8 
03401010      5F 18 01 00 00 0A D2 00 
3AF      03 00 00 00 00 00 00 F9 
3AF      04 00 00 00 00 00 00 FE 
03401012      00 02 1A 94 00 00 00 00 
3AF      05 00 00 00 00 00 00 FF 
3AF      06 00 00 00 00 00 00 FC 
03401014      00 08 60 00 9B 02 00 00 
3AF      07 00 00 00 00 00 00 FD 
03401020      00 00 00 00 00 00 00 00 
3AF      01 00 00 00 00 00 00 FB 
3AF      02 00 00 00 00 00 00 F8 
03401030      04 00 00 00 00 00 00 00 
3AF      03 00 00 00 00 00 00 F9 
3AF      04 00 00 00 00 00 00 FE 
03401038      00 00 00 00 00 00 00 00 
3AF      05 00 00 00 00 00 00 FF 
03401040      00 00 00 00 00 00 00 00 
3AF      06 00 00 00 00 00 00 FC 
3AF      07 00 00 00 00 00 00 FD 
03401008      00 01 00 00 00 07 D0 04 
3AF      01 00 00 00 00 00 00 FB 
3AF      02 00 00 00 00 00 00 F8 
03401010      5F 18 01 00 00 0A D2 00 
3AF      03 00 00 00 00 00 00 F9 
03401012      00 02 1A 94 00 00 00 00 
3AF      05 00 00 00 00 00 00 FF 
03401014      00 08 60 00 9B 02 00 00 
3AF      06 00 00 00 00 00 00 FC 
3AF      07 00 00 00 00 00 00 FD 
03401020      00 00 00 00 00 00 00 00 
3AF      01 00 00 00 00 00 00 FB 
03401030      04 00 00 00 00 00 00 00 
3AF      02 00 00 00 00 00 00 F8 
3AF      03 00 00 00 00 00 00 F9 
03401038      00 00 00 00 00 00 00 00 
3AF      04 00 00 00 00 00 00 FE 
3AF      05 00 00 00 00 00 00 FF 
03401040      00 00 00 00 00 00 00 00 
3AF      06 00 00 00 00 00 00 FC 
03401008      00 01 00 00 00 07 D0 04 
3AF      07 00 00 00 00 00 00 FD 
3AF      01 00 00 00 00 00 00 FB 
03401010      5F 18 01 00 00 0A D2 00 
3AF      02 00 00 00 00 00 00 F8 
3AF      03 00 00 00 00 00 00 F9 
03401012      00 02 1A 94 00 00 00 00 
3AF      04 00 00 00 00 00 00 FE 
03401014      00 08 60 00 9B 02 00 00 
3AF      05 00 00 00 00 00 00 FF 
3AF      06 00 00 00 00 00 00 FC 
03401020      00 00 00 00 00 00 00 00 
3AF      07 00 00 00 00 00 00 FD 
3AF      01 00 00 00 00 00 00 FB 
03401030      04 00 00 00 00 00 00 00 
3AF      02 00 00 00 00 00 00 F8 
03401038      00 00 00 00 00 00 00 00 
3AF      03 00 00 00 00 00 00 F9 
3AF      04 00 00 00 00 00 00 FE 
03401040      00 00 00 00 00 00 00 00 
3AF      05 00 00 00 00 00 00 FF 
3AF      06 00 00 00 00 00 00 FC 
03401008      00 01 00 00 00 07 D0 04 
3AF      07 00 00 00 00 00 00 FD 
03401010      5F 18 01 00 00 0A D2 00 
3AF      01 00 00 00 00 00 00 FB 
3AF      02 00 00 00 00 00 00 F8 
03401012      00 02 1A 94 00 00 00 00 
3AF      03 00 00 00 00 00 00 F9 
3AF      04 00 00 00 00 00 00 FE 
03401014      00 08 60 00 9B 02 00 00 
3AF      05 00 00 00 00 00 00 FF 
03401020      00 00 00 00 00 00 00 00 
3AF      06 00 00 00 00 00 00 FC 
3AF      07 00 00 00 00 00 00 FD 
03401030      04 00 00 00 00 00 00 00 
3AF      01 00 00 00 00 00 00 FB 
3AF      02 00 00 00 00 00 00 F8 
03401038      00 00 00 00 00 00 00 00 
3AF      03 00 00 00 00 00 00 F9 
03401040      00 00 00 00 00 00 00 00 
3AF      04 00 00 00 00 00 00 FE 
3AF      05 00 00 00 00 00 00 FF 
03401008      00 01 00 00 00 07 D0 04 
3AF      06 00 00 00 00 00 00 FC 
3AF      07 00 00 00 00 00 00 FD 
03401010      5F 18 01 00 00 0A D2 00 
3AF      01 00 00 00 00 00 00 FB 
03401012      00 02 1A 94 00 00 00 00 
3AF      02 00 00 00 00 00 00 F8 
3AF      03 00 00 00 00 00 00 F9 
03401014      00 08 60 00 9B 02 00 00 
3AF      04 00 00 00 00 00 00 FE 
3AF      05 00 00 00 00 00 00 FF 
03401020      00 00 00 00 00 00 00 00 
3AF      06 00 00 00 00 00 00 FC 
03401030      04 00 00 00 00 00 00 00 
3AF      07 00 00 00 00 00 00 FD 
3AF      01 00 00 00 00 00 00 FB 
03401038      00 00 00 00 00 00 00 00 
3AF      02 00 00 00 00 00 00 F8 
3AF      03 00 00 00 00 00 00 F9 
03401040      00 00 00 00 00 00 00 00 
3AF      04 00 00 00 00 00 00 FE 
03401008      00 01 00 00 00 07 D0 04 
3AF      05 00 00 00 00 00 00 FF 
3AF      06 00 00 00 00 00 00 FC 
03401010      5F 18 01 00 00 0A D2 00 
3AF      07 00 00 00 00 00 00 FD 
3AF      01 00 00 00 00 00 00 FB 
03401012      00 02 1A 94 00 00 00 00 
3AF      02 00 00 00 00 00 00 F8 
03401014      00 08 60 00 9B 02 00 00 
3AF      03 00 00 00 00 00 00 F9 
3AF      04 00 00 00 00 00 00 FE 
03401020      00 00 00 00 00 00 00 00 
3AF      05 00 00 00 00 00 00 FF 
3AF      06 00 00 00 00 00 00 FC 
03401030      04 00 00 00 00 00 00 00 
3AF      07 00 00 00 00 00 00 FD 
03401038      00 00 00 00 00 00 00 00 
3AF      01 00 00 00 00 00 00 FB 
3AF      02 00 00 00 00 00 00 F8 
03401040      00 00 00 00 00 00 00 00 
3AF      03 00 00 00 00 00 00 F9 
3AF      04 00 00 00 00 00 00 FE 
03401008      00 01 00 00 00 07 D0 04 
3AF      05 00 00 00 00 00 00 FF 
03401010      5F 18 01 00 00 0A D2 00 
3AF      06 00 00 00 00 00 00 FC 
3AF      07 00 00 00 00 00 00 FD 
03401012      00 02 1A 94 00 00 00 00 
3AF      01 00 00 00 00 00 00 FB 
3AF      02 00 00 00 00 00 00 F8 
03401014      00 08 60 10 9B 02 00 00 
3AF      03 00 00 00 00 00 00 F9 
03401020      00 00 00 00 00 00 00 00 
3AF      04 00 00 00 00 00 00 FE 
3AF      05 00 00 00 00 00 00 FF 
03401030      04 00 00 00 00 00 00 00 
3AF      06 00 00 00 00 00 00 FC 
3AF      07 00 00 00 00 00 00 FD 
03401038      00 00 00 00 00 00 00 00 
3AF      01 00 00 00 00 00 00 FB 
03401040      00 00 00 00 00 00 00 00 
3AF      02 00 00 00 00 00 00 F8 
3AF      03 00 00 00 00 00 00 F9 
03401008      00 01 00 00 00 07 D0 04 
3AF      04 00 00 00 00 00 00 FE 
3AF      05 00 00 00 00 00 00 FF 
03401010      5F 18 01 00 00 0A D2 00 
3AF      06 00 00 00 00 00 00 FC 
03401012      00 02 1A 94 00 00 00 00 
3AF      07 00 00 00 00 00 00 FD 
3AF      01 00 00 00 00 00 00 FB 
03401014      00 08 60 10 9B 02 00 00 
3AF      02 00 00 00 00 00 00 F8 
3AF      03 00 00 00 00 00 00 F9 
03401020      00 00 00 00 00 00 00 00 
3AF      04 00 00 00 00 00 00 FE 
03401030      04 00 00 00 00 00 00 00 
3AF      05 00 00 00 00 00 00 FF 
3AF      06 00 00 00 00 00 00 FC 
03401038      00 00 00 00 00 00 00 00 
3AF      07 00 00 00 00 00 00 FD 
3AF      01 00 00 00 00 00 00 FB 
03401040      00 00 00 00 00 00 00 00 
3AF      02 00 00 00 00 00 00 F8 
03401008      00 01 00 00 00 07 D0 04 
3AF      03 00 00 00 00 00 00 F9 
3AF      04 00 00 00 00 00 00 FE 
03401010      5F 18 01 00 00 0A D2 00 
3AF      05 00 00 00 00 00 00 FF 
3AF      06 00 00 00 00 00 00 FC 
03401012      00 02 1A 94 00 00 00 00 
3AF      07 00 00 00 00 00 00 FD 
03401014      00 08 60 10 9B 00 00 00 
3AF      01 00 00 00 00 00 00 FB 
3AF      02 00 00 00 00 00 00 F8 
03401020      00 00 00 00 00 00 00 00 
3AF      03 00 00 00 00 00 00 F9 
3AF      04 00 00 00 00 00 00 FE 
03401030      04 00 00 00 00 00 00 00 
3AF      05 00 00 00 00 00 00 FF 
03401038      00 00 00 00 00 00 00 00 
3AF      06 00 00 00 00 00 00 FC 
3AF      07 00 00 00 00 00 00 FD 
03401040      00 00 00 00 00 00 00 00 
3AF      01 00 00 00 00 00 00 FB 
3AF      02 00 00 00 00 00 00 F8 
03401008      00 01 00 00 00 07 D0 04 
3AF      03 00 00 00 00 00 00 F9 
03401010      5F 18 01 00 00 0A D2 00 
3AF      04 00 00 00 00 00 00 FE 
3AF      05 00 00 00 00 00 00 FF 
03401012      00 02 1A 94 00 00 00 00 
3AF      06 00 00 00 00 00 00 FC 
3AF      07 00 00 00 00 00 00 FD 
03401014      00 08 60 10 9B 00 00 00 
3AF      01 00 00 00 00 00 00 FB 
03401020      00 00 00 00 00 00 00 00 
3AF      02 00 00 00 00 00 00 F8 
3AF      03 00 00 00 00 00 00 F9 
03401030      04 00 00 00 00 00 00 00 
3AF      04 00 00 00 00 00 00 FE 
3AF      05 00 00 00 00 00 00 FF 
03401038      00 00 00 00 00 00 00 00 
3AF      06 00 00 00 00 00 00 FC 
03401040      00 00 00 00 00 00 00 00 
3AF      07 00 00 00 00 00 00 FD 
3AF      01 00 00 00 00 00 00 FB 
03401008      00 01 00 00 00 07 D0 04 
3AF      02 00 00 00 00 00 00 F8 
3AF      03 00 00 00 00 00 00 F9 
03401010      5F 18 01 00 00 0A D2 00 
3AF      04 00 00 00 00 00 00 FE 
03401012      00 02 1A 94 00 00 00 00 
3AF      05 00 00 00 00 00 00 FF 
3AF      06 00 00 00 00 00 00 FC 
03401014      00 08 60 10 9B 00 00 00 
3AF      07 00 00 00 00 00 00 FD 
3AF      01 00 00 00 00 00 00 FB 
03401020      00 00 00 00 00 00 00 00 
3AF      02 00 00 00 00 00 00 F8 
03401030      04 00 00 00 00 00 00 00 
3AF      03 00 00 00 00 00 00 F9 
3AF      04 00 00 00 00 00 00 FE 
03401038      00 00 00 00 00 00 00 00 
3AF      05 00 00 00 00 00 00 FF 
3AF      06 00 00 00 00 00 00 FC 
03401040      00 00 00 00 00 00 00 00 
3AF      07 00 00 00 00 00 00 FD 
03401008      00 01 00 00 00 07 D0 04 
3AF      01 00 00 00 00 00 00 FB 
3AF      02 00 00 00 00 00 00 F8 
03401010      5F 18 01 00 00 0A D2 00 
3AF      03 00 00 00 00 00 00 F9 
3AF      04 00 00 00 00 00 00 FE 
03401012      00 02 1A 94 00 00 00 00 
3AF      05 00 00 00 00 00 00 FF 
03401014      00 08 60 10 9B 00 00 00 
3AF      06 00 00 00 00 00 00 FC 
3AF      07 00 00 00 00 00 00 FD 
03401020      00 00 00 00 00 00 00 00 
3AF      01 00 00 00 00 00 00 FB 
3AF      02 00 00 00 00 00 00 F8 
03401030      04 00 00 00 00 00 00 00 
3AF      03 00 00 00 00 00 00 F9 
03401038      00 00 00 00 00 00 00 00 
3AF      04 00 00 00 00 00 00 FE 
3AF      05 00 00 00 00 00 00 FF 
03401040      00 00 00 00 00 00 00 00 
3AF      06 00 00 00 00 00 00 FC 
3AF      07 00 00 00 00 00 00 FD 
03401008      00 01 00 00 00 07 D0 04 
3AF      01 00 00 00 00 00 00 FB 
03401010      5F 18 01 00 00 0A D2 00 
3AF      02 00 00 00 00 00 00 F8 
3AF      03 00 00 00 00 00 00 F9 
03401012      00 02 1A 94 00 00 00 00 
3AF      04 00 00 00 00 00 00 FE 
3AF      05 00 00 00 00 00 00 FF 
03401014      00 08 60 10 9B 00 00 00 
3AF      06 00 00 00 00 00 00 FC 
03401020      00 00 00 00 00 00 00 00 
3AF      07 00 00 00 00 00 00 FD 
3AF      01 00 00 00 00 00 00 FB 
03401030      04 00 00 00 00 00 00 00 
3AF      02 00 00 00 00 00 00 F8 
3AF      03 00 00 00 00 00 00 F9 
03401038      00 00 00 00 00 00 00 00 
3AF      04 00 00 00 00 00 00 FE 
03401040      00 00 00 00 00 00 00 00 
3AF      05 00 00 00 00 00 00 FF 
3AF      06 00 00 00 00 00 00 FC 
03401008      00 01 00 00 00 07 D0 04 
3AF      07 00 00 00 00 00 00 FD 
3AF      01 00 00 00 00 00 00 FB 
03401010      5F 18 01 00 00 0A D2 00 
3AF      02 00 00 00 00 00 00 F8 
03401012      00 02 1A 94 00 00 00 00 
3AF      03 00 00 00 00 00 00 F9 
3AF      04 00 00 00 00 00 00 FE 
03401014      00 08 60 10 9B 00 00 00 
3AF      05 00 00 00 00 00 00 FF 
3AF      06 00 00 00 00 00 00 FC 
03401020      00 00 00 00 00 00 00 00 
3AF      07 00 00 00 00 00 00 FD 
03401030      04 00 00 00 00 00 00 00 
3AF      01 00 00 00 00 00 00 FB 
3AF      02 00 00 00 00 00 00 F8 
03401038      00 00 00 00 00 00 00 00 
3AF      03 00 00 00 00 00 00 F9 
3AF      04 00 00 00 00 00 00 FE 
03401040      00 00 00 00 00 00 00 00 
3AF      05 00 00 00 00 00 00 FF 
03401008      00 01 00 00 00 07 D0 04 
3AF      06 00 00 00 00 00 00 FC 
3AF      07 00 00 00 00 00 00 FD 
03401010      5F 18 01 00 00 0A D2 00 
3AF      01 00 00 00 00 00 00 FB 
3AF      02 00 00 00 00 00 00 F8 
03401012      00 02 1A 94 00 00 00 00 
3AF      03 00 00 00 00 00 00 F9 
03401014      00 08 60 10 9B 00 20 00 
3AF      04 00 00 00 00 00 00 FE 
3AF      05 00 00 00 00 00 00 FF 
03401020      00 00 00 00 00 00 00 00 
3AF      06 00 00 00 00 00 00 FC 
3AF      07 00 00 00 00 00 00 FD 
03401030      04 00 00 00 00 00 00 00 
3AF      01 00 00 00 00 00 00 FB 
03401038      00 00 00 00 00 00 00 00 
3AF      02 00 00 00 00 00 00 F8 
3AF      03 00 00 00 00 00 00 F9 
03401040      00 00 00 00 00 00 00 00 
3AF      04 00 00 00 00 00 00 FE 
3AF      05 00 00 00 00 00 00 FF 
03401008      00 01 00 00 00 07 D0 04 
3AF      06 00 00 00 00 00 00 FC 
03401010      5F 18 01 00 00 0A D2 00 
3AF      07 00 00 00 00 00 00 FD 
3AF      01 00 00 00 00 00 00 FB 
03401012      00 02 1A 94 00 00 00 00 
3AF      02 00 00 00 00 00 00 F8 
3AF      03 00 00 00 00 00 00 F9 
03401014      00 08 60 14 18 01 20 00 
3AF      04 00 00 00 00 00 00 FE 
03401020      00 00 00 00 00 00 00 00 
3AF      05 00 00 00 00 00 00 FF 
3AF      06 00 00 00 00 00 00 FC 
03401030      04 00 00 00 00 00 00 00 
3AF      07 00 00 00 00 00 00 FD 
3AF      01 00 00 00 00 00 00 FB 
03401038      00 00 00 00 00 00 00 00 
3AF      02 00 00 00 00 00 00 F8 
03401040      00 00 00 00 00 00 00 00 
3AF      03 00 00 00 00 00 00 F9 
3AF      04 00 00 00 00 00 00 FE 
03401008      00 01 00 00 00 07 D0 04 
3AF      05 00 00 00 00 00 00 FF 
3AF      06 00 00 00 00 00 00 FC 
03401010      5F 18 01 00 00 0A D2 00 
3AF      07 00 00 00 00 00 00 FD 
03401012      00 02 1A 95 00 00 00 00 
3AF      01 00 00 00 00 00 00 FB 
3AF      02 00 00 00 00 00 00 F8 
03401014      00 0A 60 14 18 01 20 00 
3AF      03 00 00 00 00 00 00 F9 
3AF      04 00 00 00 00 00 00 FE 
03401020      00 00 00 00 00 00 00 00 
3AF      05 00 00 00 00 00 00 FF 
03401030      04 00 00 00 00 00 00 00 
3AF      06 00 00 00 00 00 00 FC 
3AF      07 00 00 00 00 00 00 FD 
03401038      00 00 00 00 00 00 00 00 
3AF      01 00 00 00 00 00 00 FB 
3AF      02 00 00 00 00 00 00 F8 
03401040      00 00 00 00 00 00 00 00 
3AF      03 00 00 00 00 00 00 F9 
03401008      00 01 00 00 00 07 D0 04 
3AF      04 00 00 00 00 00 00 FE 
3AF      05 00 00 00 00 00 00 FF 
03401010      5F 18 01 00 00 0A D2 00 
3AF      06 00 00 00 00 00 00 FC 
3AF      07 00 00 00 00 00 00 FD 
03401012      00 02 1A 95 00 00 00 00 
3AF      01 00 00 00 00 00 00 FB 
03401014      00 0A 60 16 18 01 20 00 
3AF      02 00 00 00 00 00 00 F8 
3AF      03 00 00 00 00 00 00 F9 
03401020      00 00 00 00 00 00 00 00 
3AF      04 00 00 00 00 00 00 FE 
3AF      05 00 00 00 00 00 00 FF 
03401030      04 00 00 00 00 00 00 00 
3AF      06 00 00 00 00 00 00 FC 
03401038      00 00 00 00 00 00 00 00 
3AF      07 00 00 00 00 00 00 FD 
3AF      01 00 00 00 00 00 00 FB 
03401040      00 00 00 00 00 00 00 00 
3AF      02 00 00 00 00 00 00 F8 
3AF      03 00 00 00 00 00 00 F9 
03401008      00 01 00 00 0B 07 D0 04 
3AF      04 00 00 00 00 00 00 FE 
03401010      5F 18 01 00 00 0A D2 00 
3AF      05 00 00 00 00 00 00 FF 
3AF      06 00 00 00 00 00 00 FC 
03401012      00 02 1A 95 00 00 00 00 
3AF      07 00 00 00 00 00 00 FD 
3AF      01 00 00 00 00 00 00 FB 
03401014      00 0A 60 17 18 01 20 00 
3AF      02 00 00 00 00 00 00 F8 
03401020      00 00 00 00 00 00 00 00 
3AF      03 00 00 00 00 00 00 F9 
3AF      04 00 00 00 00 00 00 FE 
03401030      04 00 00 00 00 00 00 00 
3AF      05 00 00 00 00 00 00 FF 
3AF      06 00 00 00 00 00 00 FC 
03401038      00 00 00 00 00 00 00 00 
3AF      07 00 00 00 00 00 00 FD 
03401040      00 00 00 00 00 00 00 00 
3AF      01 00 00 00 00 00 00 FB 
3AF      02 00 00 00 00 00 00 F8 
03401008      00 01 00 00 00 07 D0 04 
3AF      03 00 00 00 00 00 00 F9 
3AF      04 00 00 00 00 00 00 FE 
03401010      5F 18 01 00 00 0A D2 00 
3AF      05 00 00 00 00 00 00 FF 
03401012      00 02 1A 95 00 00 00 00 
3AF      06 00 00 00 00 00 00 FC 
3AF      07 00 00 00 00 00 00 FD 
03401014      00 0A 60 17 18 01 20 00 
3AF      01 00 00 00 00 00 00 FB 
3AF      02 00 00 00 00 00 00 F8 
03401020      00 00 00 00 00 00 00 00 
3AF      03 00 00 00 00 00 00 F9 
03401030      04 00 00 00 00 00 00 00 
3AF      04 00 00 00 00 00 00 FE 
3AF      05 00 00 00 00 00 00 FF 
03401038      00 00 00 00 00 00 00 00 
3AF      06 00 00 00 00 00 00 FC 
3AF      07 00 00 00 00 00 00 FD 
03401040      00 00 00 00 00 00 00 00 
3AF      01 00 00 00 00 00 00 FB 
03401008      00 01 00 00 0B 07 D0 04 
3AF      02 00 00 00 00 00 00 F8 
3AF      03 00 00 00 00 00 00 F9 
03401010      5F 18 01 00 00 0A D2 00 
3AF      04 00 00 00 00 00 00 FE 
3AF      05 00 00 00 00 00 00 FF 
03401012      00 02 1A 95 00 00 00 00 
3AF      06 00 00 00 00 00 00 FC 
03401014      00 0A 60 17 18 01 20 00 
3AF      07 00 00 00 00 00 00 FD 
3AF      01 00 00 00 00 00 00 FB 
03401020      00 00 00 00 00 00 00 00 
3AF      02 00 00 00 00 00 00 F8 
3AF      03 00 00 00 00 00 00 F9 
03401030      04 00 00 00 00 00 00 00 
3AF      04 00 00 00 00 00 00 FE 
03401038      00 00 00 00 00 00 00 00 
3AF      05 00 00 00 00 00 00 FF 
3AF      06 00 00 00 00 00 00 FC 
03401040      00 00 00 00 00 00 00 00 
3AF      07 00 00 00 00 00 00 FD 
3AF      01 00 00 00 00 00 00 FB 
03401008      00 01 00 00 4F 07 D0 04 
3AF      02 00 00 00 00 00 00 F8 
03401010      5F 18 01 00 00 0A D2 00 
3AF      03 00 00 00 00 00 00 F9 
3AF      04 00 00 00 00 00 00 FE 
03401012      00 02 1A 95 00 00 00 00 
3AF      05 00 00 00 00 00 00 FF 
3AF      06 00 00 00 00 00 00 FC 
03401014      00 0A 60 17 18 01 20 00 
3AF      07 00 00 00 00 00 00 FD 
03401020      00 00 00 00 00 00 00 00 
3AF      01 00 00 00 00 00 00 FB 
3AF      02 00 00 00 00 00 00 F8 
03401030      04 00 00 00 00 00 00 00 
3AF      03 00 00 00 00 00 00 F9 
3AF      04 00 00 00 00 00 00 FE 
03401038      00 00 00 00 00 00 00 00 
3AF      05 00 00 00 00 00 00 FF 
03401040      00 00 00 00 00 00 00 00 
3AF      06 00 00 00 00 00 00 FC 
3AF      07 00 00 00 00 00 00 FD 
03401008      00 01 00 00 FA 07 D0 04 
3AF      01 00 00 00 00 00 00 FB 
3AF      02 00 00 00 00 00 00 F8 
03401010      5F 18 01 00 00 0A D2 00 
3AF      03 00 00 00 00 00 00 F9 
03401012      00 02 1A 95 00 00 00 00 
3AF      04 00 00 00 00 00 00 FE 
3AF      05 00 00 00 00 00 00 FF 
03401014      00 0A 60 17 08 01 20 00 
3AF      06 00 00 00 00 00 00 FC 
3AF      07 00 00 00 00 00 00 FD 
03401020      00 00 00 00 00 00 00 00 
3AF      01 00 00 00 00 00 00 FB 
03401030      04 00 00 00 00 00 00 00 
3AF      02 00 00 00 00 00 00 F8 
3AF      03 00 00 00 00 00 00 F9 
03401038      00 00 00 00 00 00 00 00 
3AF      04 00 00 00 00 00 00 FE 
3AF      05 00 00 00 00 00 00 FF 
03401040      00 00 00 00 00 00 00 00 
3AF      06 00 00 00 00 00 00 FC 
03401008      00 01 00 01 D7 07 D0 04 
3AF      07 00 00 00 00 00 00 FD 
3AF      01 00 00 00 00 00 00 FB 
03401010      5F 18 01 00 00 0A D2 00 
3AF      02 00 00 00 00 00 00 F8 
3AF      03 00 00 00 00 00 00 F9 
03401012      00 02 1A 95 00 00 00 00 
3AF      04 00 00 00 00 00 00 FE 
03401014      00 0A 60 17 00 01 20 00 
3AF      05 00 00 00 00 00 00 FF 
3AF      06 00 00 00 00 00 00 FC 
03401020      00 00 00 00 00 00 00 00 
3AF      07 00 00 00 00 00 00 FD 
3AF      01 00 00 00 00 00 00 FB 
03401030      04 00 00 00 00 00 00 00 
3AF      02 00 00 00 00 00 00 F8 
03401038      00 00 00 00 00 00 00 00 
3AF      03 00 00 00 00 00 00 F9 
3AF      04 00 00 00 00 00 00 FE 
03401040      00 00 00 00 00 00 00 00 
3AF      05 00 00 00 00 00 00 FF 
3AF      06 00 00 00 00 00 00 FC 
03401008      00 01 00 02 BA 07 D0 04 
3AF      07 00 00 00 00 00 00 FD 
03401010      5F 18 01 00 00 0A D2 00 
3AF      01 00 00 00 00 00 00 FB 
3AF      02 00 00 00 00 00 00 F8 
03401012      00 02 1A 95 00 00 00 00 
3AF      03 00 00 00 00 00 00 F9 
3AF      04 00 00 00 00 00 00 FE 
03401014      00 0A 60 17 00 01 20 00 
3AF      05 00 00 00 00 00 00 FF 
03401020      00 00 00 00 00 00 00 00 
3AF      06 00 00 00 00 00 00 FC 
3AF      07 00 00 00 00 00 00 FD 
03401030      04 00 00 00 00 00 00 00 
3AF      01 00 00 00 00 00 00 FB 
3AF      02 00 00 00 00 00 00 F8 
03401038      00 00 00 00 00 00 00 00 
3AF      03 00 00 00 00 00 00 F9 
03401040      00 00 00 00 00 00 00 00 
3AF      04 00 00 00 00 00 00 FE 
3AF      05 00 00 00 00 00 00 FF 
03401008      00 01 00 03 92 07 D0 04 
3AF      06 00 00 00 00 00 00 FC 
3AF      07 00 00 00 00 00 00 FD 
03401010      5F 18 01 00 00 0A D2 00 
3AF      01 00 00 00 00 00 00 FB 
03401012      00 02 1A 95 00 00 00 00 
3AF      02 00 00 00 00 00 00 F8 
3AF      03 00 00 00 00 00 00 F9 
03401014      00 0A 60 17 00 01 20 00 
3AF      04 00 00 00 00 00 00 FE 
3AF      05 00 00 00 00 00 00 FF 
03401020      00 00 00 00 00 00 00 00 
3AF      06 00 00 00 00 00 00 FC 
03401030      04 00 00 00 00 00 00 00 
3AF      07 00 00 00 00 00 00 FD 
3AF      01 00 00 00 00 00 00 FB 
03401038      00 00 00 00 00 00 00 00 
3AF      02 00 00 00 00 00 00 F8 
3AF      03 00 00 00 00 00 00 F9 
03401040      00 00 00 00 00 00 00 00 
3AF      04 00 00 00 00 00 00 FE 
03401008      00 01 00 04 70 07 D0 04 
3AF      05 00 00 00 00 00 00 FF 
3AF      06 00 00 00 00 00 00 FC 
03401010      5F 18 01 00 00 0A D2 00 
3AF      07 00 00 00 00 00 00 FD 
3AF      01 00 00 00 00 00 00 FB 
03401012      00 02 1A 95 00 00 00 00 
3AF      02 00 00 00 00 00 00 F8 
03401014      00 0A 60 17 00 01 20 00 
3AF      03 00 00 00 00 00 00 F9 
3AF      04 00 00 00 00 00 00 FE 
03401020      00 00 00 00 00 00 00 00 
3AF      05 00 00 00 00 00 00 FF 
3AF      06 00 00 00 00 00 00 FC 
03401030      04 00 00 00 00 00 00 00 
3AF      07 00 00 00 00 00 00 FD 
03401038      00 00 00 00 00 00 00 00 
3AF      01 00 00 00 00 00 00 FB 
3AF      02 00 00 00 00 00 00 F8 
03401040      00 00 00 00 00 00 00 00 
3AF      03 00 00 00 00 00 00 F9 
3AF      04 00 00 00 00 00 00 FE 
03401008      00 01 00 05 4D 07 D0 04 
3AF      05 00 00 00 00 00 00 FF 
03401010      5F 18 01 00 00 0A D2 00 
3AF      06 00 00 00 00 00 00 FC 
3AF      07 00 00 00 00 00 00 FD 
03401012      00 02 1A 95 00 00 00 00 
3AF      01 00 00 00 00 00 00 FB 
3AF      02 00 00 00 00 00 00 F8 
03401014      00 0A 60 17 00 01 20 00 
3AF      03 00 00 00 00 00 00 F9 
03401020      00 00 00 00 00 00 00 00 
3AF      04 00 00 00 00 00 00 FE 
3AF      05 00 00 00 00 00 00 FF 
03401030      04 00 00 00 00 00 00 00 
3AF      06 00 00 00 00 00 00 FC 
3AF      07 00 00 00 00 00 00 FD 
03401038      00 00 00 00 00 00 00 00 
3AF      01 00 00 00 00 00 00 FB 
03401040      00 00 00 00 00 00 00 00 
3AF      02 00 00 00 00 00 00 F8 
3AF      03 00 00 00 00 00 00 F9 
03401008      00 01 00 06 03 07 D0 04 
3AF      04 00 00 00 00 00 00 FE 
3AF      05 00 00 00 00 00 00 FF 
03401010      5F 18 01 00 00 0A D2 00 
3AF      06 00 00 00 00 00 00 FC 
03401012      00 02 1A 95 00 00 00 00 
3AF      07 00 00 00 00 00 00 FD 
3AF      01 00 00 00 00 00 00 FB 
03401014      00 0A 60 17 00 01 20 00 
3AF      02 00 00 00 00 00 00 F8 
3AF      03 00 00 00 00 00 00 F9 
03401020      00 00 00 00 00 00 00 00 
3AF      04 00 00 00 00 00 00 FE 
03401030      04 00 00 00 00 00 00 00 
3AF      05 00 00 00 00 00 00 FF 
3AF      06 00 00 00 00 00 00 FC 
03401038      00 00 00 00 00 00 00 00 
3AF      07 00 00 00 00 00 00 FD 
3AF      01 00 00 00 00 00 00 FB 
03401040      00 00 00 00 00 00 00 00 
3AF      02 00 00 00 00 00 00 F8 
03401008      00 01 00 06 59 07 D0 04 
3AF      03 00 00 00 00 00 00 F9 
3AF      04 00 00 00 00 00 00 FE 
03401010      5F 18 01 00 00 0A D2 00 
3AF      05 00 00 00 00 00 00 FF 
3AF      06 00 00 00 00 00 00 FC 
03401012      00 02 1A 95 00 00 00 00 
3AF      07 00 00 00 00 00 00 FD 
03401014      00 0A 60 17 00 01 20 00 
3AF      01 00 00 00 00 00 00 FB 
3AF      02 00 00 00 00 00 00 F8 
03401020      00 00 00 00 00 00 00 00 
3AF      03 00 00 00 00 00 00 F9 
3AF      04 00 00 00 00 00 00 FE 
03401030      04 00 00 00 00 00 00 00 
3AF      05 00 00 00 00 00 00 FF 
03401038      00 00 00 00 00 00 00 00 
3AF      06 00 00 00 00 00 00 FC 
3AF      07 00 00 00 00 00 00 FD 
03401040      00 00 00 00 00 00 00 00 
3AF      01 00 00 00 00 00 00 FB 
3AF      02 00 00 00 00 00 00 F8 
03401008      00 01 00 06 6A 07 D0 04 
3AF      03 00 00 00 00 00 00 F9 
03401010      5F 18 01 00 00 0A D2 00 
3AF      04 00 00 00 00 00 00 FE 
3AF      05 00 00 00 00 00 00 FF 
03401012      00 02 1A 95 00 00 00 00 
3AF      06 00 00 00 00 00 00 FC 
3AF      07 00 00 00 00 00 00 FD 
03401014      00 0A 60 17 00 01 20 00 
3AF      01 00 00 00 00 00 00 FB 
03401020      00 00 00 00 00 00 00 00 
3AF      02 00 00 00 00 00 00 F8 
3AF      03 00 00 00 00 00 00 F9 
03401030      04 00 00 00 00 00 00 00 
3AF      04 00 00 00 00 00 00 FE 
3AF      05 00 00 00 00 00 00 FF 
03401038      00 00 00 00 00 00 00 00 
3AF      06 00 00 00 00 00 00 FC 
03401040      00 00 00 00 00 00 00 00 
3AF      07 00 00 00 00 00 00 FD 
3AF      01 00 00 00 00 00 00 FB 
03401008      00 01 00 06 64 07 D0 03 
3AF      02 00 00 00 00 00 00 F8 
3AF      03 00 00 00 00 00 00 F9 
03401010      5F 18 01 00 00 0A D2 00 
3AF      04 00 00 00 00 00 00 FE 
03401012      00 02 1A 95 00 00 00 00 
3AF      06 00 00 00 00 00 00 FC 
03401014      00 0A 60 17 00 01 20 00 
3AF      07 00 00 00 00 00 00 FD 
3AF      01 00 00 00 00 00 00 FB 
03401020      00 00 00 00 00 00 00 00 
3AF      02 00 00 00 00 00 00 F8 
03401030      04 00 00 00 00 00 00 00 
3AF      03 00 00 00 00 00 00 F9 
3AF      04 00 00 00 00 00 00 FE 
03401038      00 00 00 00 00 00 00 00 
3AF      05 00 00 00 00 00 00 FF 
3AF      06 00 00 00 00 00 00 FC 
03401040      00 00 00 00 00 00 00 00 
3AF      07 00 00 00 00 00 00 FD 
03401008      00 01 00 06 5E 07 D0 03 
3AF      01 00 00 00 00 00 00 FB 
3AF      02 00 00 00 00 00 00 F8 
03401010      5F 18 01 00 00 0A D2 00 
3AF      03 00 00 00 00 00 00 F9 
3AF      04 00 00 00 00 00 00 FE 
03401012      00 02 1A 95 00 00 00 00 
3AF      05 00 00 00 00 00 00 FF 
03401014      00 0A 60 17 00 01 20 00 
3AF      06 00 00 00 00 00 00 FC 
3AF      07 00 00 00 00 00 00 FD 
03401020      00 00 00 00 00 00 00 00 
3AF      01 00 00 00 00 00 00 FB 
3AF      02 00 00 00 00 00 00 F8 
03401030      04 00 00 00 00 00 00 00 
3AF      03 00 00 00 00 00 00 F9 
03401038      00 00 00 00 00 00 00 00 
3AF      04 00 00 00 00 00 00 FE 
3AF      05 00 00 00 00 00 00 FF 
03401040      00 00 00 00 00 00 00 00 
3AF      06 00 00 00 00 00 00 FC 
3AF      07 00 00 00 00 00 00 FD 
03401008      00 01 00 06 20 07 D0 03 
3AF      01 00 00 00 00 00 00 FB 
03401010      5F 18 01 00 00 0A D2 00 
3AF      02 00 00 00 00 00 00 F8 
3AF      03 00 00 00 00 00 00 F9 
03401012      00 02 1A 95 00 00 00 00 
3AF      04 00 00 00 00 00 00 FE 
3AF      05 00 00 00 00 00 00 FF 
03401014      00 0A 60 17 00 01 20 00 
3AF      06 00 00 00 00 00 00 FC 
03401020      00 00 00 00 00 00 00 00 
3AF      07 00 00 00 00 00 00 FD 
3AF      01 00 00 00 00 00 00 FB 
03401030      04 00 00 00 00 00 00 00 
3AF      02 00 00 00 00 00 00 F8 
3AF      03 00 00 00 00 00 00 F9 
03401038      00 00 00 00 00 00 00 00 
3AF      04 00 00 00 00 00 00 FE 
03401040      00 00 00 00 00 00 00 00 
3AF      05 00 00 00 00 00 00 FF 
3AF      06 00 00 00 00 00 00 FC 
03401008      00 01 00 05 7B 07 D0 03 
3AF      07 00 00 00 00 00 00 FD 
3AF      01 00 00 00 00 00 00 FB 
03401010      5F 18 01 00 00 0A D2 00 
3AF      02 00 00 00 00 00 00 F8 
03401012      00 02 1A 95 00 00 00 00 
3AF      03 00 00 00 00 00 00 F9 
3AF      04 00 00 00 00 00 00 FE 
03401014      00 0A 60 17 00 01 20 00 
3AF      05 00 00 00 00 00 00 FF 
3AF      06 00 00 00 00 00 00 FC 
03401020      00 00 00 00 00 00 00 00 
3AF      07 00 00 00 00 00 00 FD 
03401030      04 00 00 00 00 00 00 00 
3AF      01 00 00 00 00 00 00 FB 
3AF      02 00 00 00 00 00 00 F8 
03401038      00 00 00 00 00 00 00 00 
3AF      03 00 00 00 00 00 00 F9 
3AF      04 00 00 00 00 00 00 FE 
03401040      00 00 00 00 00 00 00 00 
3AF      05 00 00 00 00 00 00 FF 
03401008      00 01 00 04 A3 07 D0 03 
3AF      06 00 00 00 00 00 00 FC 
3AF      07 00 00 00 00 00 00 FD 
03401010      5F 18 01 00 00 0A D2 00 
3AF      01 00 00 00 00 00 00 FB 
3AF      02 00 00 00 00 00 00 F8 
03401012      00 02 1A 95 00 00 00 00 
3AF      03 00 00 00 00 00 00 F9 
03401014      00 0A 60 17 00 01 20 00 
3AF      04 00 00 00 00 00 00 FE 
3AF      05 00 00 00 00 00 00 FF 
03401020      00 00 00 00 00 00 00 00 
3AF      06 00 00 00 00 00 00 FC 
3AF      07 00 00 00 00 00 00 FD 
03401030      04 00 00 00 00 00 00 00 
3AF      01 00 00 00 00 00 00 FB 
03401038      00 00 00 00 00 00 00 00 
3AF      02 00 00 00 00 00 00 F8 
3AF      03 00 00 00 00 00 00 F9 
03401040      00 00 00 00 00 00 00 00 
3AF      04 00 00 00 00 00 00 FE 
3AF      05 00 00 00 00 00 00 FF 
03401008      00 01 00 03 BA 07 D0 03 
3AF      06 00 00 00 00 00 00 FC 
03401010      5F 18 01 00 00 0A D2 00 
3AF      07 00 00 00 00 00 00 FD 
3AF      01 00 00 00 00 00 00 FB 
03401012      00 02 1A 95 00 00 00 00 
3AF      02 00 00 00 00 00 00 F8 
3AF      03 00 00 00 00 00 00 F9 
03401014      00 0A 60 17 00 01 20 00 
3AF      04 00 00 00 00 00 00 FE 
03401020      00 00 00 00 00 00 00 00 
3AF      05 00 00 00 00 00 00 FF 
3AF      06 00 00 00 00 00 00 FC 
03401030      04 00 00 00 00 00 00 00 
3AF      07 00 00 00 00 00 00 FD 
3AF      01 00 00 00 00 00 00 FB 
03401038      00 00 00 00 00 00 00 00 
3AF      02 00 00 00 00 00 00 F8 
03401040      00 00 00 00 00 00 00 00 
3AF      03 00 00 00 00 00 00 F9 
3AF      04 00 00 00 00 00 00 FE 
03401008      00 01 00 02 E2 07 D0 03 
3AF      05 00 00 00 00 00 00 FF 
3AF      06 00 00 00 00 00 00 FC 
03401010      5F 18 01 00 00 0A D2 00 
3AF      07 00 00 00 00 00 00 FD 
03401012      00 02 1A 95 00 00 00 00 
3AF      01 00 00 00 00 00 00 FB 
3AF      02 00 00 00 00 00 00 F8 
03401014      00 0A 60 17 00 01 20 00 
3AF      03 00 00 00 00 00 00 F9 
3AF      04 00 00 00 00 00 00 FE 
03401020      00 00 00 00 00 00 00 00 
3AF      05 00 00 00 00 00 00 FF 
03401030      04 00 00 00 00 00 00 00 
3AF      06 00 00 00 00 00 00 FC 
3AF      07 00 00 00 00 00 00 FD 
03401038      00 00 00 00 00 00 00 00 
3AF      01 00 00 00 00 00 00 FB 
3AF      02 00 00 00 00 00 00 F8 
03401040      00 00 00 00 00 00 00 00 
3AF      03 00 00 00 00 00 00 F9 
03401008      00 01 00 02 05 07 D0 03 
3AF      04 00 00 00 00 00 00 FE 
3AF      05 00 00 00 00 00 00 FF 
03401010      5F 18 01 00 00 0A D2 00 
3AF      06 00 00 00 00 00 00 FC 
3AF      07 00 00 00 00 00 00 FD 
03401012      00 02 1A 95 00 00 00 00 
3AF      01 00 00 00 00 00 00 FB 
03401014      00 0A 60 17 10 01 20 00 
3AF      02 00 00 00 00 00 00 F8 
3AF      03 00 00 00 00 00 00 F9 
03401020      00 00 00 00 00 00 00 00 
3AF      04 00 00 00 00 00 00 FE 
3AF      05 00 00 00 00 00 00 FF 
03401030      04 00 00 00 00 00 00 00 
3AF      06 00 00 00 00 00 00 FC 
03401038      00 00 00 00 00 00 00 00 
3AF      07 00 00 00 00 00 00 FD 
3AF      01 00 00 00 00 00 00 FB 
03401040      00 00 00 00 00 00 00 00 
3AF      02 00 00 00 00 00 00 F8 
3AF      03 00 00 00 00 00 00 F9 
03401008      00 01 00 01 1C 07 D0 03 
3AF      04 00 00 00 00 00 00 FE 
03401010      5F 18 01 00 00 0A D2 00 
3AF      05 00 00 00 00 00 00 FF 
3AF      06 00 00 00 00 00 00 FC 
03401012      00 02 1A 95 00 00 00 00 
3AF      07 00 00 00 00 00 00 FD 
3AF      01 00 00 00 00 00 00 FB 
03401014      00 0A 60 17 10 01 20 00 
3AF      02 00 00 00 00 00 00 F8 
03401020      00 00 00 00 00 00 00 00 
3AF      03 00 00 00 00 00 00 F9 
3AF      04 00 00 00 00 00 00 FE 
03401030      04 00 00 00 00 00 00 00 
3AF      05 00 00 00 00 00 00 FF 
3AF      06 00 00 00 00 00 00 FC 
03401038      00 00 00 00 00 00 00 00 
3AF      07 00 00 00 00 00 00 FD 
03401040      00 00 00 00 00 00 00 00 
3AF      01 00 00 00 00 00 00 FB 
3AF      02 00 00 00 00 00 00 F8 
03401008      00 01 00 00 6B 07 D0 03 
3AF      03 00 00 00 00 00 00 F9 
3AF      04 00 00 00 00 00 00 FE 
03401010      5F 18 01 00 00 0A D2 00 
3AF      05 00 00 00 00 00 00 FF 
03401012      00 02 1A 95 00 00 00 00 
3AF      06 00 00 00 00 00 00 FC 
3AF      07 00 00 00 00 00 00 FD 
03401014      00 0A 60 17 10 01 20 00 
3AF      01 00 00 00 00 00 00 FB 
3AF      02 00 00 00 00 00 00 F8 
03401020      00 00 00 00 00 00 00 00 
3AF      03 00 00 00 00 00 00 F9 
03401030      04 00 00 00 00 00 00 00 
3AF      04 00 00 00 00 00 00 FE 
3AF      05 00 00 00 00 00 00 FF 
03401038      00 00 00 00 00 00 00 00 
3AF      06 00 00 00 00 00 00 FC 
3AF      07 00 00 00 00 00 00 FD 
03401040      00 00 00 00 00 00 00 00 
3AF      01 00 00 00 00 00 00 FB 
03401008      00 01 00 00 27 07 D0 03 
3AF      02 00 00 00 00 00 00 F8 
3AF      03 00 00 00 00 00 00 F9 
03401010      5F 18 01 00 00 0A D2 00 
3AF      04 00 00 00 00 00 00 FE 
3AF      05 00 00 00 00 00 00 FF 
03401012      00 02 1A 95 00 00 00 00 
3AF      06 00 00 00 00 00 00 FC 
03401014      00 0A 60 17 18 01 20 00 
3AF      07 00 00 00 00 00 00 FD 
3AF      01 00 00 00 00 00 00 FB 
03401020      00 00 00 00 00 00 00 00 
3AF      02 00 00 00 00 00 00 F8 
3AF      03 00 00 00 00 00 00 F9 
03401030      04 00 00 00 00 00 00 00 
3AF      04 00 00 00 00 00 00 FE 
03401038      00 00 00 00 00 00 00 00 
3AF      05 00 00 00 00 00 00 FF 
3AF      06 00 00 00 00 00 00 FC 
03401040      00 00 00 00 00 00 00 00 
3AF      07 00 00 00 00 00 00 FD 
3AF      01 00 00 00 00 00 00 FB 
03401008      00 01 00 00 0B 07 D0 03 
3AF      02 00 00 00 00 00 00 F8 
03401010      5F 18 01 00 00 0A D2 00 
3AF      03 00 00 00 00 00 00 F9 
3AF      04 00 00 00 00 00 00 FE 
03401012      00 02 1A 95 00 00 00 00 
3AF      05 00 00 00 00 00 00 FF 
3AF      06 00 00 00 00 00 00 FC 
03401014      00 0A 60 17 18 01 20 00 
3AF      07 00 00 00 00 00 00 FD 
03401020      00 00 00 00 00 00 00 00 
3AF      01 00 00 00 00 00 00 FB 
3AF      02 00 00 00 00 00 00 F8 
03401030      04 00 00 00 00 00 00 00 
3AF      03 00 00 00 00 00 00 F9 
3AF      04 00 00 00 00 00 00 FE 
03401038      00 00 00 00 00 00 00 00 
3AF      05 00 00 00 00 00 00 FF 
03401040      00 00 00 00 00 00 00 00 
3AF      06 00 00 00 00 00 00 FC 
3AF      07 00 00 00 00 00 00 FD 
03401008      00 01 00 00 00 07 D0 03 
3AF      01 00 00 00 00 00 00 FB 
3AF      02 00 00 00 00 00 00 F8 
03401010      5F 18 01 00 00 0A D2 00 
3AF      03 00 00 00 00 00 00 F9 
03401012      00 02 1A 95 00 00 00 00 
3AF      04 00 00 00 00 00 00 FE 
3AF      05 00 00 00 00 00 00 FF 
03401014      00 0A 60 01 18 01 20 00 
3AF      06 00 00 00 00 00 00 FC 
3AF      07 00 00 00 00 00 00 FD 
03401020      00 00 00 00 00 00 00 00 
3AF      01 00 00 00 00 00 00 FB 
03401030      00 00 00 00 00 00 00 00 
3AF      02 00 00 00 00 00 00 F8 
3AF      03 00 00 00 00 00 00 F9 
03401038      00 00 00 00 00 00 00 00 
3AF      04 00 00 00 00 00 00 FE 
3AF      05 00 00 00 00 00 00 FF 
03401040      00 00 00 00 00 00 00 00 
3AF      06 00 00 00 00 00 00 FC 
03401008      00 01 00 00 00 07 D0 03 
3AF      07 00 00 00 00 00 00 FD 
3AF      01 00 00 00 00 00 00 FB 
03401010      5F 18 01 00 00 0A D2 00 
3AF      02 00 00 00 00 00 00 F8 
3AF      03 00 00 00 00 00 00 F9 
03401012      00 02 1A 95 00 00 00 00 
3AF      04 00 00 00 00 00 00 FE 
03401014      00 0A 60 00 18 01 20 00 
3AF      05 00 00 00 00 00 00 FF 
3AF      06 00 00 00 00 00 00 FC 
03401020      00 00 00 00 00 00 00 00 
3AF      07 00 00 00 00 00 00 FD 
3AF      01 00 00 00 00 00 00 FB 
03401030      00 00 00 00 00 00 00 00 
3AF      02 00 00 00 00 00 00 F8 
03401038      00 00 00 00 00 00 00 00 
3AF      03 00 00 00 00 00 00 F9 
3AF      04 00 00 00 00 00 00 FE 
03401040      00 00 00 00 00 00 00 00 
3AF      05 00 00 00 00 00 00 FF 
3AF      06 00 00 00 00 00 00 FC 
03401008      00 01 00 00 00 07 D0 03 
3AF      07 00 00 00 00 00 00 FD 
03401010      5F 18 01 00 00 0A D2 00 
3AF      01 00 00 00 00 00 00 FB 
3AF      02 00 00 00 00 00 00 F8 
03401012      00 02 1A 95 00 00 00 00 
3AF      03 00 00 00 00 00 00 F9 
3AF      04 00 00 00 00 00 00 FE 
03401014      00 08 60 00 18 01 20 00 
3AF      05 00 00 00 00 00 00 FF 
03401020      00 00 00 00 00 00 00 00 
3AF      06 00 00 00 00 00 00 FC 
3AF      07 00 00 00 00 00 00 FD 
03401030      00 00 00 00 00 00 00 00 
3AF      01 00 00 00 00 00 00 FB 
3AF      02 00 00 00 00 00 00 F8 
03401038      00 00 00 00 00 00 00 00 
3AF      03 00 00 00 00 00 00 F9 
03401040      00 00 00 00 00 00 00 00 
3AF      04 00 00 00 00 00 00 FE 
3AF      05 00 00 00 00 00 00 FF 
03401008      00 01 00 00 00 07 D0 03 
3AF      06 00 00 00 00 00 00 FC 
3AF      07 00 00 00 00 00 00 FD 
03401010      5F 18 01 00 00 0A D2 00 
3AF      01 00 00 00 00 00 00 FB 
03401012      00 02 1A 95 00 00 00 00 
3AF      02 00 00 00 00 00 00 F8 
3AF      03 00 00 00 00 00 00 F9 
03401014      00 08 60 20 98 01 20 00 
3AF      04 00 00 00 00 00 00 FE 
3AF      05 00 00 00 00 00 00 FF 
03401020      00 00 00 00 00 00 00 00 
3AF      06 00 00 00 00 00 00 FC 
03401030      00 00 00 00 00 00 00 00 
3AF      07 00 00 00 00 00 00 FD 
3AF      01 00 00 00 00 00 00 FB 
03401038      00 00 00 00 00 00 00 00 
3AF      02 00 00 00 00 00 00 F8 
3AF      03 00 00 00 00 00 00 F9 
03401040      00 00 00 00 00 00 00 00 
3AF      04 00 00 00 00 00 00 FE 
03401008      00 01 00 00 00 07 D0 03 
3AF      05 00 00 00 00 00 00 FF 
3AF      06 00 00 00 00 00 00 FC 
03401010      5F 18 01 00 00 0A D2 00 
3AF      07 00 00 00 00 00 00 FD 
3AF      01 00 00 00 00 00 00 FB 
03401012      00 02 1A 95 00 00 00 00 
3AF      02 00 00 00 00 00 00 F8 
03401014      00 08 60 20 99 01 20 00 
3AF      03 00 00 00 00 00 00 F9 
3AF      04 00 00 00 00 00 00 FE 
03401020      00 00 00 00 00 00 00 00 
3AF      05 00 00 00 00 00 00 FF 
3AF      06 00 00 00 00 00 00 FC 
03401030      00 00 00 00 00 00 00 00 
3AF      07 00 00 00 00 00 00 FD 
03401038      00 00 00 00 00 00 00 00 
3AF      01 00 00 00 00 00 00 FB 
3AF      02 00 00 00 00 00 00 F8 
03401040      00 00 00 00 00 00 00 00 
3AF      03 00 00 00 00 00 00 F9 
3AF      04 00 00 00 00 00 00 FE 
03401008      00 01 00 00 00 07 D0 03 
3AF      05 00 00 00 00 00 00 FF 
03401010      5F 18 01 00 00 0A D2 00 
3AF      06 00 00 00 00 00 00 FC 
3AF      07 00 00 00 00 00 00 FD 
03401012      00 02 1A 95 00 00 00 00 
3AF      01 00 00 00 00 00 00 FB 
3AF      02 00 00 00 00 00 00 F8 
03401014      00 08 60 20 9B 00 00 00 
3AF      03 00 00 00 00 00 00 F9 
03401020      00 00 00 00 00 00 00 00 
3AF      04 00 00 00 00 00 00 FE 
3AF      05 00 00 00 00 00 00 FF 
03401030      00 00 00 00 00 00 00 00 
3AF      06 00 00 00 00 00 00 FC 
3AF      07 00 00 00 00 00 00 FD 
03401038      00 00 00 00 00 00 00 00 
3AF      01 00 00 00 00 00 00 FB 
03401040      00 00 00 00 00 00 00 00 
3AF      02 00 00 00 00 00 00 F8 
3AF      03 00 00 00 00 00 00 F9 
03401008      00 01 00 00 00 07 D0 03 
3AF      04 00 00 00 00 00 00 FE 
3AF      05 00 00 00 00 00 00 FF 
03401010      5F 18 01 00 00 0A D2 00 
3AF      06 00 00 00 00 00 00 FC 
03401012      00 02 1A 95 00 00 00 00 
3AF      07 00 00 00 00 00 00 FD 
3AF      01 00 00 00 00 00 00 FB 
03401014      00 08 60 20 9B 00 00 00 
3AF      02 00 00 00 00 00 00 F8 
3AF      03 00 00 00 00 00 00 F9 
03401020      00 00 00 00 00 00 00 00 
3AF      04 00 00 00 00 00 00 FE 
03401030      00 00 00 00 00 00 00 00 
3AF      05 00 00 00 00 00 00 FF 
3AF      06 00 00 00 00 00 00 FC 
03401038      00 00 00 00 00 00 00 00 
3AF      07 00 00 00 00 00 00 FD 
3AF      01 00 00 00 00 00 00 FB 
03401040      00 00 00 00 00 00 00 00 
3AF      02 00 00 00 00 00 00 F8 
03401008      00 01 00 00 00 07 D0 03 
3AF      03 00 00 00 00 00 00 F9 
3AF      04 00 00 00 00 00 00 FE 
03401010      5F 18 01 00 00 0A D2 00 
3AF      05 00 00 00 00 00 00 FF 
3AF      06 00 00 00 00 00 00 FC 
03401012      00 02 1A 95 00 00 00 00 
3AF      07 00 00 00 00 00 00 FD 
03401014      00 08 60 20 9B 00 00 00 
3AF      01 00 00 00 00 00 00 FB 
3AF      02 00 00 00 00 00 00 F8 
03401020      00 00 00 00 00 00 00 00 
3AF      03 00 00 00 00 00 00 F9 
3AF      04 00 00 00 00 00 00 FE 
03401030      00 00 00 00 00 00 00 00 
3AF      05 00 00 00 00 00 00 FF 
03401038      00 00 00 00 00 00 00 00 
3AF      06 00 00 00 00 00 00 FC 
3AF      07 00 00 00 00 00 00 FD 
03401040      00 00 00 00 00 00 00 00 
3AF      01 00 00 00 00 00 00 FB 
3AF      02 00 00 00 00 00 00 F8 
03401008      00 01 00 00 00 07 D0 03 
3AF      03 00 00 00 00 00 00 F9 
03401010      5F 18 01 00 00 0A D2 00 
3AF      04 00 00 00 00 00 00 FE 
3AF      05 00 00 00 00 00 00 FF 
03401012      00 02 1A 95 00 00 00 00 
3AF      06 00 00 00 00 00 00 FC 
3AF      07 00 00 00 00 00 00 FD 
03401014      00 08 60 20 9B 00 00 00 
3AF      01 00 00 00 00 00 00 FB 
03401020      00 00 00 00 00 00 00 00 
3AF      02 00 00 00 00 00 00 F8 
3AF      03 00 00 00 00 00 00 F9 
03401030      00 00 00 00 00 00 00 00 
3AF      04 00 00 00 00 00 00 FE 
3AF      05 00 00 00 00 00 00 FF 
03401038      00 00 00 00 00 00 00 00 
3AF      06 00 00 00 00 00 00 FC 
03401040      00 00 00 00 00 00 00 00 
3AF      07 00 00 00 00 00 00 FD 
3AF      01 00 00 00 00 00 00 FB 
03401008      00 01 00 00 00 07 D0 03 
3AF      02 00 00 00 00 00 00 F8 
3AF      03 00 00 00 00 00 00 F9 
03401010      5F 18 01 00 00 0A D2 00 
3AF      04 00 00 00 00 00 00 FE 
03401012      00 02 1A 95 00 00 00 00 
3AF      05 00 00 00 00 00 00 FF 
3AF      06 00 00 00 00 00 00 FC 
03401014      00 08 60 20 9B 00 00 00 
3AF      07 00 00 00 00 00 00 FD 
3AF      01 00 00 00 00 00 00 FB 
03401020      00 00 00 00 00 00 00 00 
3AF      02 00 00 00 00 00 00 F8 
03401030      00 00 00 00 00 00 00 00 
3AF      03 00 00 00 00 00 00 F9 
3AF      04 00 00 00 00 00 00 FE 
03401038      00 00 00 00 00 00 00 00 
3AF      05 00 00 00 00 00 00 FF 
3AF      06 00 00 00 00 00 00 FC 
03401040      00 00 00 00 00 00 00 00 
3AF      07 00 00 00 00 00 00 FD 
03401008      00 01 00 00 00 07 D0 03 
3AF      01 00 00 00 00 00 00 FB 
3AF      02 00 00 00 00 00 00 F8 
03401010      5F 18 01 00 00 0A D2 00 
3AF      03 00 00 00 00 00 00 F9 
3AF      04 00 00 00 00 00 00 FE 
03401012      00 02 1A 95 00 00 00 00 
3AF      05 00 00 00 00 00 00 FF 
03401014      00 08 60 00 9B 02 00 00 
3AF      06 00 00 00 00 00 00 FC 
3AF      07 00 00 00 00 00 00 FD 
03401020      00 00 00 00 00 00 00 00 
3AF      01 00 00 00 00 00 00 FB 
3AF      02 00 00 00 00 00 00 F8 
03401030      00 00 00 00 00 00 00 00 
3AF      03 00 00 00 00 00 00 F9 
03401038      00 00 00 00 00 00 00 00 
3AF      04 00 00 00 00 00 00 FE 
3AF      05 00 00 00 00 00 00 FF 
03401040      00 00 00 00 00 00 00 00 
3AF      06 00 00 00 00 00 00 FC 
3AF      07 00 00 00 00 00 00 FD 
03401008      00 01 00 00 00 07 D0 03 
3AF      01 00 00 00 00 00 00 FB 
03401010      5F 18 01 00 00 0A D2 00 
3AF      02 00 00 00 00 00 00 F8 
3AF      03 00 00 00 00 00 00 F9 
03401012      00 02 1A 95 00 00 00 00 
3AF      04 00 00 00 00 00 00 FE 
3AF      05 00 00 00 00 00 00 FF 
03401014      00 08 60 00 9B 02 00 00 
3AF      06 00 00 00 00 00 00 FC 
03401020      00 00 00 00 00 00 00 00 
3AF      07 00 00 00 00 00 00 FD 
3AF      01 00 00 00 00 00 00 FB 
03401030      00 00 00 00 00 00 00 00 
3AF      02 00 00 00 00 00 00 F8 
3AF      03 00 00 00 00 00 00 F9 
03401038      00 00 00 00 00 00 00 00 
3AF      04 00 00 00 00 00 00 FE 
03401040      00 00 00 00 00 00 00 00 
3AF      05 00 00 00 00 00 00 FF 
3AF      06 00 00 00 00 00 00 FC 
03401008      00 01 00 00 00 07 D0 03 
3AF      07 00 00 00 00 00 00 FD 
3AF      01 00 00 00 00 00 00 FB 
03401010      5F 18 01 00 00 0A D2 00 
3AF      02 00 00 00 00 00 00 F8 
03401012      00 02 1A 95 00 00 00 00 
3AF      03 00 00 00 00 00 00 F9 
3AF      04 00 00 00 00 00 00 FE 
03401014      00 08 60 00 9B 02 00 00 
3AF      05 00 00 00 00 00 00 FF 
3AF      06 00 00 00 00 00 00 FC 
03401020      00 00 00 00 00 00 00 00 
3AF      07 00 00 00 00 00 00 FD 
03401030      00 00 00 00 00 00 00 00 
3AF      01 00 00 00 00 00 00 FB 
3AF      02 00 00 00 00 00 00 F8 
03401038      00 00 00 00 00 00 00 00 
3AF      03 00 00 00 00 00 00 F9 
3AF      04 00 00 00 00 00 00 FE 
03401040      00 00 00 00 00 00 00 00 
3AF      05 00 00 00 00 00 00 FF 
03401008      00 01 00 00 00 07 D0 03 
3AF      06 00 00 00 00 00 00 FC 
3AF      07 00 00 00 00 00 00 FD 
03401010      5F 18 01 00 00 0A D2 00 
3AF      01 00 00 00 00 00 00 FB 
3AF      02 00 00 00 00 00 00 F8 
03401012      00 02 1A 95 00 00 00 00 
3AF      03 00 00 00 00 00 00 F9 
03401014      00 08 60 00 9B 02 00 00 
3AF      04 00 00 00 00 00 00 FE 
3AF      05 00 00 00 00 00 00 FF 
03401020      00 00 00 00 00 00 00 00 
3AF      06 00 00 00 00 00 00 FC 
3AF      07 00 00 00 00 00 00 FD 
03401030      00 00 00 00 00 00 00 00 
3AF      01 00 00 00 00 00 00 FB 
03401038      00 00 00 00 00 00 00 00 
3AF      02 00 00 00 00 00 00 F8 
3AF      03 00 00 00 00 00 00 F9 
03401040      00 00 00 00 00 00 00 00 
3AF      04 00 00 00 00 00 00 FE 
3AF      05 00 00 00 00 00 00 FF 
03401008      00 01 00 00 00 07 D0 03 
3AF      06 00 00 00 00 00 00 FC 
03401010      5F 18 01 00 00 0A D2 00 
3AF      07 00 00 00 00 00 00 FD 
3AF      01 00 00 00 00 00 00 FB 
03401012      00 02 1A 95 00 00 00 00 
3AF      02 00 00 00 00 00 00 F8 
3AF      03 00 00 00 00 00 00 F9 
03401014      00 08 60 00 9B 02 00 00 
3AF      04 00 00 00 00 00 00 FE 
03401020      00 00 00 00 00 00 00 00 
3AF      05 00 00 00 00 00 00 FF 
3AF      06 00 00 00 00 00 00 FC 
03401030      00 00 00 00 00 00 00 00 
3AF      07 00 00 00 00 00 00 FD 
3AF      01 00 00 00 00 00 00 FB 
03401038      00 00 00 00 00 00 00 00 
3AF      02 00 00 00 00 00 00 F8 
03401040      00 00 00 00 00 00 00 00 
3AF      03 00 00 00 00 00 00 F9 
3AF      04 00 00 00 00 00 00 FE 
03401008      00 01 00 00 00 07 D0 03 
3AF      05 00 00 00 00 00 00 FF 
3AF      06 00 00 00 00 00 00 FC 
03401010      5F 18 01 00 00 0A D2 00 
3AF      07 00 00 00 00 00 00 FD 
03401012      00 02 1A 95 00 00 00 00 
3AF      01 00 00 00 00 00 00 FB 
3AF      02 00 00 00 00 00 00 F8 
03401014      00 08 60 00 9B 02 00 00 
3AF      03 00 00 00 00 00 00 F9 
3AF      04 00 00 00 00 00 00 FE 
03401020      00 00 00 00 00 00 00 00 
3AF      05 00 00 00 00 00 00 FF 
03401030      00 00 00 00 00 00 00 00 
3AF      06 00 00 00 00 00 00 FC 
3AF      07 00 00 00 00 00 00 FD 
03401038      00 00 00 00 00 00 00 00 
3AF      01 00 00 00 00 00 00 FB 
3AF      02 00 00 00 00 00 00 F8 
03401040      00 00 00 00 00 00 00 00 
3AF      03 00 00 00 00 00 00 F9 
03401008      00 01 00 00 00 07 D0 03 
3AF      04 00 00 00 00 00 00 FE 
3AF      05 00 00 00 00 00 00 FF 
03401010      5F 18 01 00 00 0A D2 00 
3AF      06 00 00 00 00 00 00 FC 
3AF      07 00 00 00 00 00 00 FD 
03401012      00 02 1A 95 00 00 00 00 
3AF      01 00 00 00 00 00 00 FB 
03401014      00 08 60 00 9B 02 00 00 
3AF      02 00 00 00 00 00 00 F8 
3AF      03 00 00 00 00 00 00 F9 
03401020      00 00 00 00 00 00 00 00 
3AF      04 00 00 00 00 00 00 FE 
3AF      05 00 00 00 00 00 00 FF 
03401030      00 00 00 00 00 00 00 00 
3AF      06 00 00 00 00 00 00 FC 
03401038      00 00 00 00 00 00 00 00 
3AF      07 00 00 00 00 00 00 FD 
3AF      01 00 00 00 00 00 00 FB 
03401040      00 00 00 00 00 00 00 00 
3AF      02 00 00 00 00 00 00 F8 
3AF      03 00 00 00 00 00 00 F9 
03401008      00 01 00 00 00 07 D0 03 
3AF      04 00 00 00 00 00 00 FE 
03401010      5F 18 01 00 00 0A D2 00 
3AF      05 00 00 00 00 00 00 FF 
3AF      06 00 00 00 00 00 00 FC 
03401012      00 02 1A 95 00 00 00 00 
3AF      07 00 00 00 00 00 00 FD 
3AF      01 00 00 00 00 00 00 FB 
03401014      00 08 60 00 9B 02 00 00 
3AF      02 00 00 00 00 00 00 F8 
03401020      00 00 00 00 00 00 00 00 
3AF      03 00 00 00 00 00 00 F9 
3AF      04 00 00 00 00 00 00 FE 
03401030      00 00 00 00 00 00 00 00 
3AF      05 00 00 00 00 00 00 FF 
3AF      06 00 00 00 00 00 00 FC 
03401038      00 00 00 00 00 00 00 00 
3AF      07 00 00 00 00 00 00 FD 
03401040      00 00 00 00 00 00 00 00 
3AF      01 00 00 00 00 00 00 FB 
3AF      02 00 00 00 00 00 00 F8 
03401008      00 01 00 00 00 07 D0 03 
3AF      03 00 00 00 00 00 00 F9 
3AF      04 00 00 00 00 00 00 FE 
03401010      5F 18 01 00 00 0A D2 00 
3AF      05 00 00 00 00 00 00 FF 
03401012      00 02 1A 95 00 00 00 00 
3AF      07 00 00 00 00 00 00 FD 
03401014      00 08 60 00 9B 02 00 00 
3AF      01 00 00 00 00 00 00 FB 
3AF      02 00 00 00 00 00 00 F8 
03401020      00 00 00 00 00 00 00 00 
3AF      03 00 00 00 00 00 00 F9 
03401030      00 00 00 00 00 00 00 00 
3AF      04 00 00 00 00 00 00 FE 
3AF      05 00 00 00 00 00 00 FF 
03401038      00 00 00 00 00 00 00 00 
3AF      06 00 00 00 00 00 00 FC 
3AF      07 00 00 00 00 00 00 FD 
03401040      00 00 00 00 00 00 00 00 
3AF      01 00 00 00 00 00 00 FB 
03401008      00 01 00 00 00 07 D0 03 
3AF      02 00 00 00 00 00 00 F8 
3AF      03 00 00 00 00 00 00 F9 
03401010      5F 18 01 00 00 0A D2 00 
3AF      04 00 00 00 00 00 00 FE 
3AF      05 00 00 00 00 00 00 FF 
03401012      00 02 1A 95 00 00 00 00 
3AF      06 00 00 00 00 00 00 FC 
03401014      00 08 60 00 9B 02 00 00 
3AF      07 00 00 00 00 00 00 FD 
3AF      01 00 00 00 00 00 00 FB 
03401020      00 00 00 00 00 00 00 00 
3AF      02 00 00 00 00 00 00 F8 
3AF      03 00 00 00 00 00 00 F9 
03401030      00 00 00 00 00 00 00 00 
3AF      04 00 00 00 00 00 00 FE 
03401038      00 00 00 00 00 00 00 00 
3AF      05 00 00 00 00 00 00 FF 
3AF      06 00 00 00 00 00 00 FC 
03401040      00 00 00 00 00 00 00 00 
3AF      07 00 00 00 00 00 00 FD 
3AF      01 00 00 00 00 00 00 FB 
03401008      00 01 00 00 00 07 D0 03 
3AF      02 00 00 00 00 00 00 F8 
03401010      5F 18 01 00 00 0A D2 00 
3AF      03 00 00 00 00 00 00 F9 
3AF      04 00 00 00 00 00 00 FE 
03401012      00 02 1A 95 00 00 00 00 
3AF      05 00 00 00 00 00 00 FF 
3AF      06 00 00 00 00 00 00 FC 
03401014      00 08 60 00 9B 02 00 00 
3AF      07 00 00 00 00 00 00 FD 
03401020      00 00 00 00 00 00 00 00 
3AF      01 00 00 00 00 00 00 FB 
3AF      02 00 00 00 00 00 00 F8 
03401030      00 00 00 00 00 00 00 00 
3AF      03 00 00 00 00 00 00 F9 
3AF      04 00 00 00 00 00 00 FE 
03401038      00 00 00 00 00 00 00 00 
3AF      05 00 00 00 00 00 00 FF 
03401040      00 00 00 00 00 00 00 00 
3AF      06 00 00 00 00 00 00 FC 
3AF      07 00 00 00 00 00 00 FD 
03401008      00 01 00 00 00 07 D0 03 
3AF      01 00 00 00 00 00 00 FB 
3AF      02 00 00 00 00 00 00 F8 
03401010      5F 18 01 00 00 0A D2 00 
3AF      03 00 00 00 00 00 00 F9 
03401012      00 02 1A 95 00 00 00 00 
3AF      04 00 00 00 00 00 00 FE 
3AF      05 00 00 00 00 00 00 FF 
03401014      00 08 60 00 9B 02 00 00 
3AF      06 00 00 00 00 00 00 FC 
3AF      07 00 00 00 00 00 00 FD 
03401020      00 00 00 00 00 00 00 00 
3AF      01 00 00 00 00 00 00 FB 
03401030      00 00 00 00 00 00 00 00 
3AF      02 00 00 00 00 00 00 F8 
3AF      03 00 00 00 00 00 00 F9 
03401038      00 00 00 00 00 00 00 00 
3AF      04 00 00 00 00 00 00 FE 
3AF      05 00 00 00 00 00 00 FF 
03401040      00 00 00 00 00 00 00 00 
3AF      06 00 00 00 00 00 00 FC 
03401008      00 01 00 00 00 07 D0 03 
3AF      07 00 00 00 00 00 00 FD 
3AF      01 00 00 00 00 00 00 FB 
03401010      5F 18 01 00 00 0A D2 00 
3AF      02 00 00 00 00 00 00 F8 
3AF      03 00 00 00 00 00 00 F9 
03401012      00 02 1A 95 00 00 00 00 
3AF      04 00 00 00 00 00 00 FE 
03401014      00 08 60 00 9B 02 00 00 
3AF      05 00 00 00 00 00 00 FF 
3AF      06 00 00 00 00 00 00 FC 
03401020      00 00 00 00 00 00 00 00 
3AF      07 00 00 00 00 00 00 FD 
3AF      01 00 00 00 00 00 00 FB 
03401030      00 00 00 00 00 00 00 00 
3AF      02 00 00 00 00 00 00 F8 
03401038      00 00 00 00 00 00 00 00 
3AF      03 00 00 00 00 00 00 F9 
3AF      04 00 00 00 00 00 00 FE 
03401040      00 00 00 00 00 00 00 00 
3AF      05 00 00 00 00 00 00 FF 
3AF      06 00 00 00 00 00 00 FC 
03401008      00 01 00 00 00 07 D0 03 
3AF      07 00 00 00 00 00 00 FD 
03401010      5F 18 01 00 00 0A D2 00 
3AF      01 00 00 00 00 00 00 FB 
3AF      02 00 00 00 00 00 00 F8 
03401012      00 02 1A 95 00 00 00 00 
3AF      03 00 00 00 00 00 00 F9 
3AF      04 00 00 00 00 00 00 FE 
03401014      00 08 60 10 9B 02 00 00 
3AF      05 00 00 00 00 00 00 FF 
03401020      00 00 00 00 00 00 00 00 
3AF      06 00 00 00 00 00 00 FC 
3AF      07 00 00 00 00 00 00 FD 
03401030      00 00 00 00 00 00 00 00 
3AF      01 00 00 00 00 00 00 FB 
3AF      02 00 00 00 00 00 00 F8 
03401038      00 00 00 00 00 00 00 00 
3AF      03 00 00 00 00 00 00 F9 
03401040      00 00 00 00 00 00 00 00 
3AF      04 00 00 00 00 00 00 FE 
3AF      05 00 00 00 00 00 00 FF 
03401008      00 01 00 00 00 07 D0 03 
3AF      06 00 00 00 00 00 00 FC 
3AF      07 00 00 00 00 00 00 FD 
03401010      5F 18 01 00 00 0A D2 00 
3AF      01 00 00 00 00 00 00 FB 
03401012      00 02 1A 95 00 00 00 00 
3AF      02 00 00 00 00 00 00 F8 
3AF      03 00 00 00 00 00 00 F9 
03401014      00 08 60 10 9B 02 00 00 
3AF      04 00 00 00 00 00 00 FE 
3AF      05 00 00 00 00 00 00 FF 
03401020      00 00 00 00 00 00 00 00 
3AF      06 00 00 00 00 00 00 FC 
03401030      00 00 00 00 00 00 00 00 
3AF      07 00 00 00 00 00 00 FD 
3AF      01 00 00 00 00 00 00 FB 
03401038      00 00 00 00 00 00 00 00 
3AF      02 00 00 00 00 00 00 F8 
3AF      03 00 00 00 00 00 00 F9 
03401040      00 00 00 00 00 00 00 00 
3AF      04 00 00 00 00 00 00 FE 
03401008      00 01 00 00 00 07 D0 03 
3AF      05 00 00 00 00 00 00 FF 
3AF      06 00 00 00 00 00 00 FC 
03401010      5F 18 01 00 00 0A D2 00 
3AF      07 00 00 00 00 00 00 FD 
3AF      01 00 00 00 00 00 00 FB 
03401012      00 02 1A 95 00 00 00 00 
3AF      02 00 00 00 00 00 00 F8 
03401014      00 08 60 10 9B 00 00 00 
3AF      03 00 00 00 00 00 00 F9 
3AF      04 00 00 00 00 00 00 FE 
03401020      00 00 00 00 00 00 00 00 
3AF      05 00 00 00 00 00 00 FF 
3AF      06 00 00 00 00 00 00 FC 
03401030      00 00 00 00 00 00 00 00 
3AF      07 00 00 00 00 00 00 FD 
03401038      00 00 00 00 00 00 00 00 
3AF      01 00 00 00 00 00 00 FB 
3AF      02 00 00 00 00 00 00 F8 
03401040      00 00 00 00 00 00 00 00 
3AF      03 00 00 00 00 00 00 F9 
3AF      04 00 00 00 00 00 00 FE 
03401008      00 01 00 00 00 07 D0 03 
3AF      05 00 00 00 00 00 00 FF 
03401010      5F 18 01 00 00 0A D2 00 
3AF      06 00 00 00 00 00 00 FC 
3AF      07 00 00 00 00 00 00 FD 
03401012      00 02 1A 95 00 00 00 00 
3AF      01 00 00 00 00 00 00 FB 
3AF      02 00 00 00 00 00 00 F8 
03401014      00 08 60 10 9B 00 00 00 
3AF      03 00 00 00 00 00 00 F9 
03401020      00 00 00 00 00 00 00 00 
3AF      04 00 00 00 00 00 00 FE 
3AF      05 00 00 00 00 00 00 FF 
03401030      00 00 00 00 00 00 00 00 
3AF      06 00 00 00 00 00 00 FC 
3AF      07 00 00 00 00 00 00 FD 
03401038      00 00 00 00 00 00 00 00 
3AF      01 00 00 00 00 00 00 FB 
03401040      00 00 00 00 00 00 00 00 
3AF      02 00 00 00 00 00 00 F8 
3AF      03 00 00 00 00 00 00 F9 
03401008      00 01 00 00 00 07 D0 03 
3AF      04 00 00 00 00 00 00 FE 
3AF      05 00 00 00 00 00 00 FF 
03401010      5F 18 01 00 00 0A D2 00 
3AF      06 00 00 00 00 00 00 FC 
03401012      00 02 1A 95 00 00 00 00 
3AF      07 00 00 00 00 00 00 FD 
3AF      01 00 00 00 00 00 00 FB 
03401014      00 08 60 10 9B 00 00 00 
3AF      02 00 00 00 00 00 00 F8 
3AF      03 00 00 00 00 00 00 F9 
03401020      00 00 00 00 00 00 00 00 
3AF      04 00 00 00 00 00 00 FE 
03401030      00 00 00 00 00 00 00 00 
3AF      05 00 00 00 00 00 00 FF 
3AF      06 00 00 00 00 00 00 FC 
03401038      00 00 00 00 00 00 00 00 
3AF      07 00 00 00 00 00 00 FD 
3AF      01 00 00 00 00 00 00 FB 
03401040      00 00 00 00 00 00 00 00 
3AF      02 00 00 00 00 00 00 F8 
03401008      00 01 00 00 00 07 D0 03 
3AF      03 00 00 00 00 00 00 F9 
3AF      04 00 00 00 00 00 00 FE 
03401010      5F 18 01 00 00 0A D2 00 
3AF      05 00 00 00 00 00 00 FF 
3AF      06 00 00 00 00 00 00 FC 
03401012      00 02 1A 95 00 00 00 00 
3AF      07 00 00 00 00 00 00 FD 
03401014      00 08 60 10 9B 00 00 00 
3AF      01 00 00 00 00 00 00 FB 
3AF      02 00 00 00 00 00 00 F8 
03401020      00 00 00 00 00 00 00 00 
3AF      03 00 00 00 00 00 00 F9 
3AF      04 00 00 00 00 00 00 FE 
03401030      00 00 00 00 00 00 00 00 
3AF      05 00 00 00 00 00 00 FF 
03401038      00 00 00 00 00 00 00 00 
3AF      06 00 00 00 00 00 00 FC 
3AF      07 00 00 00 00 00 00 FD 
03401040      00 00 00 00 00 00 00 00 
3AF      01 00 00 00 00 00 00 FB 
3AF      02 00 00 00 00 00 00 F8 
03401008      00 01 00 00 00 07 D0 03 
3AF      03 00 00 00 00 00 00 F9 
3AF      04 00 00 00 00 00 00 FE 
03401010      5F 18 01 00 00 0A D2 00 
3AF      05 00 00 00 00 00 00 FF 
03401012      00 02 1A 95 00 00 00 00 
3AF      06 00 00 00 00 00 00 FC 
3AF      07 00 00 00 00 00 00 FD 
03401014      00 08 60 10 9B 00 00 00 
3AF      01 00 00 00 00 00 00 FB 
03401020      00 00 00 00 00 00 00 00 
3AF      02 00 00 00 00 00 00 F8 
3AF      03 00 00 00 00 00 00 F9 
03401030      00 00 00 00 00 00 00 00 
3AF      04 00 00 00 00 00 00 FE 
3AF      05 00 00 00 00 00 00 FF 
03401038      00 00 00 00 00 00 00 00 
3AF      06 00 00 00 00 00 00 FC 
3AF      07 00 00 00 00 00 00 FD 
03401040      00 00 00 00 00 00 00 00 
3AF      01 00 00 00 00 00 00 FB 
03401008      00 01 00 00 00 07 D0 03 
3AF      02 00 00 00 00 00 00 F8 
3AF      03 00 00 00 00 00 00 F9 
03401010      5F 18 01 00 00 0A D2 00 
3AF      04 00 00 00 00 00 00 FE 
03401012      00 02 1A 95 00 00 00 00 
3AF      05 00 00 00 00 00 00 FF 
3AF      06 00 00 00 00 00 00 FC 
03401014      00 08 60 10 9B 00 00 00 
3AF      07 00 00 00 00 00 00 FD 
3AF      01 00 00 00 00 00 00 FB 
03401020      00 00 00 00 00 00 00 00 
3AF      02 00 00 00 00 00 00 F8 
3AF      03 00 00 00 00 00 00 F9 
03401030      00 00 00 00 00 00 00 00 
3AF      04 00 00 00 00 00 00 FE 
03401038      00 00 00 00 00 00 00 00 
3AF      05 00 00 00 00 00 00 FF 
3AF      06 00 00 00 00 00 00 FC 
03401040      00 00 00 00 00 00 00 00 
3AF      07 00 00 00 00 00 00 FD 
3AF      07 00 00 00 00 00 00 FD       07 00 00 00 00 00 00 FD 
