   781   11 00 50 10 11 8A 
   249   0D 00 AE 10 
   740   1D 00 48 FF 00 FF 00 
   740   1D 00 47 00 03 D8 00 00 
   600   1D 00 40 D8 00 00 00 
   500   1D 00 40 D8 00 00 00 
   749   0D 00 AE 03 6C 00 
   748   0D 00 AE 03 6C 00 
   749   0D 00 AE 04 00 00 
   748   0D 00 AE 04 00 00 
   749   0D 00 AE 05 00 00 
   748   0D 00 AE 05 00 00 
   100   1D 00 73 FF 08 0F 
   742   1D 00 50 FF 08 
   781   11 00 50 0F 11 13 
   249   0D 00 AE 10 
   781   11 00 50 0F 10 9C 
   249   0D 00 AE 10 
   781   11 00 50 0F 10 9C 
   249   0D 00 AE 10 
   781   11 00 50 0F 10 9C 
   249   0D 00 AE 10 
   781   11 00 50 0F 10 9C 
   249   0D 00 AE 10 
   2A3   15 23 00 02 02 03 
   781   11 00 50 0F 11 13 
   200   15 00 01 04 04 
   749   05 00 AE 40 01 00 00 
   749   09 00 AE 40 01 00 00 
   200   19 00 01 04 04 
   740   1D 00 48 FF 00 FF 02 
   749   0D 00 AE 05 00 02 
   748   0D 00 AE 05 00 02 
   100   1D 00 71 FF 10 10 
   740   1D 00 47 10 03 D8 00 00 
   600   1D 00 40 D8 00 00 10 
   500   1D 00 40 D8 00 00 10 
   749   0D 00 AE 03 6C 00 
   748   0D 00 AE 03 6C 00 
   749   0D 00 AE 04 01 00 
   748   0D 00 AE 04 01 00 
   749   0D 00 AE 05 00 02 
   748   0D 00 AE 05 00 02 
   249   0D 00 AE 10 
   741   1D 00 42 
   100   1D 00 E9 01 00 11 
   2A3   15 23 00 02 00 03 
   249   0D 00 AE 10 
   249   0D 00 AE 10 
   249   0D 00 AE 10 
   740   1D 00 48 FF 00 FF 02 
   740   1D 00 47 11 03 D8 00 00 
   600   1D 00 40 D8 00 00 10 
   500   1D 00 40 D8 00 00 10 
   749   0D 00 AE 03 6C 00 
   748   0D 00 AE 03 6C 00 
   749   0D 00 AE 04 01 00 
   748   0D 00 AE 04 01 00 
   749   0D 00 AE 05 00 02 
   748   0D 00 AE 05 00 02 
   100   1D 00 73 FF 08 12 
   742   1D 00 50 FF 08 
   249   0D 00 AE 10 
   249   0D 00 AE 10 
   249   0D 00 AE 10 
   249   0D 00 AE 10 
   740   1D 00 47 11 04 64 00 00 
   600   1D 00 40 64 00 00 10 
   500   1D 00 40 64 00 00 10 
   749   0D 00 AE 03 32 00 
   748   0D 00 AE 03 32 00 
   749   0D 00 AE 04 01 00 
   748   0D 00 AE 04 01 00 
   749   0D 00 AE 05 00 02 
   748   0D 00 AE 05 00 02 
   249   0D 00 AE 10 
   740   1D 00 47 11 05 66 00 00 
   600   1D 00 40 66 00 00 10 
   500   1D 00 40 66 00 00 10 
   749   0D 00 AE 03 33 00 
   748   0D 00 AE 03 33 00 
   749   0D 00 AE 04 01 00 
   748   0D 00 AE 04 01 00 
   749   0D 00 AE 05 00 02 
   748   0D 00 AE 05 00 02 
   249   0D 00 AE 10 
   249   0D 00 AE 10 
   249   0D 00 AE 10 
   249   0D 00 AE 10 
   249   0D 00 AE 10 
   740   1D 00 47 11 06 68 00 00 
   600   1D 00 40 68 00 00 10 
   500   1D 00 40 68 00 00 10 
   749   0D 00 AE 03 34 00 
   748   0D 00 AE 03 34 00 
   749   0D 00 AE 04 01 00 
   748   0D 00 AE 04 01 00 
   749   0D 00 AE 05 00 02 
   748   0D 00 AE 05 00 02 
   740   1D 00 48 FF 00 FF 02 
   740   1D 00 47 11 06 68 00 00 
   600   1D 00 40 68 00 00 10 
   500   1D 00 40 68 00 00 10 
   749   0D 00 AE 03 34 00 
   748   0D 00 AE 03 34 00 
   749   0D 00 AE 04 01 00 
   748   0D 00 AE 04 01 00 
   749   0D 00 AE 05 00 02 
   748   0D 00 AE 05 00 02 
   100   1D 00 73 FF 08 13 
   742   1D 00 50 FF 08 
   249   0D 00 AE 10 
   249   0D 00 AE 10 
   249   0D 00 AE 10 
   740   1D 00 47 11 07 6A 00 00 
   600   1D 00 40 6A 00 00 10 
   500   1D 00 40 6A 00 00 10 
   749   0D 00 AE 03 35 00 
   748   0D 00 AE 03 35 00 
   749   0D 00 AE 04 01 00 
   748   0D 00 AE 04 01 00 
   749   0D 00 AE 05 00 02 
   748   0D 00 AE 05 00 02 
   249   0D 00 AE 10 
   249   0D 00 AE 10 
   1C0   15 00 21 08 08 
   1C0   15 00 22 20 20 
   1C0   15 00 21 08 00 
   1C0   15 00 22 20 00 
   249   0D 00 AE 10 
   740   1D 00 47 11 08 6C 00 00 
   600   1D 00 40 6C 00 00 10 
   500   1D 00 40 6C 00 00 10 
   749   0D 00 AE 03 36 00 
   748   0D 00 AE 03 36 00 
   749   0D 00 AE 04 01 00 
   748   0D 00 AE 04 01 00 
   749   0D 00 AE 05 00 02 
   748   0D 00 AE 05 00 02 
   249   0D 00 AE 10 
   249   0D 00 AE 10 
   249   0D 00 AE 10 
   740   1D 00 47 11 09 6E 00 00 
   600   1D 00 40 6E 00 00 10 
   500   1D 00 40 6E 00 00 10 
   749   0D 00 AE 03 37 00 
   748   0D 00 AE 03 37 00 
   749   0D 00 AE 04 01 00 
   748   0D 00 AE 04 01 00 
   749   0D 00 AE 05 00 02 
   748   0D 00 AE 05 00 02 
   249   0D 00 AE 10 
   740   1D 00 48 FF 00 FF 02 
   740   1D 00 47 11 09 6E 00 00 
   600   1D 00 40 6E 00 00 10 
   500   1D 00 40 6E 00 00 10 
   749   0D 00 AE 03 37 00 
   748   0D 00 AE 03 37 00 
   749   0D 00 AE 04 01 00 
   748   0D 00 AE 04 01 00 
   749   0D 00 AE 05 00 02 
   748   0D 00 AE 05 00 02 
   100   1D 00 73 FF 08 14 
   742   1D 00 50 FF 08 
   249   0D 00 AE 10 
   740   1D 00 47 11 0A 70 00 00 
   600   1D 00 40 70 00 00 10 
   500   1D 00 40 70 00 00 10 
   749   0D 00 AE 03 38 00 
   748   0D 00 AE 03 38 00 
   749   0D 00 AE 04 01 00 
   748   0D 00 AE 04 01 00 
   749   0D 00 AE 05 00 02 
   748   0D 00 AE 05 00 02 
   249   0D 00 AE 10 
   249   0D 00 AE 10 
   249   0D 00 AE 10 
   740   1D 00 47 11 0B 72 00 00 
   600   1D 00 40 72 00 00 10 
   500   1D 00 40 72 00 00 10 
   749   0D 00 AE 03 39 00 
   748   0D 00 AE 03 39 00 
   749   0D 00 AE 04 01 00 
   748   0D 00 AE 04 01 00 
   749   0D 00 AE 05 00 02 
   748   0D 00 AE 05 00 02 
   249   0D 00 AE 10 
   249   0D 00 AE 10 
   249   0D 00 AE 10 
   740   1D 00 47 11 0C 9E D8 00 
   600   1D 00 40 9E D8 00 10 
   500   1D 00 40 9E D8 00 10 
   749   0D 00 AE 03 4F 6C 
   748   0D 00 AE 03 4F 6C 
   749   0D 00 AE 04 01 00 
   748   0D 00 AE 04 01 00 
   749   0D 00 AE 05 00 02 
   748   0D 00 AE 05 00 02 
   100   1D 00 71 FF 90 15 
   100   15 00 61 08 00 16 
   200   15 0C 01 04 04 
   749   05 0C AE 40 01 00 00 
   24A   0D 00 AE 0B 0C 00 
   748   0D 00 AE 0B 0C 00 
   749   0D 00 AE 0B 0C 00 
   249   0D 00 AE 10 
   249   0D 00 AE 10 
   249   0D 00 AE 10 
   740   1D 00 48 FF 00 FF 02 
   740   1D 00 47 11 0C 9E D8 00 
   600   1D 00 40 9E D8 00 10 
   500   1D 00 40 9E D8 00 10 
   749   0D 00 AE 03 4F 6C 
   748   0D 00 AE 03 4F 6C 
   749   0D 00 AE 04 01 00 
   748   0D 00 AE 04 01 00 
   749   0D 00 AE 05 00 02 
   748   0D 00 AE 05 00 02 
   100   1D 00 73 FF 08 17 
   742   1D 00 50 FF 08 
   249   0D 00 AE 10 
   249   0D 00 AE 10 
   249   0D 00 AE 10 
   100   1D 00 E9 01 01 18 
   180   14 00 34 08 E0 65 
   180   14 00 34 08 E8 66 
   180   14 00 34 08 E0 67 
   180   14 00 34 08 E8 68 
   249   0D 00 AE 10 
   100   1D 00 73 FF 04 19 
   742   1D 00 20 FF 04 
   180   14 00 34 08 E0 69 
   180   14 00 34 08 E8 6A 
   249   0D 00 AE 10 
   249   0D 00 AE 0D 25 25 00 00 
   249   0D 00 AE 31 73 0D 00 00 
   249   0D 00 AE 10 
   249   0D 00 AE 10 
   741   1D 00 40 13 25 
   741   1D 00 41 
   249   0D 00 AE 10 
   781   11 00 50 10 0F 8D 
   249   0D 00 AE 10 
   781   11 00 50 0F 0F 16 
   740   1D 00 48 FF 00 FF 02 
   740   1D 00 47 11 0C 9E D8 00 
   600   1D 00 40 9E D8 00 10 
   500   1D 00 40 9E D8 00 10 
   749   0D 00 AE 03 4F 6C 
   748   0D 00 AE 03 4F 6C 
   749   0D 00 AE 04 01 00 
   748   0D 00 AE 04 01 00 
   749   0D 00 AE 05 00 02 
   748   0D 00 AE 05 00 02 
   100   1D 00 73 FF 04 1A 
   742   1D 00 50 FF 04 
   249   0D 00 AE 10 
   781   11 00 50 0F 0F 16 
   180   15 00 32 01 31 6B 
   249   0D 00 AE 10 
   781   11 00 50 10 10 03 
   249   0D 00 AE 10 
   781   11 00 50 12 11 DB 
   249   0D 00 AE 10 
   781   11 00 50 12 12 50 
   249   0D 00 AE 10 
   781   11 00 50 12 11 DB 
   249   0D 00 AE 10 
   781   11 00 50 0F 0E 9E 
   249   0D 00 AE 10 
   100   1D 00 73 FF 08 1B 
   742   1D 00 20 FF 08 
   781   11 00 50 0E 0E 27 
   249   0D 00 AE 10 
   781   11 00 50 0E 0E 27 
   180   15 00 32 01 30 6C 
   249   0D 00 AE 10 
   781   11 00 50 10 10 7A 
   249   0D 00 AE 10 
   781   11 00 50 12 12 50 
   740   1D 00 48 FF 00 FF 02 
   740   1D 00 47 10 0C 9E D8 00 
   600   1D 00 40 9E D8 00 10 
   500   1D 00 40 9E D8 00 10 
   749   0D 00 AE 03 4F 6C 
   748   0D 00 AE 03 4F 6C 
   749   0D 00 AE 04 01 00 
   748   0D 00 AE 04 01 00 
   749   0D 00 AE 05 00 02 
   748   0D 00 AE 05 00 02 
   100   1D 00 73 FF 08 1C 
   742   1D 00 50 FF 08 
   249   0D 00 AE 10 
   781   11 00 50 12 12 50 
   249   0D 00 AE 10 
   781   11 00 50 12 12 50 
   249   0D 00 AE 10 
   781   11 00 50 12 11 DB 
   249   0D 00 AE 10 
   781   11 00 50 11 10 F0 
   249   0D 00 AE 10 
   781   11 00 50 11 11 66 
   249   0D 00 AE 10 
   781   11 00 50 10 10 03 
   249   0D 00 AE 10 
   781   11 00 50 10 10 03 
   249   0D 00 AE 10 
   781   11 00 50 11 10 F0 
   200   15 0C 01 04 00 
   749   05 0C AE 40 00 00 00 
   200   15 00 01 04 04 
   200   19 00 01 04 04 
   100   1D 00 71 FF 10 1D 
   749   05 00 AE 40 01 00 00 
   749   09 00 AE 40 01 00 00 
   249   0D 00 AE 10 
   781   11 00 50 12 11 DB 
   741   1D 00 42 
   100   1D 00 E9 01 00 1E 
   249   0D 00 AE 10 
   740   1D 00 48 FF 00 FF 02 
   740   1D 00 47 11 0C 9E D8 00 
   600   1D 00 40 9E D8 00 10 
   500   1D 00 40 9E D8 00 10 
   749   0D 00 AE 03 4F 6C 
   748   0D 00 AE 03 4F 6C 
   749   0D 00 AE 04 01 00 
   748   0D 00 AE 04 01 00 
   749   0D 00 AE 05 00 02 
   748   0D 00 AE 05 00 02 
   100   1D 00 73 FF 08 1F 
   742   1D 00 50 FF 08 
   249   0D 00 AE 10 
   249   0D 00 AE 10 
   249   0D 00 AE 10 
   249   0D 00 AE 10 
   740   1D 00 47 11 0D D8 D8 00 
   600   1D 00 40 D8 D8 00 10 
   500   1D 00 40 D8 D8 00 10 
   749   0D 00 AE 03 6C 6C 
   748   0D 00 AE 03 6C 6C 
   749   0D 00 AE 04 01 00 
   748   0D 00 AE 04 01 00 
   749   0D 00 AE 05 00 02 
   748   0D 00 AE 05 00 02 
   249   0D 00 AE 10 
   249   0D 00 AE 10 
   740   1D 00 47 11 0E 64 D8 00 
   600   1D 00 40 64 D8 00 10 
   500   1D 00 40 64 D8 00 10 
   749   0D 00 AE 03 32 6C 
   748   0D 00 AE 03 32 6C 
   749   0D 00 AE 04 01 00 
   748   0D 00 AE 04 01 00 
   749   0D 00 AE 05 00 02 
   748   0D 00 AE 05 00 02 
   249   0D 00 AE 10 
   740   1D 00 47 11 0F 66 D8 00 
   600   1D 00 40 66 D8 00 10 
   500   1D 00 40 66 D8 00 10 
   749   0D 00 AE 03 33 6C 
   748   0D 00 AE 03 33 6C 
   749   0D 00 AE 04 01 00 
   748   0D 00 AE 04 01 00 
   749   0D 00 AE 05 00 02 
   748   0D 00 AE 05 00 02 
   249   0D 00 AE 10 
   249   0D 00 AE 10 
   249   0D 00 AE 10 
   740   1D 00 48 FF 00 FF 02 
   740   1D 00 47 11 0F 66 D8 00 
   600   1D 00 40 66 D8 00 10 
   500   1D 00 40 66 D8 00 10 
   749   0D 00 AE 03 33 6C 
   748   0D 00 AE 03 33 6C 
   749   0D 00 AE 04 01 00 
   748   0D 00 AE 04 01 00 
   749   0D 00 AE 05 00 02 
   748   0D 00 AE 05 00 02 
   100   1D 00 73 FF 08 20 
   742   1D 00 50 FF 08 
   249   0D 00 AE 10 
   249   0D 00 AE 10 
   740   1D 00 47 11 10 68 D8 00 
   600   1D 00 40 68 D8 00 10 
   500   1D 00 40 68 D8 00 10 
   749   0D 00 AE 03 34 6C 
   748   0D 00 AE 03 34 6C 
   749   0D 00 AE 04 01 00 
   748   0D 00 AE 04 01 00 
   749   0D 00 AE 05 00 02 
   748   0D 00 AE 05 00 02 
   249   0D 00 AE 10 
   249   0D 00 AE 10 
   249   0D 00 AE 10 
   740   1D 00 47 11 11 6A D8 00 
   600   1D 00 40 6A D8 00 10 
   500   1D 00 40 6A D8 00 10 
   749   0D 00 AE 03 35 6C 
   748   0D 00 AE 03 35 6C 
   749   0D 00 AE 04 01 00 
   748   0D 00 AE 04 01 00 
   749   0D 00 AE 05 00 02 
   748   0D 00 AE 05 00 02 
   249   0D 00 AE 10 
   249   0D 00 AE 10 
   249   0D 00 AE 10 
   740   1D 00 47 11 12 6C D8 00 
   600   1D 00 40 6C D8 00 10 
   500   1D 00 40 6C D8 00 10 
   749   0D 00 AE 03 36 6C 
   748   0D 00 AE 03 36 6C 
   749   0D 00 AE 04 01 00 
   748   0D 00 AE 04 01 00 
   749   0D 00 AE 05 00 02 
   748   0D 00 AE 05 00 02 
   249   0D 00 AE 10 
   740   1D 00 48 FF 00 FF 02 
   740   1D 00 47 11 12 6C D8 00 
   600   1D 00 40 6C D8 00 10 
   500   1D 00 40 6C D8 00 10 
   749   0D 00 AE 03 36 6C 
   748   0D 00 AE 03 36 6C 
   749   0D 00 AE 04 01 00 
   748   0D 00 AE 04 01 00 
   749   0D 00 AE 05 00 02 
   748   0D 00 AE 05 00 02 
   100   1D 00 73 FF 08 21 
   742   1D 00 50 FF 08 
   249   0D 00 AE 10 
   249   0D 00 AE 10 
   740   1D 00 47 11 13 6E D8 00 
   600   1D 00 40 6E D8 00 10 
   500   1D 00 40 6E D8 00 10 
   749   0D 00 AE 03 37 6C 
   748   0D 00 AE 03 37 6C 
   749   0D 00 AE 04 01 00 
   748   0D 00 AE 04 01 00 
   749   0D 00 AE 05 00 02 
   748   0D 00 AE 05 00 02 
   249   0D 00 AE 10 
   249   0D 00 AE 10 
   249   0D 00 AE 10 
   740   1D 00 47 11 14 70 D8 00 
   600   1D 00 40 70 D8 00 10 
   500   1D 00 40 70 D8 00 10 
   749   0D 00 AE 03 38 6C 
   748   0D 00 AE 03 38 6C 
   749   0D 00 AE 04 01 00 
   748   0D 00 AE 04 01 00 
   749   0D 00 AE 05 00 02 
   748   0D 00 AE 05 00 02 
   249   0D 00 AE 10 
   249   0D 00 AE 10 
   740   1D 00 47 11 15 72 D8 00 
   600   1D 00 40 72 D8 00 10 
   500   1D 00 40 72 D8 00 10 
   749   0D 00 AE 03 39 6C 
   748   0D 00 AE 03 39 6C 
   749   0D 00 AE 04 01 00 
   748   0D 00 AE 04 01 00 
   749   0D 00 AE 05 00 02 
   748   0D 00 AE 05 00 02 
   249   0D 00 AE 10 
   249   0D 00 AE 10 
   249   0D 00 AE 10 
   740   1D 00 48 FF 00 FF 02 
   740   1D 00 47 11 15 72 D8 00 
   600   1D 00 40 72 D8 00 10 
   500   1D 00 40 72 D8 00 10 
   749   0D 00 AE 03 39 6C 
   748   0D 00 AE 03 39 6C 
   749   0D 00 AE 04 01 00 
   748   0D 00 AE 04 01 00 
   749   0D 00 AE 05 00 02 
   748   0D 00 AE 05 00 02 
   100   1D 00 73 FF 08 22 
   742   1D 00 50 FF 08 
   740   1D 00 47 11 16 9E 64 00 
   600   1D 00 40 9E 64 00 10 
   500   1D 00 40 9E 64 00 10 
   749   0D 00 AE 03 4F 32 
   748   0D 00 AE 03 4F 32 
   749   0D 00 AE 04 01 00 
   748   0D 00 AE 04 01 00 
   749   0D 00 AE 05 00 02 
   748   0D 00 AE 05 00 02 
   100   15 00 62 20 00 23 
   200   15 16 01 04 04 
   749   05 16 AE 40 01 00 00 
   24A   0D 00 AE 0B 16 00 
   748   0D 00 AE 0B 16 00 
   749   0D 00 AE 0B 16 00 
   100   1D 00 71 FF 90 24 
   249   0D 00 AE 10 
   249   0D 00 AE 10 
   249   0D 00 AE 10 
   249   0D 00 AE 0D FF FF 00 00 
   249   0D 00 AE 10 
   249   0D 00 AE 10 
   249   0D 00 AE 10 
   100   1D 00 E9 01 01 25 
   180   14 00 34 08 E0 6D 
   180   14 00 34 08 E8 6E 
   180   14 00 34 08 E0 6F 
   180   14 00 34 08 E8 70 
   180   14 00 34 08 E0 71 
   249   0D 00 AE 10 
   180   14 00 34 08 E8 72 
   100   1D 00 73 FF 04 26 
   742   1D 00 20 FF 04 
   180   14 00 34 08 E0 73 
   180   14 00 34 08 E8 74 
   249   0D 00 AE 10 
   249   0D 00 AE 10 
   249   0D 00 AE 10 
   740   1D 00 48 FF 00 FF 02 
   740   1D 00 47 11 16 9E 64 00 
   600   1D 00 40 9E 64 00 10 
   500   1D 00 40 9E 64 00 10 
   749   0D 00 AE 03 4F 32 
   748   0D 00 AE 03 4F 32 
   749   0D 00 AE 04 01 00 
   748   0D 00 AE 04 01 00 
   749   0D 00 AE 05 00 02 
   748   0D 00 AE 05 00 02 
   100   1D 00 73 FF 04 27 
   742   1D 00 50 FF 04 
   741   1D 00 40 20 CB 
   741   1D 00 41 
   781   11 00 50 0C 0C 45 
   249   0D 00 AE 10 
   781   11 00 50 0C 0C 45 
   249   0D 00 AE 10 
   781   11 00 50 0E 0E 27 
   249   0D 00 AE 10 
   781   11 00 50 11 11 66 
   180   15 00 32 01 31 75 
   249   0D 00 AE 10 
   781   11 00 50 11 11 66 
   249   0D 00 AE 10 
   781   11 00 50 11 11 66 
   249   0D 00 AE 10 
   781   11 00 50 11 11 66 
   249   0D 00 AE 10 
   781   11 00 50 11 11 66 
   249   0D 00 AE 10 
   781   11 00 50 12 11 DB 
   249   0D 00 AE 10 
   100   1D 00 73 FF 08 28 
   742   1D 00 20 FF 08 
   781   11 00 50 12 11 DB 
   249   0D 00 AE 10 
   740   1D 00 48 FF 00 FF 02 
   740   1D 00 47 10 16 9E 64 00 
   600   1D 00 40 9E 64 00 10 
   500   1D 00 40 9E 64 00 10 
   749   0D 00 AE 03 4F 32 
   748   0D 00 AE 03 4F 32 
   749   0D 00 AE 04 01 00 
   748   0D 00 AE 04 01 00 
   749   0D 00 AE 05 00 02 
   748   0D 00 AE 05 00 02 
   100   1D 00 73 FF 08 29 
   742   1D 00 50 FF 08 
   781   11 00 50 12 11 DB 
   249   0D 00 AE 10 
   180   15 00 32 01 30 76 
   781   11 00 50 11 11 66 
   249   0D 00 AE 10 
   781   11 00 50 11 11 66 
   249   0D 00 AE 10 
   781   11 00 50 13 13 3A 
   249   0D 00 AE 10 
   781   11 00 50 12 12 50 
   249   0D 00 AE 10 
   781   11 00 50 0D 0D 36 
   249   0D 00 AE 10 
   781   11 00 50 0C 0B CB 
   249   0D 00 AE 10 
   781   11 00 50 0E 0D AF 
   249   0D 00 AE 10 
   781   11 00 50 12 12 50 
   100   1D 00 71 FF 10 2A 
   200   15 16 01 04 00 
   749   05 16 AE 40 00 00 00 
   200   15 00 01 04 04 
   200   19 00 01 04 04 
   749   05 00 AE 40 01 00 00 
   749   09 00 AE 40 01 00 00 
   249   0D 00 AE 10 
   741   1D 00 42 
   100   1D 00 E9 01 00 2B 
   740   1D 00 48 FF 00 FF 02 
   740   1D 00 47 11 16 9E 64 00 
   600   1D 00 40 9E 64 00 10 
   500   1D 00 40 9E 64 00 10 
   749   0D 00 AE 03 4F 32 
   748   0D 00 AE 03 4F 32 
   749   0D 00 AE 04 01 00 
   748   0D 00 AE 04 01 00 
   749   0D 00 AE 05 00 02 
   748   0D 00 AE 05 00 02 
   100   1D 00 73 FF 08 2C 
   742   1D 00 50 FF 08 
   249   0D 00 AE 10 
   249   0D 00 AE 10 
   249   0D 00 AE 10 
   249   0D 00 AE 10 
   249   0D 00 AE 10 
   740   1D 00 47 11 17 D8 64 00 
   600   1D 00 40 D8 64 00 10 
   500   1D 00 40 D8 64 00 10 
   749   0D 00 AE 03 6C 32 
   748   0D 00 AE 03 6C 32 
   749   0D 00 AE 04 01 00 
   748   0D 00 AE 04 01 00 
   749   0D 00 AE 05 00 02 
   748   0D 00 AE 05 00 02 
   249   0D 00 AE 10 
   249   0D 00 AE 10 
   740   1D 00 47 11 18 64 64 00 
   600   1D 00 40 64 64 00 10 
   500   1D 00 40 64 64 00 10 
   749   0D 00 AE 03 32 32 
   748   0D 00 AE 03 32 32 
   749   0D 00 AE 04 01 00 
   748   0D 00 AE 04 01 00 
   749   0D 00 AE 05 00 02 
   748   0D 00 AE 05 00 02 
   249   0D 00 AE 10 
   740   1D 00 47 11 19 66 64 00 
   600   1D 00 40 66 64 00 10 
   500   1D 00 40 66 64 00 10 
   749   0D 00 AE 03 33 32 
   748   0D 00 AE 03 33 32 
   749   0D 00 AE 04 01 00 
   748   0D 00 AE 04 01 00 
   749   0D 00 AE 05 00 02 
   748   0D 00 AE 05 00 02 
   249   0D 00 AE 10 
   249   0D 00 AE 10 
   740   1D 00 48 FF 00 FF 02 
   740   1D 00 47 11 19 66 64 00 
   600   1D 00 40 66 64 00 10 
   500   1D 00 40 66 64 00 10 
   749   0D 00 AE 03 33 32 
   748   0D 00 AE 03 33 32 
   749   0D 00 AE 04 01 00 
   748   0D 00 AE 04 01 00 
   749   0D 00 AE 05 00 02 
   748   0D 00 AE 05 00 02 
   100   1D 00 73 FF 08 2D 
   742   1D 00 50 FF 08 
   249   0D 00 AE 10 
   249   0D 00 AE 10 
   249   0D 00 AE 10 
   740   1D 00 47 11 1A 68 64 00 
   600   1D 00 40 68 64 00 10 
   500   1D 00 40 68 64 00 10 
   749   0D 00 AE 03 34 32 
   748   0D 00 AE 03 34 32 
   749   0D 00 AE 04 01 00 
   748   0D 00 AE 04 01 00 
   749   0D 00 AE 05 00 02 
   748   0D 00 AE 05 00 02 
   249   0D 00 AE 10 
   249   0D 00 AE 10 
   249   0D 00 AE 10 
   740   1D 00 47 11 1B 6A 64 00 
   600   1D 00 40 6A 64 00 10 
   500   1D 00 40 6A 64 00 10 
   749   0D 00 AE 03 35 32 
   748   0D 00 AE 03 35 32 
   749   0D 00 AE 04 01 00 
   748   0D 00 AE 04 01 00 
   749   0D 00 AE 05 00 02 
   748   0D 00 AE 05 00 02 
   249   0D 00 AE 10 
   249   0D 00 AE 10 
   249   0D 00 AE 10 
   740   1D 00 47 11 1C 6C 64 00 
   600   1D 00 40 6C 64 00 10 
   500   1D 00 40 6C 64 00 10 
   749   0D 00 AE 03 36 32 
   748   0D 00 AE 03 36 32 
   749   0D 00 AE 04 01 00 
   748   0D 00 AE 04 01 00 
   749   0D 00 AE 05 00 02 
   748   0D 00 AE 05 00 02 
   249   0D 00 AE 10 
   740   1D 00 48 FF 00 FF 02 
   740   1D 00 47 11 1C 6C 64 00 
   600   1D 00 40 6C 64 00 10 
   500   1D 00 40 6C 64 00 10 
   749   0D 00 AE 03 36 32 
   748   0D 00 AE 03 36 32 
   749   0D 00 AE 04 01 00 
   748   0D 00 AE 04 01 00 
   749   0D 00 AE 05 00 02 
   748   0D 00 AE 05 00 02 
   100   1D 00 73 FF 08 2E 
   742   1D 00 50 FF 08 
   249   0D 00 AE 10 
   249   0D 00 AE 10 
   740   1D 00 47 11 1D 6E 64 00 
   600   1D 00 40 6E 64 00 10 
   500   1D 00 40 6E 64 00 10 
   749   0D 00 AE 03 37 32 
   748   0D 00 AE 03 37 32 
   749   0D 00 AE 04 01 00 
   748   0D 00 AE 04 01 00 
   749   0D 00 AE 05 00 02 
   748   0D 00 AE 05 00 02 
   249   0D 00 AE 10 
   249   0D 00 AE 10 
   249   0D 00 AE 10 
   740   1D 00 47 11 1E 70 64 00 
   600   1D 00 40 70 64 00 10 
   500   1D 00 40 70 64 00 10 
   749   0D 00 AE 03 38 32 
   748   0D 00 AE 03 38 32 
   749   0D 00 AE 04 01 00 
   748   0D 00 AE 04 01 00 
   749   0D 00 AE 05 00 02 
   748   0D 00 AE 05 00 02 
   249   0D 00 AE 10 
   249   0D 00 AE 10 
   249   0D 00 AE 10 
   740   1D 00 47 11 1F 72 64 00 
   600   1D 00 40 72 64 00 10 
   500   1D 00 40 72 64 00 10 
   749   0D 00 AE 03 39 32 
   748   0D 00 AE 03 39 32 
   749   0D 00 AE 04 01 00 
   748   0D 00 AE 04 01 00 
   749   0D 00 AE 05 00 02 
   748   0D 00 AE 05 00 02 
   249   0D 00 AE 10 
   249   0D 00 AE 10 
   740   1D 00 48 FF 00 FF 02 
   740   1D 00 47 11 1F 72 64 00 
   600   1D 00 40 72 64 00 10 
   500   1D 00 40 72 64 00 10 
   749   0D 00 AE 03 39 32 
   748   0D 00 AE 03 39 32 
   749   0D 00 AE 04 01 00 
   748   0D 00 AE 04 01 00 
   749   0D 00 AE 05 00 02 
   748   0D 00 AE 05 00 02 
   100   1D 00 73 FF 08 2F 
   742   1D 00 50 FF 08 
   740   1D 00 47 11 20 9E 66 00 
   600   1D 00 40 9E 66 00 10 
   500   1D 00 40 9E 66 00 10 
   749   0D 00 AE 03 4F 33 
   748   0D 00 AE 03 4F 33 
   749   0D 00 AE 04 01 00 
   748   0D 00 AE 04 01 00 
   749   0D 00 AE 05 00 02 
   748   0D 00 AE 05 00 02 
   249   0D 00 AE 10 
   249   0D 00 AE 0D 26 25 00 00 
   249   0D 00 AE 31 73 0D 00 00 
   249   0D 00 AE 10 
   249   0D 00 AE 10 
   740   1D 00 47 11 21 D8 66 00 
   600   1D 00 40 D8 66 00 10 
   500   1D 00 40 D8 66 00 10 
   749   0D 00 AE 03 6C 33 
   748   0D 00 AE 03 6C 33 
   749   0D 00 AE 04 01 00 
   748   0D 00 AE 04 01 00 
   749   0D 00 AE 05 00 02 
   748   0D 00 AE 05 00 02 
   249   0D 00 AE 10 
   249   0D 00 AE 10 
   249   0D 00 AE 10 
   740   1D 00 47 11 22 64 66 00 
   600   1D 00 40 64 66 00 10 
   500   1D 00 40 64 66 00 10 
   749   0D 00 AE 03 32 33 
   748   0D 00 AE 03 32 33 
   749   0D 00 AE 04 01 00 
   748   0D 00 AE 04 01 00 
   749   0D 00 AE 05 00 02 
   748   0D 00 AE 05 00 02 
   249   0D 00 AE 10 
   249   0D 00 AE 10 
   249   0D 00 AE 10 
   740   1D 00 47 11 23 66 66 00 
   600   1D 00 40 66 66 00 10 
   500   1D 00 40 66 66 00 10 
   749   0D 00 AE 03 33 33 
   748   0D 00 AE 03 33 33 
   749   0D 00 AE 04 01 00 
   748   0D 00 AE 04 01 00 
   749   0D 00 AE 05 00 02 
   748   0D 00 AE 05 00 02 
   200   15 00 01 08 08 
   749   05 00 AE 40 02 00 00 
   749   09 00 AE 40 02 00 00 
   749   05 00 AE 40 00 00 00 
   749   09 00 AE 40 00 00 00 
   200   19 00 01 08 08 
   200   15 00 01 04 00 
   200   19 00 01 04 00 
   740   1D 00 48 FF 00 FF 01 
   749   0D 00 AE 05 00 01 
   748   0D 00 AE 05 00 01 
   100   1D 00 71 FF 82 30 
   740   1D 00 47 21 23 66 66 00 
   600   1D 00 40 66 66 00 20 
   500   1D 00 40 66 66 00 20 
   749   0D 00 AE 03 33 33 
   748   0D 00 AE 03 33 33 
   749   0D 00 AE 04 02 00 
   748   0D 00 AE 04 02 00 
   749   0D 00 AE 05 00 01 
   748   0D 00 AE 05 00 01 
   200   15 23 01 02 00 
   200   15 23 01 08 08 
   749   05 23 AE 40 02 00 00 
   740   1D 00 48 FF 00 FF 01 
   740   1D 00 47 21 23 66 66 00 
   600   1D 00 40 66 66 00 20 
   500   1D 00 40 66 66 00 20 
   749   0D 00 AE 03 33 33 
   748   0D 00 AE 03 33 33 
   749   0D 00 AE 04 02 00 
   748   0D 00 AE 04 02 00 
   749   0D 00 AE 05 00 01 
   748   0D 00 AE 05 00 01 
   100   1D 00 73 FF 08 31 
   742   1D 00 50 FF 08 
   249   0D 00 AE 10 
   249   0D 00 AE 10 
   249   0D 00 AE 10 
   249   0D 00 AE 10 
   249   0D 00 AE 10 
   249   0D 00 AE 10 
   100   1D 00 E9 01 01 32 
   180   14 00 34 08 E0 77 
   180   14 00 34 08 E8 78 
   180   14 00 34 08 E0 79 
   100   1D 00 73 FF 04 33 
   742   1D 00 20 FF 04 
   249   0D 00 AE 10 
   180   14 00 34 08 E8 7A 
   249   0D 00 AE 10 
   249   0D 00 AE 10 
   249   0D 00 AE 10 
   741   1D 00 40 32 87 
   741   1D 00 41 
   781   11 00 50 0C 0C 45 
   781   11 00 50 0C 0B CB 
   740   1D 00 48 FF 00 FF 01 
   740   1D 00 47 21 23 66 66 00 
   600   1D 00 40 66 66 00 20 
   500   1D 00 40 66 66 00 20 
   749   0D 00 AE 03 33 33 
   748   0D 00 AE 03 33 33 
   749   0D 00 AE 04 02 00 
   748   0D 00 AE 04 02 00 
   749   0D 00 AE 05 00 01 
   748   0D 00 AE 05 00 01 
   100   1D 00 73 FF 04 34 
   742   1D 00 50 FF 04 
   249   0D 00 AE 10 
   781   11 00 50 0C 0B CB 
   249   0D 00 AE 10 
   781   11 00 50 0C 0C 45 
   249   0D 00 AE 10 
   180   15 00 32 01 31 7B 
   781   11 00 50 0C 0C 45 
   249   0D 00 AE 10 
   781   11 00 50 0C 0C 45 
   249   0D 00 AE 10 
   781   11 00 50 0C 0C 45 
   249   0D 00 AE 10 
   781   11 00 50 0C 0C 45 
   249   0D 00 AE 10 
   781   11 00 50 11 10 F0 
   249   0D 00 AE 10 
   781   11 00 50 12 11 DB 
   249   0D 00 AE 10 
   100   1D 00 73 FF 08 35 
   742   1D 00 20 FF 08 
   781   11 00 50 0F 0E 9E 
   249   0D 00 AE 10 
   740   1D 00 48 FF 00 FF 01 
   740   1D 00 47 20 23 66 66 00 
   600   1D 00 40 66 66 00 20 
   500   1D 00 40 66 66 00 20 
   749   0D 00 AE 03 33 33 
   748   0D 00 AE 03 33 33 
   749   0D 00 AE 04 02 00 
   748   0D 00 AE 04 02 00 
   749   0D 00 AE 05 00 01 
   748   0D 00 AE 05 00 01 
   100   1D 00 73 FF 08 36 
   742   1D 00 50 FF 08 
   781   11 00 50 10 0F 8D 
   180   15 00 32 01 30 7C 
   249   0D 00 AE 10 
   781   11 00 50 0F 0F 16 
   249   0D 00 AE 10 
   781   11 00 50 0C 0B CB 
   249   0D 00 AE 10 
   781   11 00 50 0B 0B 52 
   249   0D 00 AE 10 
   781   11 00 50 0C 0B CB 
   249   0D 00 AE 10 
   781   11 00 50 10 0F 8D 
   249   0D 00 AE 10 
   781   11 00 50 10 10 03 
   249   0D 00 AE 10 
   781   11 00 50 10 0F 8D 
   249   0D 00 AE 10 
   781   11 00 50 10 0F 8D 
   200   15 23 01 08 00 
   200   15 00 01 08 08 
   200   19 00 01 08 08 
   100   1D 00 71 FF 02 37 
   749   05 23 AE 40 00 00 00 
   749   05 00 AE 40 02 00 00 
   749   09 00 AE 40 02 00 00 
   249   0D 00 AE 10 
   200   15 00 01 08 00 
   749   05 00 AE 40 00 00 00 
   749   09 00 AE 40 00 00 00 
   200   19 00 01 08 00 
   740   1D 00 48 FF 00 FF 00 
   749   0D 00 AE 05 00 00 
   748   0D 00 AE 05 00 00 
   100   1D 00 71 FF 00 38 
   740   1D 00 47 00 23 66 66 00 
   600   1D 00 40 66 66 00 00 
   500   1D 00 40 66 66 00 00 
   749   0D 00 AE 03 33 33 
   748   0D 00 AE 03 33 33 
   749   0D 00 AE 04 00 00 
   748   0D 00 AE 04 00 00 
   749   0D 00 AE 05 00 00 
   748   0D 00 AE 05 00 00 
   781   11 00 50 0F 0F 16 
   249   0D 00 AE 10 
   740   1D 00 48 FF 00 FF 00 
   740   1D 00 47 00 23 66 66 00 
   600   1D 00 40 66 66 00 00 
   500   1D 00 40 66 66 00 00 
   749   0D 00 AE 03 33 33 
   748   0D 00 AE 03 33 33 
   749   0D 00 AE 04 00 00 
   748   0D 00 AE 04 00 00 
   749   0D 00 AE 05 00 00 
   748   0D 00 AE 05 00 00 
   100   1D 00 73 FF 08 39 
   742   1D 00 50 FF 08 
   781   11 00 50 11 10 F0 
   249   0D 00 AE 10 
   781   11 00 50 13 13 3A 
   249   0D 00 AE 10 
   781   11 00 50 13 12 C5 
   249   0D 00 AE 10 
   781   11 00 50 0E 0E 27 
   249   0D 00 AE 10 
   781   11 00 50 0C 0C 45 
   249   0D 00 AE 10 
   781   11 00 50 0C 0C 45 
   249   0D 00 AE 10 
   781   11 00 50 0F 0E 9E 
   249   0D 00 AE 10 
   781   11 00 50 12 12 50 
   249   0D 00 AE 10 
   781   11 00 50 12 12 50 
   249   0D 00 AE 10 
   781   11 00 50 0C 0B CB 
   740   1D 00 48 FF 00 FF 00 
   740   1D 00 47 00 23 66 66 00 
   600   1D 00 40 66 66 00 00 
   500   1D 00 40 66 66 00 00 
   749   0D 00 AE 03 33 33 
   748   0D 00 AE 03 33 33 
   749   0D 00 AE 04 00 00 
   748   0D 00 AE 04 00 00 
   749   0D 00 AE 05 00 00 
   748   0D 00 AE 05 00 00 
   100   1D 00 73 FF 08 3A 
   742   1D 00 50 FF 08 
   249   0D 00 AE 10 
   781   11 00 50 0C 0B CB 
   249   0D 00 AE 10 
   781   11 00 50 0F 0F 16 
   249   0D 00 AE 10 
   781   11 00 50 12 11 DB 
   249   0D 00 AE 10 
   781   11 00 50 11 11 66 
   249   0D 00 AE 10 
   781   11 00 50 0D 0D 36 
   249   0D 00 AE 10 
   781   11 00 50 0E 0E 27 
   249   0D 00 AE 10 
   781   11 00 50 13 12 C5 
   249   0D 00 AE 10 
   781   11 00 50 13 12 C5 
   249   0D 00 AE 10 
   781   11 00 50 12 12 50 
   249   0D 00 AE 0D FF FF 00 00 
   249   0D 00 AE 10 
   781   11 00 50 12 12 50 
   740   1D 00 48 FF 00 FF 00 
   740   1D 00 47 00 23 66 66 00 
   600   1D 00 40 66 66 00 00 
   500   1D 00 40 66 66 00 00 
   749   0D 00 AE 03 33 33 
   748   0D 00 AE 03 33 33 
   749   0D 00 AE 04 00 00 
   748   0D 00 AE 04 00 00 
   749   0D 00 AE 05 00 00 
   748   0D 00 AE 05 00 00 
   100   1D 00 73 FF 08 3B 
   742   1D 00 50 FF 08 
   249   0D 00 AE 10 
   781   11 00 50 12 11 DB 
   249   0D 00 AE 10 
   781   11 00 50 12 11 DB 
   249   0D 00 AE 10 
   781   11 00 50 11 11 66 
   249   0D 00 AE 10 
   781   11 00 50 11 11 66 
   249   0D 00 AE 10 
   781   11 00 50 11 11 66 
   249   0D 00 AE 10 
   781   11 00 50 11 11 66 
   249   0D 00 AE 10 
   781   11 00 50 11 10 F0 
   249   0D 00 AE 10 
   781   11 00 50 12 11 DB 
   249   0D 00 AE 10 
   781   11 00 50 13 12 C5 
   249   0D 00 AE 10 
   740   1D 00 48 FF 00 FF 00 
   740   1D 00 47 00 23 66 66 00 
   600   1D 00 40 66 66 00 00 
   500   1D 00 40 66 66 00 00 
   749   0D 00 AE 03 33 33 
   748   0D 00 AE 03 33 33 
   749   0D 00 AE 04 00 00 
   748   0D 00 AE 04 00 00 
   749   0D 00 AE 05 00 00 
   748   0D 00 AE 05 00 00 
   100   1D 00 73 FF 08 3C 
   742   1D 00 50 FF 08 
   781   11 00 50 13 12 C5 
   249   0D 00 AE 10 
   781   11 00 50 13 13 3A 
   249   0D 00 AE 10 
   781   11 00 50 13 13 3A 
   249   0D 00 AE 10 
   781   11 00 50 13 13 3A 
   249   0D 00 AE 10 
   781   11 00 50 13 13 3A 
   249   0D 00 AE 10 
   781   11 00 50 14 13 AE 
   249   0D 00 AE 10 
   781   11 00 50 13 13 3A 
   249   0D 00 AE 10 
   781   11 00 50 13 13 3A 
   249   0D 00 AE 10 
   200   15 00 01 08 08 
   200   19 00 01 08 08 
   749   05 00 AE 40 02 00 00 
   749   09 00 AE 40 02 00 00 
   740   1D 00 48 FF 00 FF 01 
   749   0D 00 AE 05 00 01 
   748   0D 00 AE 05 00 01 
   100   1D 00 71 FF 02 3D 
   740   1D 00 47 20 23 66 66 00 
   600   1D 00 40 66 66 00 20 
   500   1D 00 40 66 66 00 20 
   749   0D 00 AE 03 33 33 
   748   0D 00 AE 03 33 33 
   749   0D 00 AE 04 02 00 
   748   0D 00 AE 04 02 00 
   749   0D 00 AE 05 00 01 
   748   0D 00 AE 05 00 01 
   741   1D 00 42 
   100   1D 00 E9 01 00 3E 
   249   0D 00 AE 10 
   249   0D 00 AE 10 
   740   1D 00 48 FF 00 FF 01 
   740   1D 00 47 21 23 66 66 00 
   600   1D 00 40 66 66 00 20 
   500   1D 00 40 66 66 00 20 
   749   0D 00 AE 03 33 33 
   748   0D 00 AE 03 33 33 
   749   0D 00 AE 04 02 00 
   748   0D 00 AE 04 02 00 
   749   0D 00 AE 05 00 01 
   748   0D 00 AE 05 00 01 
   100   1D 00 73 FF 08 3F 
   742   1D 00 50 FF 08 
